1.0	11794.384605817999	-1941.1791175063493
2.0	12523.202876647287	-1893.1211723863616
3.0	12923.566834168776	-2015.82266199609
4.0	12927.062164624798	-2027.2275752133849
5.0	12958.014857406355	-2052.3963021198574
6.0	12973.70994271215	-2064.5439435867556
7.0	12989.639229619783	-2076.767723414345
8.0	13022.103168935753	-2101.082895311624
9.0	13051.838491842153	-2706.6108274697544
10.0	12761.744611298061	-2679.5309162817107
11.0	13292.285001817736	-2276.777961881167
12.0	13166.837605727744	-2220.6417779868734
13.0	13223.057183654846	-2230.486695746736
14.0	12778.252751747772	-1883.1787164562036
15.0	13240.40432627374	-2242.0471175216762
16.0	13396.466306479682	-2346.953638816243
17.0	13344.551147492833	-2311.7643467870002
18.0	13361.838923917428	-2323.288881184944
19.0	13327.070629887234	-2300.039649493703
20.0	13310.314439897797	-2317.326550577231
21.0	13418.706686879968	-2370.607008274974
22.0	13436.297467850522	-2382.557995813027
23.0	13453.794886745964	-2394.553072116513
24.0	13435.067094834298	-2412.816049758237
25.0	13470.091686408114	-2436.3923900673453
26.0	13313.897799105971	-2807.161825499456
27.0	13306.800628348179	-2889.2209095346902
28.0	13629.591354734972	-2513.3582538442793
29.0	13477.08883478728	-2901.83599096444
30.0	13719.111597822624	-2603.9868823548404
31.0	13775.171368818972	-2608.021858085997
32.0	13623.072132615293	-2914.565430426707
33.0	13849.333838095066	-2653.953267355291
34.0	13826.37291474247	-2659.610009793943
35.0	13750.187119078953	-2926.742964615382
36.0	13882.492057569301	-2693.980468126371
37.0	13943.23626782618	-2710.9550766681423
38.0	13928.939684996194	-2722.9414769226964
39.0	13860.620585898569	-2936.3328583720327
40.0	14038.643513869005	-2767.069543225843
41.0	13957.346784430478	-2943.365566686372
42.0	14005.08130636588	-2890.2168785472936
43.0	14096.799180153697	-2800.9033576835377
44.0	14042.094818875497	-2949.306201850717
45.0	14077.418520388232	-2901.511663636528
46.0	14156.530625102825	-2836.8895657465073
47.0	14119.031398285073	-2951.4955518566917
48.0	14192.315872085412	-2952.171908198772
49.0	14227.026215921142	-2971.748556452596
50.0	14305.325089509724	-2915.8408425449193
51.0	14292.233366224493	-2973.503723661434
52.0	14356.515914105707	-2970.9697992245005
53.0	14403.040211039717	-2977.381128790767
54.0	86.04020174686273	-2904.396950005488
55.0	193.976540277493	-2791.2755729104756
56.0	97.76017668511525	-1954.7797877137155
57.0	1026.1451140996721	-1951.179316107653
58.0	2199.640542941584	-1952.5287538124303
59.0	2346.9056897060887	-2046.0129606887388
60.0	2641.7507909260826	-2046.7401226337304
61.0	2936.5418536524508	-2047.2735402763208
62.0	3230.8462870071417	-2047.784850730983
63.0	3525.1047678366253	-2048.274615975397
64.0	3819.3468605771927	-2048.688696421433
65.0	4113.567278592937	-2049.0819147513316
66.0	4407.77699688646	-2049.482206572255
67.0	4701.979001715495	-2049.891489302364
68.0	4996.1741134659715	-2050.3089676862132
69.0	5290.36241400422	-2050.733728599018
70.0	5584.544214789672	-2051.1635731183146
71.0	5878.718598294729	-2051.5817839849783
72.0	6172.738860732731	-2051.8433277096724
73.0	6466.032458421985	-2051.70888319096
74.0	6752.583508731327	-2045.1222092201385
75.0	7032.471140606125	-2045.4043842604424
76.0	7317.951334621848	-2052.1427075965585
77.0	7610.69100279317	-2052.202059065577
78.0	7904.731121061894	-2052.2292851875504
79.0	8198.915434171935	-2052.3010317845165
80.0	13379.055212374491	-2335.150945245856
81.0	13257.773795382944	-2253.515188736626
82.0	14445.400322080854	-2983.7823158740593
83.0	12893.625698447855	-1990.5053846914136
84.0	11896.654457455987	-1995.5848165078014
85.0	13050.620545298303	-2113.3650727334443
86.0	12877.676727956445	-2860.3866298925714
87.0	13413.910127352961	-2358.8668433914345
88.0	13571.464126968773	-2465.7955442977977
89.0	13696.618653452484	-2548.802981943594
90.0	13806.819440591566	-2619.018476397659
91.0	13899.894904446728	-2676.283213493811
92.0	13994.54757734557	-2732.7813219214745
93.0	14071.699287392477	-2777.21511998913
94.0	14130.085356416543	-2811.093934966466
95.0	14200.697579135905	-2856.874277564126
96.0	14260.970110648026	-2901.186249909311
97.0	14339.934608725556	-2945.3550461022182
98.0	14382.008368937357	-2958.1857511363155
99.0	14421.814936134024	-2970.992229752168
100.0	379.23784370673366	-2875.3083120570577
101.0	699.3889611048766	-2893.4062140327046
102.0	1008.4009000697941	-2894.821016475658
103.0	88.08598368435439	-2308.5330832550208
104.0	236.00940259204353	-2043.8604376435133
105.0	1310.1769321662612	-2894.762398216337
106.0	1611.9530784636365	-2894.878297192514
107.0	1913.742578625177	-2894.973444835868
108.0	1759.3926687136345	-2044.6041174553786
109.0	2215.5274260879955	-2895.0155846021967
110.0	2517.31217009462	-2895.0559762377566
111.0	2819.096809202114	-2895.0948499336278
112.0	3120.881347769664	-2895.1324130790576
113.0	3422.665782575635	-2895.168802109452
114.0	3724.450111629696	-2895.204151596876
115.0	4026.23433343115	-2895.23856686494
116.0	4328.018439628431	-2895.2721084387526
117.0	4629.802427015078	-2895.3048338770755
118.0	4931.58628157389	-2895.336763145638
119.0	5233.369986213333	-2895.3679048741756
120.0	5535.153509739469	-2895.3982183637277
121.0	5836.936808237525	-2895.427622706473
122.0	6138.720757429764	-2895.4608858696533
123.0	6440.505261973332	-2895.49485839953
124.0	6742.293908105946	-2895.529883337617
125.0	7044.079989066486	-2895.562184230998
126.0	7345.866070179657	-2895.5924755633787
127.0	7647.6511634261515	-2895.6208808786414
128.0	7949.4375286271825	-2895.649651232579
129.0	8251.225142453257	-2895.6789337792998
130.0	8553.012337022208	-2895.707344179584
131.0	8854.79918800547	-2895.7350260248045
132.0	9156.58574526183	-2895.762053258499
133.0	9458.372065614803	-2895.7883954717454
134.0	9760.157135271938	-2895.8066088344726
135.0	10061.942674997474	-2895.8316329493005
136.0	11571.530109800618	-2895.4451716253584
137.0	10363.730885875393	-2895.866411569604
138.0	10665.516701567913	-2895.8953774628826
139.0	10967.301854779651	-2895.919283068157
140.0	11270.478738588165	-2894.3096694019937
141.0	11144.52582991255	-2054.9774647961253
142.0	11872.65571944	-2895.9789174221355
143.0	12175.323443240757	-2897.777137415939
144.0	12062.346861135064	-1970.7612745129798
145.0	12474.683850429557	-2910.6904610342262
146.0	12908.682168469253	-2003.2608849852884
147.0	12490.975639192031	-1919.3770580352157
148.0	12557.411038893877	-1911.4554707726254
149.0	12881.626647940791	-1989.0245837936538
150.0	12852.111439394988	-1962.5696288512265
151.0	12823.272010100549	-1935.6353483980204
152.0	12742.16277836093	-1880.6452197940037
153.0	12711.63968962529	-1882.078789846394
154.0	12780.627868067028	-1894.8952937523763
155.0	12794.809522117937	-1908.4728103056334
156.0	12676.285903411544	-1884.0649859681444
157.0	12634.305882791365	-1886.4082846356562
158.0	11567.237926554495	-1955.784689467963
159.0	12256.163836799984	-1908.961894418373
160.0	12361.581376240896	-1902.8643537607616
161.0	12954.267153759354	-2040.967619870563
162.0	12835.114439543426	-1937.4541839861697
163.0	13017.836479118962	-2089.5641226880366
164.0	12863.976334600406	-1964.2286395800163
165.0	12567.746682258143	-1955.0597161639082
166.0	12938.911025999862	-2028.4047642331725
167.0	12629.497390368319	-2712.0914825762866
168.0	12942.49537147946	-2039.9960276217223
169.0	13067.531496391815	-2125.4798258469914
170.0	12750.072426966895	-2922.468022678692
171.0	12969.904150550705	-2053.0802702475694
172.0	13084.45171142066	-2137.026833537789
173.0	12985.631083225164	-2065.2923550832134
174.0	13101.334024523998	-2148.7847930257903
175.0	13001.695370114647	-2077.393552156886
176.0	13002.257213276978	-2116.9440699426596
177.0	13118.42089013797	-2160.4375728774444
178.0	13005.808849502204	-2089.0394596320716
179.0	13135.535089856749	-2172.261654638846
180.0	13034.208590512548	-2101.3674113115007
181.0	13027.45375775853	-2124.5900317132896
182.0	12916.522796989884	-2038.582026250786
183.0	13201.86074453305	-2244.568318592818
184.0	13153.038688142495	-2184.1728868221185
185.0	13055.132008812549	-2125.228637516715
186.0	13170.54558885762	-2195.647851450347
187.0	13072.145498641985	-2137.0562861966637
188.0	13188.058297429665	-2207.304122459986
189.0	13089.02554777643	-2148.5983614390248
190.0	13205.561154242634	-2219.016538606534
191.0	13105.991974635084	-2160.3190230828363
192.0	13143.853878386459	-2206.677377077958
193.0	13123.053300017405	-2172.123843305435
194.0	13147.878108652425	-2219.822972800803
195.0	13140.366003977717	-2184.1705961457355
196.0	13275.010765724313	-2265.1071193535067
197.0	13157.933752691242	-2195.854736873936
198.0	13178.458526790579	-2228.4614957826616
199.0	13175.425211628155	-2207.289296840439
200.0	13309.721500666468	-2288.6378048943056
201.0	13192.902526013388	-2218.9999362800086
202.0	13279.543864450861	-2276.7902589964965
203.0	13210.40408686434	-2230.5795687371788
204.0	13254.98214582738	-2280.3087938248755
205.0	13245.1559001778	-2253.571644023623
206.0	12766.23300576	-1878.643793996126
207.0	13227.817407214607	-2242.062663956325
208.0	13113.280818788233	-2779.168545388439
209.0	13296.911529075274	-2288.7222036844046
210.0	13208.897635814777	-2936.492301498263
211.0	13483.935194758975	-2406.475328736233
212.0	13379.500067259292	-2363.7431429137773
213.0	13366.433506960544	-2334.981211565471
214.0	13314.340706326324	-2300.333787316457
215.0	13349.240008868257	-2323.3114221090523
216.0	13345.059928169554	-2340.266910673534
217.0	13331.80921914948	-2311.769546089713
218.0	13391.118396067357	-2371.676895812771
219.0	12994.726857328738	-2927.8979568819573
220.0	13606.865744827659	-2489.5723538991456
221.0	13215.762515254575	-2266.16891779764
222.0	13501.322270192999	-2418.216097158492
223.0	13431.518955691261	-2370.6884226771017
224.0	13518.762765195313	-2430.1023050164167
225.0	13449.011938017851	-2382.7305922523997
226.0	13536.318294237528	-2441.918554443749
227.0	13466.505066969767	-2394.583083144979
228.0	13553.7827085542	-2453.947398484861
229.0	13471.282128830411	-2406.4373114749
230.0	13504.740073759493	-2460.260704375427
231.0	13488.690593321488	-2418.236863366365
232.0	13589.099887199422	-2477.8100189427873
233.0	13506.089587975934	-2430.0306651735796
234.0	13523.610261715135	-2441.8872350301176
235.0	13624.689441005838	-2501.4608485504737
236.0	13539.759925049811	-2484.794384483475
237.0	13541.0971296087	-2453.8717042043604
238.0	13393.789195600848	-2942.760708381999
239.0	13484.641525549074	-2435.1082557382038
240.0	13714.521316699194	-2560.6251705424124
241.0	13660.490514354164	-2525.1641411176042
242.0	13576.333661302435	-2477.8767862566187
243.0	13678.513620832666	-2537.021510216889
244.0	13594.029471512964	-2489.782501706402
245.0	13624.663326291018	-2530.057673397019
246.0	13611.848879416953	-2501.565607887785
247.0	13640.384454272347	-2552.252037526185
248.0	13642.443508002674	-2513.224200814929
249.0	13733.081500553939	-2572.607889457311
250.0	13647.48804130668	-2525.214133008502
251.0	13661.445349155101	-2566.7184223490563
252.0	13751.434116226117	-2584.0309840142086
253.0	13665.579089343082	-2537.1781669493853
254.0	13550.921441977569	-2949.1285115131996
255.0	13675.800299832195	-2564.365814726411
256.0	13484.69956775394	-2825.3625883893287
257.0	13825.326129428928	-2630.696182501404
258.0	13701.531251259788	-2560.8191385547093
259.0	13769.737382895786	-2595.8049290744984
260.0	13733.900668481661	-2601.5094618000317
261.0	13719.792599461472	-2572.868971905299
262.0	13750.880807255342	-2624.6699869115
263.0	13738.426764437047	-2584.5518244805985
264.0	13843.887225892753	-2641.9866412480123
265.0	13756.720753587515	-2596.0545763381756
266.0	13751.714667090144	-2787.394245466712
267.0	13788.316231865407	-2607.656062205651
268.0	13687.85666890058	-2955.5083666010137
269.0	13918.74001686511	-2687.735400100069
270.0	13881.16410717379	-2664.898556914603
271.0	13793.768296762946	-2619.6228490353897
272.0	13843.780461289387	-2681.9727778825254
273.0	13830.791060343865	-2642.584124683562
274.0	13862.467544096786	-2653.5205147479696
275.0	13937.650080497237	-2699.0178759698174
276.0	13867.95301833689	-2665.4465272935904
277.0	13806.39470437348	-2961.3218375864453
278.0	13952.36293477145	-2737.0070995558112
279.0	13975.42062510083	-2721.633766555074
280.0	13886.655247431518	-2676.8209326077867
281.0	13932.552772439565	-2736.9502927340623
282.0	13924.319018438051	-2699.6936367968506
283.0	14013.599454025485	-2744.050602956004
284.0	13956.558816362363	-2710.28545105911
285.0	14032.884369849226	-2754.954256375453
286.0	13962.072395864265	-2722.3286581354128
287.0	13910.173173025474	-2965.112025298006
288.0	13977.305733515734	-2751.887721049759
289.0	14028.981716262811	-2781.384427925299
290.0	13981.066834715215	-2733.6110856168834
291.0	14016.140637828948	-2773.87988189872
292.0	14090.93817724264	-2788.690603300691
293.0	14019.39581243324	-2755.8448672974278
294.0	14052.072179477751	-2766.4388439449267
295.0	14000.877965891588	-2968.3665729262607
296.0	13960.019710909664	-2901.9776143313666
297.0	14058.134055046976	-2778.1683474344427
298.0	14150.431681689683	-2822.526280004129
299.0	14043.625232870601	-2912.5444598267554
300.0	14110.365558362084	-2799.975853116139
301.0	14080.844518701213	-2971.0632315844937
302.0	14086.780162024523	-2816.7977657644865
303.0	14145.772066809519	-2868.40195360378
304.0	14116.357750125906	-2812.1631987728556
305.0	14208.923515293069	-2877.1442266204626
306.0	14173.105089043891	-2837.4884781314704
307.0	14155.59165850502	-2970.5654918298
308.0	14114.074985976988	-2918.705725932687
309.0	14233.478858433977	-2875.8870866969773
310.0	14271.501970520158	-2923.051292623006
311.0	14163.389296338291	-2900.1506362540135
312.0	14200.768413644479	-2921.417006938936
313.0	14234.887840000078	-2902.478878499769
314.0	14260.33804486916	-2955.1016977872623
315.0	14315.165265774762	-2947.8938318382516
316.0	107.93633853063027	-2610.3370124196954
317.0	733.0795324686446	-1950.5859610891193
318.0	431.529755962274	-1946.3998603564278
319.0	1319.627167619678	-1951.2865197940089
320.0	383.89847031264435	-2464.4215643626535
321.0	1172.650161497968	-2044.1500181951435
322.0	1612.901007708213	-1951.6235015946534
323.0	1466.125525051163	-2044.2620012555142
324.0	1906.1748413374946	-1951.9608384205028
325.0	2493.509387207269	-1953.1288342893456
326.0	2353.4644800654605	-2234.625074285716
327.0	2787.766174216924	-1953.5881181840512
328.0	2650.247654567577	-2234.978095090271
329.0	3081.5809799889826	-1953.9944543585655
330.0	2946.7939861295235	-2235.392564792142
331.0	3375.35113762696	-1954.4316310653433
332.0	3669.1199908738126	-1954.8164220296087
333.0	3962.873760422873	-1955.1779139380094
334.0	4256.620938944901	-1955.541842786137
335.0	4550.364008771742	-1955.9104081855621
336.0	4844.103473829281	-1956.2833279428753
337.0	5137.8396505775645	-1956.6600889960412
338.0	5431.572304422876	-1957.0402912823095
339.0	5725.301981418362	-1957.4221359419673
340.0	6019.02721798328	-1957.7907045756035
341.0	6312.602773911709	-1958.0158820932909
342.0	6605.601345727879	-1957.9884624835206
343.0	6892.434354276396	-1951.761410549099
344.0	7178.769507658023	-1958.602839950454
345.0	6893.166925889132	-2607.9460757613983
346.0	7471.195078347467	-1958.8319363118444
347.0	7200.856241524831	-2613.2344851076327
348.0	7764.789705884689	-1958.9943938461022
349.0	7503.049164601303	-2613.3970158801526
350.0	8058.515726671535	-1959.1913648604477
351.0	8645.976286456598	-1959.62180152339
352.0	8352.254549050078	-1959.3983428696974
353.0	8493.09546390165	-2052.399266020829
354.0	8939.68571244355	-1959.9057674358166
355.0	8787.24609723978	-2052.5744881603187
356.0	9233.420166887392	-1960.236580615232
357.0	9081.40944761523	-2052.8570648255313
358.0	9527.19252494706	-1960.511539867869
359.0	9375.635730063392	-2053.130634830954
360.0	9820.99067887279	-1960.7477839820301
361.0	9669.925711993443	-2053.3096357711215
362.0	10114.78786643536	-1960.9634865558685
363.0	9964.240523426397	-2053.429380032492
364.0	10408.749663226083	-1960.9990264953967
365.0	10258.718977724342	-2053.348420119229
366.0	10704.390230760642	-1962.1305454735127
367.0	10555.04081199428	-2054.183276610243
368.0	10997.664116697835	-1962.4650654383884
369.0	10850.674735410686	-2055.317113126606
370.0	11436.340045147075	-2047.9824671515787
371.0	13356.504466412838	-2348.0449149118026
372.0	13383.720456167932	-2346.8863503451844
373.0	13262.389588466782	-2265.0925561100926
374.0	12733.96637775249	-1911.2035892147135
375.0	12896.926906194933	-2001.9756622087814
376.0	12545.402598791414	-1988.975183182735
377.0	11977.722597734037	-1924.8441768921869
378.0	12200.363731007908	-1954.7199316467315
379.0	12328.20146940744	-2818.5553389546917
380.0	12449.795560658278	-1897.3814328215597
381.0	13055.455982480182	-2156.6341249200414
382.0	13038.460589954635	-2112.992811585084
383.0	13106.870289453878	-2874.382657191604
384.0	13286.648279361529	-2303.0533075733642
385.0	13112.418844160275	-2184.0883244479733
386.0	13414.588440901396	-2387.6690976059795
387.0	13401.14643364437	-2358.7650372552557
388.0	13558.657237368869	-2465.8823427626467
389.0	13575.529597416315	-2508.6253051090366
390.0	13683.65209167554	-2549.00280979606
391.0	13687.64183564054	-2572.255790620848
392.0	13811.35879546137	-2661.636002047761
393.0	13812.265951656342	-2631.1109425340383
394.0	13900.311151942858	-2716.8545113120786
395.0	13905.429626054762	-2688.2933952778126
396.0	14000.225301379993	-2776.6299672721107
397.0	14000.188845613875	-2744.840496623665
398.0	14070.599994088077	-2817.2262837667135
399.0	14077.602802545516	-2789.2738587223016
400.0	14130.879878887688	-2840.326155725539
401.0	14136.117555662846	-2823.2202669584544
402.0	14186.513372462738	-2902.5588119145264
403.0	14179.929173242688	-2856.2027257628783
404.0	521.4765136329174	-2780.249669037528
405.0	1009.4467884366544	-2518.7934871434645
406.0	578.0482283202274	-2039.3344085922874
407.0	850.2347779067378	-2799.725414734403
408.0	196.02232221498465	-2474.8660949218356
409.0	570.4040230476567	-2224.8768690943907
410.0	414.21135768894237	-2289.487157054131
411.0	226.33520959128268	-2201.4052738391133
412.0	879.3830564022802	-2043.7816619168836
413.0	851.459546884705	-2611.5002631250804
414.0	1167.8755679825033	-2233.0886824616427
415.0	1159.242850727747	-2801.0444710173656
416.0	1464.2843926923026	-2233.0092357351664
417.0	1461.0064056210492	-2801.064622760087
418.0	2215.1660916007145	-2519.5580414003985
419.0	2056.592341275078	-2233.901089704004
420.0	1762.7834285794252	-2801.238540405484
421.0	2052.85167389166	-2045.1771672465259
422.0	1762.6502734588987	-2613.4786995871223
423.0	2064.5691527032436	-2801.338698841031
424.0	2508.5650412081354	-2329.978920342863
425.0	2366.350120672147	-2801.384101268784
426.0	2806.515170335491	-2329.945115156413
427.0	2668.130880285725	-2801.42623762608
428.0	3243.4416221109277	-2235.903693088183
429.0	2969.911434460229	-2801.4655454932467
430.0	3104.428447569842	-2330.2323212315864
431.0	3540.037693300737	-2236.348637220248
432.0	3271.69178433321	-2801.5023686949353
433.0	3402.879398194857	-2330.624494667394
434.0	3836.626991162769	-2236.675040770608
435.0	3573.4719246927016	-2801.5369782386188
436.0	3701.3330469234993	-2330.8767876236348
437.0	4133.218631839099	-2236.967133460643
438.0	3875.2518520476765	-2801.569614019971
439.0	3999.8052442546104	-2331.0494769964953
440.0	4429.8055691818145	-2237.2587871488176
441.0	4177.03155654587	-2801.6004418877133
442.0	4298.300864486417	-2331.2036420720106
443.0	4726.387980091888	-2237.5515832531214
444.0	4478.811026629259	-2801.6295799257136
445.0	4596.801559443488	-2331.347082712882
446.0	5022.966304153281	-2237.8435458278036
447.0	4780.590245074179	-2801.657105658464
448.0	4895.304642892985	-2331.4780000352234
449.0	5319.538740114674	-2238.132749459595
450.0	5082.369180771893	-2801.6830476814284
451.0	5193.808167375329	-2331.5936879982087
452.0	5492.302991782192	-2331.6926752485565
453.0	5384.1477854369305	-2801.7073739253833
454.0	5616.098576038535	-2238.4169362239845
455.0	5790.775086539001	-2331.774769121521
456.0	5685.925983960583	-2801.729962783546
457.0	5912.637342166506	-2238.6810540588617
458.0	6089.318087240133	-2331.7786985633506
459.0	5987.704608150336	-2801.755501315336
460.0	6209.110986117808	-2238.7320516235363
461.0	6389.09678762214	-2331.3354370674856
462.0	6289.484438385604	-2801.7856080342576
463.0	6506.154346747339	-2238.1397142512906
464.0	6695.123969703712	-2325.3899393767347
465.0	6591.268965561248	-2801.817476528087
466.0	6801.984244381808	-2226.092855053022
467.0	6984.11169957149	-2226.264295951116
468.0	6893.055069153859	-2801.84767338542
469.0	7278.333701798139	-2238.1672075643414
470.0	7194.838607727031	-2801.873136637047
471.0	7574.319773335206	-2238.2691643148733
472.0	7496.6211585861565	-2801.894704310555
473.0	7870.814231723091	-2238.288241272175
474.0	7798.403993533141	-2801.9147510056196
475.0	8167.383398584629	-2238.348013571898
476.0	8100.189349059707	-2801.9356749321432
477.0	8463.948457050372	-2238.431593570753
478.0	8401.975533954193	-2801.9562389050134
479.0	8760.495924069151	-2238.614008682994
480.0	8703.760956005868	-2801.9752021763834
481.0	9057.0030012685	-2238.9606122121327
482.0	9005.545740744948	-2801.9927822811624
483.0	9353.538197519027	-2239.2788412693353
484.0	9307.329994853739	-2802.009022753968
485.0	9650.156407632778	-2239.4355601305692
486.0	9609.112761363307	-2802.0164493558073
487.0	9946.806594168862	-2239.473682912774
488.0	9910.894747245438	-2802.0225578592267
489.0	11916.009581507367	-2123.308691046032
490.0	11119.421036341688	-2800.464752649064
491.0	11137.556007360721	-2240.0803281019266
492.0	10243.321144335363	-2239.279795870639
493.0	10212.679874348354	-2802.0452316202227
494.0	10540.230431671449	-2239.344944696479
495.0	10514.465277418256	-2802.07184715967
496.0	11121.218075482195	-2612.183116085145
497.0	10838.674156214473	-2240.32880495457
498.0	10816.247622821977	-2802.087589684088
499.0	11287.12644591486	-2328.887041094213
500.0	11421.86066786212	-2799.9535122321304
501.0	11289.637697519822	-1962.1209653611875
502.0	11832.181472292856	-2248.0939991345645
503.0	12315.167129281072	-1940.9039602188386
504.0	11440.798616093947	-2229.6456795788035
505.0	11693.405720191347	-2026.760067748699
506.0	11722.249025213416	-2801.5856312781375
507.0	12084.60950569898	-2081.335424784285
508.0	11590.138239924845	-2316.6389089851723
509.0	12024.253735153014	-2803.880468094583
510.0	12034.530211986203	-2628.7748576285944
511.0	12331.611105293521	-2018.0051634413885
512.0	12221.409523065819	-2047.4982291888573
513.0	12129.52992705849	-1916.5475168940764
514.0	12343.23324181651	-2663.504530168911
515.0	12618.125174564482	-2843.2111822391275
516.0	12933.673734144404	-2053.1511018857677
517.0	12911.89646691039	-2014.575291248284
518.0	12898.538264954295	-2023.0017469275438
519.0	12410.908565341027	-1929.2126171013736
520.0	12584.116780062386	-1889.5367406533512
521.0	12873.987499212128	-2013.9617913346876
522.0	12878.549636763339	-1977.3958605353844
523.0	12649.016744624025	-1952.1860618959029
524.0	12849.463606843541	-1950.8720599949484
525.0	12806.607794448042	-1910.3400417655823
526.0	12820.80160238888	-1923.902826975036
527.0	12775.074564067269	-1910.265215865097
528.0	12756.23344661325	-1887.8574762893365
529.0	12823.651463438413	-1969.720956162908
530.0	12728.90390744058	-1891.3233541349493
531.0	12657.547679346108	-1899.1540055127623
532.0	12792.429917130625	-1896.7593394153891
533.0	12784.534725195272	-1919.3116960568375
534.0	12808.99367857058	-1922.0473017899574
535.0	12795.214046860398	-1941.916748482504
536.0	12695.81225008163	-1894.7802565241634
537.0	12860.337696925946	-1991.0519926664535
538.0	12793.992671850856	-1928.3600755527252
539.0	12701.899949627938	-1920.7222172564634
540.0	12837.638457600477	-1949.149784388407
541.0	12612.195348008032	-1904.6787901482019
542.0	12663.626449901634	-1928.6333955325506
543.0	12866.689600409054	-1975.8685340869922
544.0	14165.031033275403	-2874.064499158703
545.0	14135.963711631557	-2904.6125889854466
546.0	12865.090056995243	-2047.493932245512
547.0	12841.648122481323	-1974.2055131732031
548.0	12762.699888601266	-1907.7623208621342
549.0	12688.452373513383	-1939.4863367202324
550.0	12753.691690660853	-1920.4302994465659
551.0	12808.34778260701	-1981.6359240428399
552.0	12777.244630272175	-1953.920550691737
553.0	12722.789859483508	-1927.900985658458
554.0	12757.554896194217	-1943.9853761546492
555.0	12812.685461291794	-1947.3364961427208
556.0	12888.521843768278	-2014.6070303449542
557.0	12698.395652130755	-1970.6262302894568
558.0	12672.709046261594	-1980.950679202965
559.0	12822.289631109013	-1956.3627962343896
560.0	12424.238932404036	-1991.512410862828
561.0	12620.827439285165	-1940.9771773886598
562.0	12944.036127622137	-2061.461553743637
563.0	12200.631692483012	-2567.6207181641694
564.0	12963.892245035007	-2076.652291313292
565.0	12626.391575171292	-2010.4639288343903
566.0	12208.475061100115	-2236.465694674614
567.0	11728.264631599226	-2607.571273380889
568.0	12570.143719989204	-2041.9629717200667
569.0	11430.365911554896	-2608.3284483986586
570.0	11888.947802658999	-2526.858949058899
571.0	11280.781021421446	-2514.4029690046023
572.0	10815.849936466493	-2613.6164238248334
573.0	10968.701207564673	-2519.166480644983
574.0	10978.693714949788	-2332.579620572154
575.0	10514.093821084556	-2613.652299741189
576.0	10664.74755887873	-2519.0046641851472
577.0	10677.579271241595	-2332.303905387713
578.0	10214.556996096904	-2614.2970340494176
579.0	11711.847462614824	-2205.9510748386833
580.0	11586.050959879207	-2509.805749894638
581.0	10365.236551290242	-2519.698666580318
582.0	10378.54144951427	-2332.0920703330426
583.0	9913.57180427383	-2614.2889295997957
584.0	10066.496853774413	-2520.349807119064
585.0	10081.956103788843	-2332.939165187561
586.0	9612.290474436968	-2614.2660847580432
587.0	9766.011905373985	-2520.322615977278
588.0	9783.78744525459	-2332.9180112217596
589.0	9311.015510892097	-2614.18258241764
590.0	9465.235294726821	-2520.2115905376536
591.0	9485.32568804203	-2332.785670665698
592.0	9009.75837412934	-2614.023325075556
593.0	9164.48389468458	-2519.966155716564
594.0	9186.916187996298	-2332.488334440215
595.0	8708.465893714756	-2613.843360289353
596.0	8863.716759098754	-2519.633726932168
597.0	8888.529092926196	-2332.0488353450933
598.0	8407.119669130834	-2613.7188462277336
599.0	8562.861409907737	-2519.338109615274
600.0	8590.07910643469	-2331.6936495959894
601.0	8105.784486648714	-2613.614578674822
602.0	8261.964415218905	-2519.120444844699
603.0	8291.575506611493	-2331.477652207003
604.0	7804.450308519053	-2613.507271228044
605.0	7660.125484427211	-2518.715712670663
606.0	7961.078981202102	-2518.921075197682
607.0	7993.066801745426	-2331.2973027324533
608.0	7358.311709992605	-2518.4561356035624
609.0	7694.501587087924	-2331.1204551800224
610.0	7050.209479599555	-2513.021935077563
611.0	7395.206216065792	-2330.9235415289236
612.0	6584.938006119792	-2613.2777063140143
613.0	7090.7924337996765	-2325.4872516089104
614.0	6736.074805399762	-2513.088515499523
615.0	6282.239747152271	-2613.6053728562206
616.0	6426.929611298543	-2518.7748530074205
617.0	5980.8425665521	-2613.6874544798206
618.0	6124.614024598192	-2519.2126038561
619.0	5679.53559088783	-2613.717651162319
620.0	5823.684373566535	-2519.3472642497304
621.0	5378.215388374168	-2613.7423622415645
622.0	5522.830719603953	-2519.4208950586817
623.0	5076.888679434385	-2613.7552354611253
624.0	5221.957087813062	-2519.475080970053
625.0	4775.562562574151	-2613.7564514298297
626.0	4921.078097736355	-2519.5082966967
627.0	4474.23896919659	-2613.747054505386
628.0	4620.202687082382	-2519.5216542281137
629.0	4172.918311212408	-2613.728196782636
630.0	4319.333136862299	-2519.517337913348
631.0	3871.603415202027	-2613.70013673726
632.0	4018.472651252038	-2519.496844477151
633.0	3570.312313873985	-2613.656820034085
634.0	3717.6420639653297	-2519.4545161096307
635.0	3269.0306143025664	-2613.5686737852525
636.0	3416.8450017262753	-2519.354948995235
637.0	2967.7430929512702	-2613.433674924687
638.0	3116.0518362300622	-2519.166847600815
639.0	2667.0433010895867	-2613.4149571807416
640.0	2815.840888497017	-2519.0516989197295
641.0	2366.1604993422843	-2613.6486041463836
642.0	2516.0349695686186	-2519.309198670018
643.0	2064.397439545826	-2613.6166527616333
644.0	2209.940000684374	-2329.8647898668855
645.0	1760.3358629855466	-2233.3886029913906
646.0	1913.4377103472325	-2519.491557938109
647.0	1910.858702992825	-2329.469246413993
648.0	1460.9249550181485	-2613.169173067868
649.0	1611.7384727402095	-2519.2230066819334
650.0	1612.0030696212646	-2329.1552216103178
651.0	1159.0639701166401	-2613.242093294495
652.0	873.176081327491	-2232.3959101144296
653.0	524.0913583013365	-2588.854370841798
654.0	1309.9166009522535	-2519.0645708012466
655.0	1313.0114417453526	-2328.9724185401606
656.0	719.2283521212848	-2324.742669788768
657.0	703.2285747512627	-2513.7857642276526
658.0	1015.1635455094183	-2328.732228571698
659.0	12502.839717971889	-1971.6268234403062
660.0	12391.35571931635	-2042.2653507447656
661.0	12297.601055566249	-2265.118209974588
662.0	12335.75267006069	-2390.3272799007887
663.0	12293.653604870336	-2078.8413951830485
664.0	12040.369335415713	-2306.848633546227
665.0	12224.550316870043	-2449.0732941085193
666.0	12172.838363680312	-2119.899964707507
667.0	12984.949161023216	-2092.595866676433
668.0	12847.161114203629	-1991.0479824814545
669.0	12870.393511131717	-1999.849622300755
670.0	14107.112091757574	-2829.0857995076935
671.0	14144.095742835741	-2849.9412678229933
672.0	14115.602021273051	-2845.122424468389
673.0	14054.279568211035	-2794.5242623244044
674.0	14072.62922904249	-2854.9789586670663
675.0	14091.100881864573	-2832.792861931926
676.0	14067.28363752013	-2801.915131107376
677.0	14051.703527050204	-2830.016292197646
678.0	14109.314646791949	-2867.6046378769056
679.0	14032.663497306841	-2817.2905207482486
680.0	14038.55589503562	-2797.1096435343443
681.0	13962.202041327808	-2831.141438801718
682.0	13990.069867572674	-2759.384846338479
683.0	13864.772259949868	-2886.4628500128188
684.0	14009.022776648177	-2819.3238892231457
685.0	13951.981505047845	-2778.6927316108995
686.0	13961.950062808535	-2754.588843408348
687.0	13916.997773555966	-2873.854064583787
688.0	13884.099522469978	-2793.7841787479797
689.0	13859.883714419811	-2680.6912436306934
690.0	13916.320406883044	-2715.4411885065583
691.0	13758.21480425819	-2873.028406300958
692.0	13894.99937268752	-2701.664954780115
693.0	13904.832023245775	-2809.1391107309614
694.0	13831.675798699065	-2702.0859518651428
695.0	13868.931613394494	-2697.30280877029
696.0	13790.38749716824	-2637.385782999096
697.0	13766.955648561401	-2623.823518201148
698.0	13818.574063604023	-2857.737270912808
699.0	13838.716059204744	-2667.1608141527436
700.0	13627.881271781012	-2853.6444782708254
701.0	13802.716763290178	-2645.024876970015
702.0	13860.904289260689	-2717.6266254362945
703.0	13768.91734393206	-2663.0122236534357
704.0	13776.719712013126	-2641.220656284508
705.0	13698.796692122049	-2662.044234305308
706.0	13746.079898204645	-2609.117974060026
707.0	13710.022411657046	-2622.4704331612097
708.0	13651.337996502116	-2653.3592004758902
709.0	13710.348792685545	-2587.2903274833952
710.0	13679.435990062093	-2825.115004883663
711.0	13738.122923541188	-2643.9390408924633
712.0	13602.25120451004	-2514.8127736407328
713.0	13590.353581164947	-2506.9851690018954
714.0	13691.188094304016	-2586.4831781866474
715.0	13656.36260950886	-2551.5120741512005
716.0	13570.454834734226	-2577.6866350794903
717.0	13554.650451174168	-2483.4566014294337
718.0	13636.59846105909	-2537.968122215268
719.0	13545.453023446256	-2581.1229968653756
720.0	13519.435644513933	-2459.112089506741
721.0	13610.16373765497	-2531.4074338561604
722.0	13566.439261867343	-2491.489405127375
723.0	13544.954349202097	-2789.130367801264
724.0	13644.658389396247	-2582.7963983802983
725.0	13449.81557285242	-2411.5549415193364
726.0	13195.024520165025	-2734.231397167259
727.0	13531.08113229901	-2467.1444315361873
728.0	13457.02809982367	-2500.2875587496383
729.0	13496.241513741319	-2442.9642100559668
730.0	13396.650517489268	-2478.888223535134
731.0	13332.352710925805	-2382.6460497697753
732.0	13461.48768825196	-2419.4829804341734
733.0	13426.331938560514	-2395.6415839160404
734.0	13321.97219036142	-2324.848863058665
735.0	13079.639990696378	-2161.2271750290333
736.0	13384.61093206507	-2766.2017659999965
737.0	13426.09436607014	-2432.52703395421
738.0	13495.300922007975	-2479.517503192777
739.0	13390.453840469198	-2407.857713519592
740.0	13297.220393115853	-2358.906743515931
741.0	13234.860180952068	-2267.547200785408
742.0	13330.534038006066	-2341.799152320433
743.0	13399.763843797375	-2388.8407912799553
744.0	13364.905782918146	-2365.0714411607805
745.0	13261.739336499793	-2747.394548363998
746.0	13268.816927605758	-2302.46322032068
747.0	13256.363933819734	-2382.614010618898
748.0	13295.431984524197	-2319.9616720440395
749.0	13240.070633517806	-2282.7069832131947
750.0	13101.06353762252	-2176.167622474945
751.0	13213.471315421179	-2252.208907470503
752.0	13068.393946729642	-2153.599438147778
753.0	13182.573812688539	-2242.466847964826
754.0	13066.466421208372	-2237.6753182500306
755.0	13132.114211613103	-2198.9013771488426
756.0	13016.564152635792	-2116.636930280399
757.0	13116.648841635006	-2198.9569167844907
758.0	13087.020030431386	-2177.262206007908
759.0	12636.575900357746	-2485.581288582766
760.0	13046.808046813254	-2139.8397846386506
761.0	12501.08783864246	-2624.519952585604
762.0	12969.465548263493	-2689.9981499980972
763.0	12434.909805576397	-2413.1813818962196
764.0	13103.728023400656	-2217.8000607859744
765.0	12877.976696483776	-2748.569223158431
766.0	13168.287218300291	-2257.9595733660403
767.0	13047.568740195931	-2176.6815983544725
768.0	13031.28975110291	-2139.5734399835856
769.0	12992.007915619719	-2133.7718268550057
770.0	12995.768599960182	-2100.8653719179188
771.0	12971.123316951454	-2093.2288460718387
772.0	12899.669264577766	-2035.6035687127508
773.0	12946.107723089344	-2074.2538695978856
774.0	12919.550021029887	-2052.914289534619
775.0	12905.985584654116	-2070.1746214640716
776.0	12885.37876631725	-2047.9460616254928
777.0	12603.084514703785	-1969.439373285092
778.0	12553.769656517894	-2087.8169572519187
779.0	12474.990006501146	-2011.9309919881046
780.0	11913.435898410311	-2375.3260392979605
781.0	12019.340366349332	-2163.142201701723
782.0	14126.268828380365	-2881.2690549148424
783.0	14082.353064454384	-2873.7541096513505
784.0	14049.412042164564	-2851.7738709305595
785.0	14013.232649623547	-2861.944309386385
786.0	12141.27517218516	-2341.6075865958956
787.0	12422.85072258775	-2118.9379475620954
788.0	12932.046722592022	-2087.899199520798
789.0	12961.373248025915	-2112.151813841057
790.0	12836.36478019291	-2006.9926866632443
791.0	12652.124728440891	-2093.015429431404
792.0	12911.30114084581	-2088.0187431219906
793.0	13017.959112890436	-2157.5796808877917
794.0	12922.040871667647	-2127.3868803936316
795.0	12888.667862353594	-2068.184851092981
796.0	12927.521211323867	-2219.1189989819086
797.0	12940.081175612147	-2109.220589005423
798.0	13078.089347077548	-2195.0148953195835
799.0	12784.502416075264	-2588.695129328993
800.0	12970.339818376524	-2132.5435532546558
801.0	13026.491147033836	-2228.956366299371
802.0	12959.505112221957	-2158.5761744823376
803.0	12998.370430514115	-2155.5489334052
804.0	13134.452962104455	-2235.4647158602274
805.0	13025.590166316533	-2177.893498977288
806.0	13057.161601180807	-2195.351600935613
807.0	13201.566657401903	-2283.489235545132
808.0	12885.292080641317	-2562.856488423649
809.0	13084.84922364907	-2216.8071172442174
810.0	13111.603390518043	-2237.0554748103964
811.0	13232.157558040926	-2305.441539895765
812.0	13135.451381885412	-2299.990517804005
813.0	13144.934145692407	-2255.728228105941
814.0	13285.800094267986	-2338.609903234985
815.0	13179.133765819877	-2281.2638126648058
816.0	13212.751247622517	-2307.602075215471
817.0	13461.280164507798	-2455.4852235690446
818.0	13355.869191572734	-2384.3803661284087
819.0	13291.992695358786	-2405.67459021373
820.0	13321.179908337153	-2360.8219872286427
821.0	13317.903510633734	-2404.628729981785
822.0	13366.952180794435	-2406.0678830830843
823.0	13431.587422010702	-2501.4298525194686
824.0	13402.125125437487	-2430.495789896046
825.0	13530.339087727267	-2504.532446498742
826.0	13437.851717707199	-2454.355390175666
827.0	13441.96593596878	-2771.794440647583
828.0	13566.91715075868	-2529.0401607233853
829.0	13472.197376702714	-2477.450335631255
830.0	13501.715145700777	-2551.925745972772
831.0	13601.174310489238	-2550.13872025672
832.0	13506.341958025856	-2502.2310828807385
833.0	13629.603088002046	-2572.299537541609
834.0	13542.468904335181	-2527.7084010950202
835.0	13591.018738518671	-2804.6888301894087
836.0	13578.7016674664	-2550.106035054816
837.0	13676.19617959865	-2603.423686120397
838.0	13601.548360855862	-2622.139565750089
839.0	13610.987103924317	-2572.887255783539
840.0	13649.822181843847	-2601.363286852287
841.0	13677.987122676966	-2647.9531783821153
842.0	13686.267691814597	-2622.714386223514
843.0	13725.03128673498	-2832.3266123254907
844.0	13718.094564209154	-2643.2535976132363
845.0	13802.549365283578	-2681.060525334557
846.0	13746.395396766182	-2664.884139551039
847.0	13733.263559452951	-2690.2024093332643
848.0	13773.563906709767	-2713.003266028323
849.0	13665.362899742104	-2771.7006648467145
850.0	13779.939344422006	-2682.602935370663
851.0	13824.770296109295	-2818.7063848968774
852.0	13811.615157815015	-2703.0540358486483
853.0	13793.934022784728	-2726.5147709717326
854.0	13888.454734967449	-2736.970913780918
855.0	13839.751727695688	-2721.1282342793147
856.0	13831.856363425975	-2750.4477653736353
857.0	13850.85041948582	-2761.913205264871
858.0	13917.530673876145	-2756.024248255289
859.0	13868.88561648623	-2738.299604365658
860.0	13895.749825987434	-2758.3958039836994
861.0	13992.67172647531	-2797.855926713348
862.0	13927.372278447338	-2780.1849432795893
863.0	13925.53101632621	-2837.749922014292
864.0	13991.883413850524	-2842.2200991283694
865.0	13966.112274847881	-2801.0384158496977
866.0	12868.098018669827	-2084.1642867207684
867.0	12859.935219409179	-2030.3114580713718
868.0	12501.17882384936	-2075.1333372623853
869.0	12334.208439950968	-2179.8956460016725
870.0	12481.922753023648	-2131.3873529544385
871.0	12515.87673166413	-2205.3918324196184
872.0	12403.660943645547	-2195.732011077342
873.0	12466.755714600817	-2254.9716160343855
874.0	12522.287380258014	-2515.9376033343674
875.0	12591.463044297541	-2146.51442054401
876.0	12852.359582512312	-2070.5634855341978
877.0	12818.742559938359	-2042.1048239591285
878.0	12615.794863923438	-2049.0720602505385
879.0	12742.127717069825	-1996.1091675686614
880.0	12840.68601087446	-2027.7468541630933
881.0	12815.548107639197	-2002.065185234925
882.0	12737.206436848855	-1949.9998723727142
883.0	12784.205800303194	-1975.7301929365087
884.0	12667.82680139024	-2010.7663502450202
885.0	12726.259805610658	-1973.9609975399442
886.0	12802.549252527031	-2024.3823911153165
887.0	13266.33903995263	-2288.1444135470497
888.0	13257.746419503188	-2336.600475724706
889.0	12902.64892977607	-2113.288978965839
890.0	12698.923051422333	-2040.0416910994907
891.0	12803.172369503207	-2091.3417089488016
892.0	12770.570968420385	-1993.9926374759882
893.0	12732.497637430417	-2028.851277072301
894.0	12825.261293990146	-2067.738981156093
895.0	12781.714095612035	-2022.2155744627107
896.0	12732.93837657052	-2107.464361477047
897.0	12759.814110398584	-2046.0202182039823
898.0	12493.904412940336	-2331.5786056335023
899.0	12856.920517959117	-2134.82395239879
900.0	13858.769234449583	-2795.972889444412
901.0	13806.099299399071	-2754.866218082547
902.0	13791.094417118627	-2789.065153426249
903.0	13733.51779951767	-2750.683413133387
904.0	13749.410068906596	-2718.7308240933216
905.0	13692.761328842511	-2742.201439955217
906.0	13705.693214140856	-2688.0479473667606
907.0	13622.63814134481	-2757.6431196709896
908.0	13633.244567884942	-2626.0600090491785
909.0	13475.818763474395	-2705.1453850417547
910.0	13592.118673234718	-2593.0573329376516
911.0	13541.166978954105	-2645.411237707449
912.0	13529.251609754929	-2552.210637212336
913.0	13478.45019499957	-2581.1016493643324
914.0	13411.957852846783	-2654.602811756114
915.0	13490.93531057962	-2525.1221462374524
916.0	13464.724997682695	-2525.245789667874
917.0	13423.328252089146	-2477.462796007707
918.0	13101.299336573045	-2632.17851790508
919.0	13360.220630768623	-2521.6051074319
920.0	13351.759763813126	-2429.1927398528846
921.0	13309.07566409627	-2486.651073188383
922.0	13387.20474247467	-2453.749573644929
923.0	13326.227574299352	-2429.4879031102187
924.0	13360.341040525067	-2454.2363540382753
925.0	13341.918171803312	-2486.016799864339
926.0	13164.569522522715	-2303.0580078267885
927.0	13282.48238042956	-2381.7766662890085
928.0	13249.546958003628	-2317.3621572810766
929.0	13248.316042102773	-2442.948251628038
930.0	13198.469934276733	-2336.6693303090456
931.0	13104.667740892399	-2263.7196782572887
932.0	13211.8927706358	-2362.4813739615565
933.0	13017.13142889229	-2539.259821997857
934.0	13048.898646653979	-2223.3312088286943
935.0	13126.662552574693	-2275.9649773819233
936.0	13078.409571334314	-2265.3324652386805
937.0	13010.084182500434	-2263.370728289546
938.0	13012.775527681268	-2202.188659029105
939.0	12977.633586994727	-2173.882054291702
940.0	12984.407630735783	-2200.207961826111
941.0	12876.763529900612	-2111.424292935708
942.0	12932.498237926848	-2156.3507264569475
943.0	12793.6626426879	-2447.61540498049
944.0	12693.817689720838	-2083.6826388697264
945.0	12572.826190269492	-2207.8352800196567
946.0	12587.87402231337	-2340.451783317347
947.0	12913.511204290713	-2181.3855306076653
948.0	12737.765197831053	-2155.4004446830118
949.0	12644.166972286306	-2144.6038041930237
950.0	13647.537604725685	-2687.49669798097
951.0	13579.808678711242	-2648.3349458469797
952.0	13310.6485088518	-2685.754625353971
953.0	13279.49354093048	-2439.4165720208516
954.0	13340.012497774906	-2562.1102199727557
955.0	13062.917891267682	-2295.4128368375627
956.0	12729.293669321143	-2515.082746872145
957.0	12617.674782579212	-2266.2882413182683
958.0	12682.831419147738	-2243.570674486909
959.0	13616.490922251558	-2707.5462038118144
960.0	13681.083252919349	-2708.094388948648
961.0	12949.793243549233	-2299.535983037589
962.0	12954.02312764383	-2595.1212022160325
963.0	13119.116658975954	-2328.8614819087234
964.0	13584.915051021542	-2690.8515786066805
965.0	13458.923451180288	-2655.846969427777
966.0	13518.595926855682	-2694.973197059948
967.0	12765.360211240186	-2080.9923548384927
968.0	12860.698053051068	-2242.498595099305
969.0	13082.034694242846	-2559.7044602152473
970.0	12987.981119295857	-2445.8288613608006
971.0	12690.686754826784	-2183.2070968373105
972.0	12899.859679609626	-2251.5517452240415
973.0	12816.387879512948	-2126.779131217912
974.0	12963.6024989063	-2226.5843967502137
975.0	13097.823537151293	-2401.543071568913
976.0	12975.563431318384	-2262.979455943383
977.0	12876.11272690923	-2440.292481002585
978.0	13024.365173711189	-2296.8370990805884
979.0	13172.721100758956	-2334.3506858006895
980.0	13144.68507042579	-2353.753468681445
981.0	13085.35399791127	-2442.5752292985867
982.0	13213.106745945423	-2605.126188335414
983.0	13411.19285676303	-2530.195052259812
984.0	13131.319085745066	-2476.066053868853
985.0	13293.10536678467	-2563.500977634046
986.0	13301.966343304253	-2455.165790619653
987.0	13453.12384919554	-2562.935298286798
988.0	13388.089274504984	-2514.96331149604
989.0	13371.498161237178	-2698.3085527225053
990.0	13425.032386088838	-2566.7422671089057
991.0	13488.295289754722	-2613.6891007018507
992.0	13544.99788079822	-2725.3900320777116
993.0	13527.761654147253	-2613.4255569633297
994.0	12643.167935049161	-2391.698244828462
995.0	12781.555936897887	-2251.7760429027917
996.0	12908.817529929125	-2381.973532394712
997.0	12720.8038624889	-2353.8108266908675
998.0	13243.048271741232	-2357.734660335542
999.0	13205.754476473065	-2397.7834570484906
1000.0	13172.605144092848	-2651.22224895577
1001.0	13304.851123013917	-2638.2699962035244
1002.0	13399.18293271134	-2606.3866234017983
1003.0	13352.925855263857	-2602.6077352177435
1004.0	13235.714592280829	-2518.3436489033525
1005.0	12783.402542510456	-2164.3658603135677
1006.0	12873.344996733833	-2171.1258941561023
1007.0	13266.97303249534	-2612.124429021067
1008.0	13280.470992071349	-2523.6301384172343
1009.0	13194.482680444235	-2551.2162474345114
1010.0	13234.69674992126	-2410.0436141508058
1011.0	13140.769887948933	-2389.6838927856243
1012.0	13134.716436261459	-2524.838250365035
1013.0	13174.74450630159	-2414.7884965606995
1014.0	12996.7115905611	-2347.724207854589
1015.0	12877.89674096344	-2341.0069772700663
1016.0	12798.78356143122	-2201.0909997439526
1017.0	12830.110096419883	-2331.937049450966
1018.0	12910.17077942291	-2295.5736700865527
1019.0	12778.580801164237	-2380.2265285535163
1020.0	12730.666586321633	-2279.846798348393
1021.0	13083.600811138867	-2330.341714098468
1022.0	12912.533418108527	-2481.9211819888956
1023.0	13066.222871791068	-2367.092879654479
1024.0	12956.660411581195	-2350.814364157753
1025.0	13023.848083077106	-2470.9027875773786
1026.0	13017.886368769796	-2383.0511111675746
1027.0	12823.222508320796	-2277.450592142716
1028.0	12848.193377208429	-2199.806212405609
1029.0	13177.763243337746	-2460.138499914255
1030.0	13222.392505690737	-2476.038097879278
