1.0	11509.99871189784	-6.588332987917261
2.0	11515.698440168746	-3.877971915746457
3.0	11512.212005317953	-18.41162605765965
4.0	11521.576264820013	-38.65896622765359
5.0	11537.042076729673	-9.828501975910816
6.0	11529.724658585992	-57.02371357278721
7.0	11555.463732458062	-13.03943504006505
8.0	11537.794123786078	-75.32118629581585
9.0	11546.488573825141	-66.33842172966736
10.0	11549.898321586203	-102.76739538036499
11.0	11555.02604057444	-105.9700504749777
12.0	11557.087402284853	-90.89795439899171
13.0	11566.037251986367	-139.36234082642474
14.0	11571.164970974603	-142.56499592103603
15.0	11575.199703574646	-151.71373228255206
16.0	11579.234436174687	-160.8624686440678
17.0	11658.245365924575	-27.51968498579663
18.0	11586.210914986577	-185.1060226340002
19.0	11591.338633974812	-188.30867772861282
20.0	11595.373366574853	-197.45741409012615
21.0	11594.392784640268	-176.06692653222612
22.0	11603.44283177494	-215.75488681316276
23.0	11715.591201742614	-35.77501254859817
24.0	11611.512296975021	-234.05235953619425
25.0	11615.547029575066	-243.20109589771263
26.0	11619.581762175105	-252.34983225922596
27.0	11623.588358716603	-261.51796342885586
28.0	11618.866653324609	-230.67525076746824
29.0	11631.68595997523	-279.7960413437734
30.0	11635.72069257527	-288.94477770528914
31.0	11789.923376899415	-46.16703864164447
32.0	11642.697171387159	-313.18833169521594
33.0	11647.824890375397	-316.39098678983174
34.0	11651.859622975438	-325.5397231513475
35.0	11655.894355575476	-334.68845951285834
36.0	11659.929088175517	-343.83719587437434
37.0	11663.963820775563	-352.98593223589006
38.0	11667.998553375603	-362.1346685974034
39.0	11672.033285975645	-371.2834049589169
40.0	11885.799414127228	-58.88549808764461
41.0	11687.079229987614	-413.82443167188694
42.0	11696.241681575892	-426.1758231280141
43.0	11700.276414175934	-435.3245594895325
44.0	11708.319980222957	-453.639081797776
45.0	11712.354712822998	-462.78781815929204
46.0	11719.357090787946	-487.01432256400653
47.0	11724.484809776186	-490.2169776586175
48.0	11728.519542376227	-499.3657140201335
49.0	11732.554274976268	-508.5144503816493
50.0	11736.593854468892	-517.6241904205485
51.0	11979.694879633915	-526.9605881376973
52.0	11743.214273111953	-542.0647291732176
53.0	11505.05730024496	-2.710361072170804
54.0	11522.608368389898	-16.954472707970126
55.0	11517.471518156957	-29.069174924434805
56.0	11525.746594784016	-47.80320760126303
57.0	11533.759391186037	-66.17244993430285
58.0	11545.86358898616	-93.61865901884693
59.0	11562.002519386326	-130.21360446490687
60.0	11582.176182386536	-175.95728627248695
61.0	11606.384577986782	-230.8497044415781
62.0	11638.662438787114	-304.0395953337002
63.0	11683.044497387576	-404.67569531036884
64.0	11739.563908085	-532.7433828198151
65.0	12167.858109045606	-510.6369919177357
66.0	12222.572883778512	-457.44733718982883
67.0	12688.628268302746	-475.78603745302354
68.0	12801.45845176203	-385.22004882683746
69.0	13239.75284212578	-461.448673068799
70.0	13391.249292986702	-368.6538120709568
71.0	14154.179348761492	-462.54241431911305
72.0	14452.24509293009	-469.4372202770614
73.0	14748.423732343637	-465.99679223657085
74.0	14896.829859463527	-371.3930316662358
75.0	15206.380535542628	-372.78644668761086
76.0	15963.437867419387	-468.17464819064725
77.0	16260.8693432526	-476.3296790539941
78.0	16558.533344771593	-471.22973757941395
79.0	16708.438038589175	-375.28043016265946
80.0	25589.77132370192	-506.435680601883
81.0	25903.069520258327	-507.66825223213374
82.0	26057.845421989503	-406.9241365433339
83.0	26594.57459083578	-498.19114647108216
84.0	26992.221691855288	-106.90606829035096
85.0	26996.55849951427	-513.7000216210471
86.0	27436.475137627098	-493.13893163338906
87.0	27892.281790814017	-409.35937839402595
88.0	28611.40706636809	-414.8086227370232
89.0	28830.27484535555	-516.7310250828609
90.0	29314.936328647967	-413.3839709162057
91.0	29748.749014119396	-414.7256195734335
92.0	30218.027656288847	-501.2314282766624
93.0	30631.649471379704	-105.32474895167252
94.0	30682.582410026458	-522.7336658395612
95.0	31171.48588190833	-418.75056554511656
96.0	31633.07655919898	-507.6638502451274
97.0	32086.8733194502	-106.52908368899323
98.0	32104.95738938996	-527.9629465485651
99.0	32580.76259148854	-511.613234367489
100.0	33048.98414681666	-517.4177323647399
101.0	33511.89516302677	-518.6361875893034
102.0	33918.046281887575	-107.62429260784363
103.0	35384.65365790718	-524.2471756095669
104.0	37732.10327694127	-531.524420474846
105.0	44843.743062951624	-565.2790583612607
106.0	44878.70118862537	-107.62068175654122
107.0	41173.35158923275	-111.98055937909278
108.0	39000.87342566561	-110.87629159914893
109.0	44465.68474849547	-113.62022288348574
110.0	28430.204526273472	-104.4341709479583
111.0	20076.22858278313	-105.10416916436952
112.0	26246.10665735393	-100.90282378448076
113.0	26614.112372567197	-92.54118102456898
114.0	27385.22601413337	-85.10208749831509
115.0	27627.823636882695	-85.10208749831509
116.0	28093.960808414846	-205.01492463656825
117.0	34326.59282078272	-91.6014792246521
118.0	34569.19044353204	-91.6014792246521
119.0	28263.401304391376	-309.44909558452656
120.0	34976.557485925	-108.3254772849347
121.0	29083.418752938578	-311.0452761176788
122.0	35362.35107403394	-93.42177214940118
123.0	29533.122110557277	-207.0273976224098
124.0	36145.88982222961	-216.6928603899481
125.0	29994.413346240213	-85.1641600460013
126.0	36430.965195141085	-107.77608170220144
127.0	30237.010968989533	-85.1641600460013
128.0	36811.859854908915	-109.83278001291183
129.0	30972.283412699708	-209.03987060825133
130.0	37197.297741529874	-108.94818149799055
131.0	31442.31111785733	-87.57163604278321
132.0	37602.817059080124	-93.99077372854178
133.0	31684.908740606654	-87.57163604278321
134.0	38249.042511002706	-109.44483945626659
135.0	32492.76227020133	-88.83772285068942
136.0	38630.71271900119	-110.62020017294223
137.0	32735.359892950644	-88.83772285068942
138.0	33133.66519693132	-93.30057219071266
139.0	33526.65996179399	-93.17737875804839
140.0	39359.17087756955	-105.61415805655754
141.0	33973.197734467816	-534.4247500963262
142.0	39719.02695121007	-111.27620826167065
143.0	34451.660524710394	-519.7435853703624
144.0	34693.562188354466	-414.3334217467489
145.0	40086.84592692009	-111.13164045081794
146.0	35738.81258536374	-108.91677868774666
147.0	40454.71285187464	-112.60218122958031
148.0	35831.031420584426	-541.0838308051401
149.0	36088.17949130216	-433.11179861295176
150.0	40816.22679147981	-106.60897822751576
151.0	36589.690829647756	-434.69862426673075
152.0	37256.66770804358	-545.140179587067
153.0	37845.41468182945	-93.99077372854178
154.0	41540.66937898655	-114.23915523475928
155.0	38205.64735746198	-548.3201348597985
156.0	41908.21296114108	-116.15322482523091
157.0	38657.23381680791	-550.8371442337017
158.0	39248.084986632726	-437.60515817900705
159.0	42275.76737098139	-113.48877612687647
160.0	39481.04326667854	-438.00507484152877
161.0	42634.191489868455	-106.95827745245333
162.0	39879.78000757883	-444.19338156440296
163.0	40518.301332321826	-558.1857199192506
164.0	42995.2609964016	-114.96136667701892
165.0	40920.41364776207	-441.71671911575066
166.0	41315.91792681856	-450.017720451608
167.0	43362.27947439711	-112.46327553500062
168.0	41938.95257288127	-565.7617094865842
169.0	43730.39160857271	-114.01737352137327
170.0	42376.42323406903	-564.4389094454576
171.0	42759.33927401988	-447.7301229530697
172.0	44095.15448311237	-107.90542778592014
173.0	43158.48895009828	-453.90594536423083
174.0	43798.19860295338	-568.9924528116375
175.0	44708.28237124477	-221.24090464002697
176.0	44360.81037147427	-569.9369508309776
177.0	11715.322358187905	-477.86558620249116
178.0	11703.218160387782	-450.4193771179468
179.0	11691.113962587653	-422.9731680334
180.0	11768.326646582456	-537.1768619938686
181.0	11787.834498204325	-534.0244348000275
182.0	11679.010156826269	-395.5267860537745
183.0	11784.984688193428	-493.7249965007577
184.0	11674.97503218749	-386.3782225873378
185.0	11889.060112294197	-518.2112784401794
186.0	17525.967599884523	-103.34111458693951
187.0	12086.226696796053	-44.76545740652849
188.0	12016.051982637664	-498.6515955615728
189.0	12270.841385117215	-63.397833209521195
190.0	17892.41098688185	-108.47961032098829
191.0	12499.82447229473	-63.80396600833046
192.0	12369.318711624046	-438.18315902847945
193.0	18257.374146100603	-104.13381871313807
194.0	12743.936051789766	-201.14332055542764
195.0	18619.582576882243	-103.66190048331434
196.0	13180.728118982675	-92.12556090484092
197.0	18981.566498614193	-103.97490371844712
198.0	13532.844339354438	-91.66371295499751
199.0	19344.372263886693	-104.30893452224215
200.0	13880.78462441483	-103.64576970162791
201.0	19710.932011281013	-109.48475475438318
202.0	13706.584159040822	-380.58334772779654
203.0	14220.931243305124	-90.76670359661269
204.0	14541.22906680101	-189.426629908315
205.0	15001.687151051307	-91.89808508099425
206.0	20438.671187945158	-104.6264497254039
207.0	15350.1511406113	-93.56786223518186
208.0	15698.520290440998	-104.55671727739536
209.0	20800.710802121892	-104.97036329870268
210.0	15518.49203555429	-385.85440574406476
211.0	16037.494602262354	-91.48701514751399
212.0	16355.09043953024	-191.72818938682516
213.0	21163.272287412252	-105.3097000560083
214.0	16819.01546821923	-93.00849939489126
215.0	17167.530379602715	-103.7276042231121
216.0	21529.340836794156	-110.55892597714167
217.0	17017.953500932403	-386.51256414975455
218.0	17340.183993219664	-397.2545062018556
219.0	21895.189514834634	-105.95027688856499
220.0	17680.34296112076	-402.4158391597845
221.0	18011.996623980765	-490.89781940485983
222.0	18335.309372691412	-487.3706815171151
223.0	22257.751291510907	-105.6064943566477
224.0	18655.867392964938	-487.7174170073968
225.0	18976.20090418878	-488.84907396263515
226.0	22619.867980510415	-105.92131381946092
227.0	19149.49018546374	-400.9255867928096
228.0	19494.134058752526	-406.8447646887985
229.0	22982.12331719726	-106.38031439610252
230.0	19896.014548618772	-214.5889239187527
231.0	20146.8589690746	-493.2529542889794
232.0	20467.651163728515	-493.5938885701192
233.0	23347.944594434946	-111.68073017772501
234.0	20788.040367397145	-494.75645586352357
235.0	20964.39992172743	-405.37777306714776
236.0	23714.326598212272	-106.64993105917772
237.0	21308.308317021652	-411.3756626056395
238.0	21634.316793294394	-502.80097970227894
239.0	24076.865089819516	-107.30025635218044
240.0	21958.51506082676	-499.01098433380776
241.0	22279.42642699493	-499.4858555219959
242.0	22599.892705486327	-500.6193287049146
243.0	24438.93711417561	-106.81253381465892
244.0	22779.27353913138	-409.8552990883166
245.0	23122.62851367788	-416.0240423066335
246.0	24801.260728068955	-107.49733644151031
247.0	23445.615710635848	-508.83470622349506
248.0	23770.347303905062	-504.62256082505337
249.0	24091.235385004198	-506.0915398381615
250.0	25168.665376075212	-112.61716303747623
251.0	24254.671494027283	-413.71309533985624
252.0	24594.34549289869	-414.31950228923887
253.0	25541.055458308463	-103.55112851537463
254.0	25058.084439735565	-513.8644076837737
255.0	25360.128277078587	-216.16829155285086
256.0	25896.00406537297	-103.96504642551979
257.0	11529.087717483715	-4.640137584045685
258.0	11509.530078720529	-12.33037066528801
259.0	11521.992304570733	-8.518109499792141
260.0	11530.738751473888	-22.876317828571093
261.0	11561.896583664804	-38.00778842807146
262.0	11546.331259724255	-5.188364391865131
263.0	11533.265388343943	-36.69889470971975
264.0	11526.760652606315	-41.789851712258404
265.0	11598.236672130995	-9.440829707108302
266.0	11568.07906880154	-7.851070648199918
267.0	11541.828856386119	-84.46992265733371
268.0	11534.85237757423	-60.226368667401196
269.0	11590.58979587957	-44.68028093750278
270.0	11636.08637161142	-12.063711840897062
271.0	11542.921842774313	-78.52384139043026
272.0	11580.887409186891	-17.29190035530822
273.0	11549.178395558503	-72.43757930401141
274.0	11557.967786786285	-121.06486810339607
275.0	11546.956575374357	-87.672577751946
276.0	11610.572416442681	-41.45218715082107
277.0	11553.933054186244	-111.91613174187798
278.0	11589.112384125294	-111.97685390978829
279.0	11559.060773174482	-115.11878683649343
280.0	11614.74849209918	-21.504541548005363
281.0	11562.280225492737	-102.75315071551692
282.0	11654.224014913105	-52.09393108805913
283.0	11563.095505774523	-124.26752319800698
284.0	11585.630403015755	-144.54664547249558
285.0	11570.071984586408	-148.51107718793799
286.0	11574.10671718645	-157.6598135494561
287.0	11578.141449786492	-166.8085499109691
288.0	11598.315112786702	-212.55223171854698
289.0	11685.887462054663	-15.455973144899568
290.0	11578.24805410945	-139.00266024754578
291.0	11583.26916877473	-170.01120500558352
292.0	11711.072704444747	-67.51444008126661
293.0	11590.245647586618	-194.25475899551589
294.0	11605.358639683565	-200.7133631714314
295.0	11594.28038018666	-203.4034953570289
296.0	11599.408099174898	-206.60615045164192
297.0	11602.349845386743	-221.7009680800651
298.0	11751.087121020102	-20.3190394036986
299.0	11626.558240986991	-276.59338624915597
300.0	11602.668817950203	-194.61420559708736
301.0	11633.07905363327	-251.8278369316637
302.0	11610.419310586825	-239.9984408030962
303.0	11614.454043186866	-249.14717716461186
304.0	11618.488775786907	-258.2959135261249
305.0	11785.024727781454	-87.41419198567019
306.0	11622.495372328405	-267.4640446957569
307.0	11627.623091316644	-270.66669979037164
308.0	11646.2194738114	-281.97422113300854
309.0	11630.592973587036	-285.742122610674
310.0	11653.991528957784	-300.16561564705626
311.0	11634.627706187073	-294.890858972187
312.0	11835.499137920144	-25.847999237945867
313.0	11633.634486501163	-265.29134977254097
314.0	11639.75542517531	-298.0935140668
315.0	11646.731903987202	-322.3370680567338
316.0	11650.766636587241	-331.4858044182467
317.0	11654.801369187282	-340.6345407797599
318.0	11665.53156860345	-337.72676292027853
319.0	11658.836101787325	-349.783277141278
320.0	11662.870834387366	-358.93201350279105
321.0	11941.24309112493	-392.3972505860317
322.0	11666.905566987407	-368.08074986430665
323.0	11679.326296596417	-368.5078407037727
324.0	11867.228401180806	-535.385800615892
325.0	11670.940299587448	-377.2294862258199
326.0	11944.572803783389	-33.03749884969875
327.0	12108.150199095036	-481.9366329755397
328.0	11673.917640095295	-356.25032689340634
329.0	11695.148695187696	-432.12190439491565
330.0	11711.040431772053	-427.45482604898524
331.0	11699.18342778774	-441.27064075643375
332.0	11707.22699383476	-459.5851630646769
333.0	11724.666683937176	-459.9559788151334
334.0	11711.287625587865	-468.7168498409781
335.0	11716.415344576099	-471.91950493559096
336.0	11723.391823387989	-496.16305892551986
337.0	11737.332758558105	-499.03310786380706
338.0	11727.42655598803	-505.31179528703797
339.0	11760.990940951619	-543.3197656711967
340.0	11740.022580291465	-505.1322654381511
341.0	11731.46128858807	-514.460531648551
342.0	11745.055798498579	-516.929164619995
343.0	11735.500868080699	-523.5702716874525
344.0	11695.427359550757	-405.0082118008116
345.0	11748.392517543803	-545.1299247283729
346.0	11751.543273311816	-534.5689706963143
347.0	11740.66174136578	-526.7583052302974
348.0	11517.19078167728	-21.105951588466883
349.0	11522.520308579298	-32.2045553969455
350.0	11538.077046900677	-19.628319012258242
351.0	11530.874313772249	-51.005862695876694
352.0	11550.974444467813	-32.51579983684011
353.0	11547.976296535577	-57.010747174118784
354.0	11538.887110174275	-69.3751050289145
355.0	11574.508838480053	-76.9729956606534
356.0	11550.991307974398	-96.82131411346195
357.0	11570.23016633243	-120.85706809003993
358.0	11567.130238374562	-133.4162595595203
359.0	11591.702962906907	-169.96776895788207
360.0	11587.303901374771	-179.15994136709932
361.0	11613.363838719059	-218.99106024862462
362.0	11607.47756437498	-224.90362317467847
363.0	11643.790157775353	-307.2422504283136
364.0	11690.0855531516	-392.89277739385335
365.0	11680.103143214465	-389.5807047868722
366.0	11688.172216375815	-407.878350404985
367.0	11744.340413796994	-536.1040264878808
368.0	11747.778774528784	-523.0137006425721
369.0	11961.603306439998	-437.3308728068902
370.0	12160.20169777845	-200.173659834402
371.0	12298.973892228934	-496.7074325104697
372.0	12564.61821371694	-416.46996726566726
373.0	12330.409434580311	-318.08991023984225
374.0	13079.366008550804	-369.76960541605376
375.0	12845.800037825247	-93.1854705583731
376.0	12943.660095077292	-461.72077278262265
377.0	13039.028351271021	-185.31103146321402
378.0	13708.722298431554	-195.30948265662542
379.0	13372.562227123382	-183.78927385983843
380.0	13549.393265827026	-461.80211623728695
381.0	14348.879107701285	-187.6095594310682
382.0	13855.683140379304	-474.60282670402285
383.0	14305.090557802441	-373.7020782223447
384.0	14597.91412302277	-375.92847555964426
385.0	14655.878825154165	-92.58377407385949
386.0	14860.970008495819	-184.48185915485374
387.0	15052.581647732666	-466.1297569638111
388.0	15524.282595094688	-198.12457951257724
389.0	15191.345889828975	-185.4659473161761
390.0	15359.395226784554	-468.6181878381042
391.0	16161.889386660454	-190.31040743826938
392.0	15666.113966106144	-480.4256966004232
393.0	16114.448416611942	-378.85888738986233
394.0	16408.12307560234	-380.68599619847083
395.0	16473.293277881457	-92.90479709606977
396.0	16676.230607771136	-185.91329649096102
397.0	16862.605124601258	-472.15209359834097
398.0	25259.031651976777	-514.6830614038792
399.0	26064.725297173853	-204.86787021000055
400.0	25723.570532252368	-207.51617494089442
401.0	25737.515862322067	-409.163114414175
402.0	26418.937170244095	-193.44400480904974
403.0	26225.682711124406	-505.50749261124747
404.0	26801.155770621463	-199.44724931491996
405.0	26405.393099198922	-395.9924073024831
406.0	27208.37297806366	-192.00815578866604
407.0	26795.162059935217	-402.5488122679997
408.0	27668.74224203119	-289.4465412557728
409.0	27218.703496408893	-395.70054616628227
410.0	29059.006912098568	-104.68870282388282
411.0	28816.409289349245	-104.68870282388282
412.0	30424.517805328414	-190.4889089976738
413.0	29967.44262705301	-292.86238199702495
414.0	30795.8938149146	-314.3646195599238
415.0	30432.50521181493	-398.85795527731125
416.0	31398.91596431663	-297.2823309796484
417.0	31872.05368852009	-194.10071973177642
418.0	32316.010783990783	-195.36680653968264
419.0	31863.616660653115	-404.4822389972555
420.0	32877.60741597327	-182.13829504140207
421.0	32342.531881797524	-406.4191501337755
422.0	32817.787828079076	-393.8614629641088
423.0	33305.01105069262	-186.47795094876105
424.0	33725.4957015249	-200.80167136589202
425.0	33280.14958847216	-398.8719432000816
426.0	34161.532126389655	-199.22577183249572
427.0	33735.59236497816	-413.86648794582635
428.0	35157.784510406105	-416.8245390001118
429.0	35591.10130139459	-418.0866647315376
430.0	37489.10396330724	-421.3703664353775
431.0	38008.48944118771	-203.43561318480837
432.0	41064.258698278056	-558.9057467259908
433.0	39182.38724921879	-216.49044965570647
434.0	38425.672530301985	-439.8380994952816
435.0	44218.715848508255	-449.3486024788449
436.0	44673.32424557102	-449.7346807780798
437.0	28374.153830932326	-515.1348445497086
438.0	28621.9533512018	-209.1228737718411
439.0	19823.212808080596	-496.81488615888765
440.0	20259.857291158933	-209.7306188897734
441.0	34928.94381845079	-537.8092320878727
442.0	35164.11228130635	-201.74724943433588
443.0	36350.50265895989	-541.2847824768224
444.0	37014.8791471663	-218.78096151090236
445.0	36612.44303490149	-217.60886171511325
446.0	36801.31357007517	-544.6831294447605
447.0	37441.93991721352	-202.93895522653233
448.0	37027.08506758628	-436.54154839113363
449.0	37969.31280158049	-422.5378487222674
450.0	38817.8255247744	-221.49649177209116
451.0	38429.89104423549	-220.06503962920883
452.0	38848.565136514626	-441.9403759667778
453.0	39097.31077481978	-552.4348843171362
454.0	39536.644340639265	-216.8903663182282
455.0	39642.78292896236	-554.1764496368855
456.0	34206.58691551664	-412.96141274104394
457.0	34734.84808492843	-199.9269565095868
458.0	40286.52759979314	-446.19017886092644
459.0	39900.422955865826	-222.40784871248857
460.0	40080.518156019825	-555.3735304832605
461.0	35981.41020811306	-108.91677868774666
462.0	35562.47094662111	-202.33855083714784
463.0	40637.69685284215	-219.21115945709607
464.0	40272.21242240641	-223.73382168039825
465.0	40686.97015590261	-442.33834096623815
466.0	40992.43915607628	-218.58953760660856
467.0	41721.84099027663	-454.8612102263599
468.0	41352.98530945904	-226.21971461385206
469.0	41501.49273937931	-562.505991238885
470.0	42095.15180511424	-229.6420009521074
471.0	41723.95024724339	-230.3923800599902
472.0	42128.0006738212	-454.781655447091
473.0	42457.23389971764	-220.4470535793298
474.0	42525.040894098325	-446.2575324029273
475.0	42812.83109101387	-221.91964412947223
476.0	42923.23548808736	-567.2531486528277
477.0	43564.68125381914	-453.63277653719905
478.0	43177.02264141854	-227.42464221201953
479.0	43360.17021743033	-566.0967061680371
480.0	43917.235394056945	-221.9228013072934
481.0	43548.25681946567	-226.4806490563739
482.0	43968.61795408415	-449.74575311673243
483.0	44288.63209985572	-221.52565066940588
484.0	11720.45007717614	-481.0682412971041
485.0	11829.729452658787	-538.081534805639
486.0	11812.493365973132	-478.2845933281157
487.0	11704.311146775979	-444.47329585104825
488.0	11754.250466191947	-540.5452902829683
489.0	11844.359440698712	-458.2584969310895
490.0	11692.20694897585	-417.02708676650064
491.0	11763.926699273792	-527.2971383498492
492.0	11778.07550941415	-541.8250781836252
493.0	11723.750366155038	-468.57819239393575
494.0	11800.677868147308	-540.2495475067946
495.0	11711.552236663076	-440.1626246521725
496.0	11769.012040828806	-518.0796498724934
497.0	11901.930126325688	-461.9530203566319
498.0	11684.137875814507	-398.72944114838793
499.0	11704.329930726492	-413.6474647078285
500.0	11813.469331206317	-530.1748902431426
501.0	11676.068018575686	-380.43214132043266
502.0	11944.360033679071	-509.5531708942326
503.0	11846.387774897892	-525.17412709435
504.0	11687.395731418239	-386.79361981950933
505.0	11842.012678511035	-502.33989996083255
506.0	11916.126190055538	-531.2968182206845
507.0	11682.016118329775	-374.6069982781167
508.0	11882.567327655432	-488.19700477526203
509.0	17486.25643525034	-484.12201623060014
510.0	17710.611146064883	-211.8207249079278
511.0	12010.332792499363	-77.80295625622723
512.0	12093.813205084836	-419.51814584516734
513.0	12005.663688534834	-448.35140442990087
514.0	12062.160408054058	-520.6981113599572
515.0	12374.684524689173	-127.20179921785166
516.0	12173.029905797035	-108.16329061604968
517.0	12187.773351337702	-366.17277484213747
518.0	18078.12125815698	-212.61342903412637
519.0	17811.049411739554	-490.0791656847544
520.0	12598.46354634033	-171.761816005385
521.0	12469.338726263091	-492.0031992667712
522.0	12531.975891726788	-296.5224740894385
523.0	12397.787127229201	-251.96245730190518
524.0	18127.501474079414	-404.0271970060885
525.0	18441.396414033396	-207.7957191964524
526.0	18469.951424701772	-399.6188140284673
527.0	18801.692332423005	-207.63680420176146
528.0	18809.422137837326	-399.869225893829
529.0	19162.585585303474	-208.28383824068928
530.0	19528.054663846317	-213.79368927662532
531.0	19297.35625895317	-490.00175848653566
532.0	14009.94942361347	-380.09566522946443
533.0	14032.912768258257	-194.4124732982406
534.0	19622.265595839384	-495.9962324387821
535.0	19941.742344391536	-408.45865305103126
536.0	20284.75988167764	-404.0096748821047
537.0	20620.443076373722	-209.59681302410658
538.0	15821.1138578273	-384.18288551644963
539.0	15847.729622621757	-196.04373242490934
540.0	20624.52046163837	-404.2851958764906
541.0	20981.14774171683	-210.28006335471096
542.0	21345.88134226511	-215.86862603314998
543.0	21108.95144217939	-495.9144463409346
544.0	17349.62697290973	-207.0687188100516
545.0	17006.571275368413	-196.73610361800334
546.0	17169.469625476635	-483.6898521466672
547.0	21713.90213556351	-216.50920286570667
548.0	21433.369581053186	-501.98232598217345
549.0	21755.977511186604	-412.83489315830167
550.0	22078.41615615628	-211.55677124521267
551.0	22099.666326525316	-408.29178839786044
552.0	22439.19818770808	-211.5278081761086
553.0	22799.67377927045	-212.30162821556345
554.0	22439.62315282306	-408.6721521888091
555.0	23163.853959071002	-218.06104457382753
556.0	22920.49763166507	-501.89698300166174
557.0	23532.160805962034	-218.33066123690273
558.0	23244.668498394636	-508.01605250338963
559.0	23570.583761435457	-417.1123126898142
560.0	23897.18486722262	-213.95018741135814
561.0	23914.78261744199	-413.1411657243223
562.0	24257.89894906197	-214.11279016683935
563.0	24618.398153187434	-214.30987025616923
564.0	24411.65699885218	-506.42247102074543
565.0	24984.22998096306	-220.11449947898655
566.0	24732.330202237416	-507.92592736770234
567.0	24939.35211542026	-420.5334583721089
568.0	25394.89881240234	-417.4059041660787
569.0	11731.508499846603	-486.7596597158602
570.0	11753.883800762827	-527.4637224405233
571.0	12225.265082744389	-285.339621374141
572.0	12000.256060902388	-145.72526706148832
573.0	11671.227818361935	-350.15116931906476
574.0	11809.516582683913	-512.372709470105
575.0	11856.360520155185	-482.5372998174571
576.0	11703.547417406468	-422.7698371937877
577.0	11662.841746870088	-331.62760534593446
578.0	11821.40160774953	-497.44512689908396
579.0	11783.170976927644	-520.1587301329151
580.0	11715.708927860012	-451.2691021007583
581.0	11792.061598348222	-508.58166206664464
582.0	11759.931663481271	-508.62643668965273
583.0	11728.818678113239	-480.66050214151863
584.0	12118.721582594599	-356.94394243967207
585.0	12063.321757180493	-204.69813743014188
586.0	11701.641995718803	-336.4393965514949
587.0	12037.435119941028	-407.979433097913
588.0	11936.656754587986	-470.22364669509744
589.0	11879.281469545247	-110.95097313312242
590.0	11747.39153793295	-510.3833209044994
591.0	11760.896428432248	-498.49748115380254
592.0	11739.228729640285	-492.3731348264361
593.0	11731.02598070394	-474.11653450525046
594.0	11732.824271125073	-453.4503930361461
595.0	11705.92685791903	-378.5989988561366
596.0	11718.398749593374	-457.3682596751023
597.0	11717.848197911937	-443.73872622205334
598.0	11696.24731789961	-395.96889295166085
599.0	11698.117181284113	-411.10736937515566
600.0	12061.67788955926	-312.38217362210224
601.0	11660.15192513673	-325.52844777159527
602.0	11886.945307448374	-430.4911992094688
603.0	11654.821078492541	-312.947596803487
604.0	11688.215720145354	-377.7659945776589
605.0	11646.743416362156	-294.61334557932906
606.0	11680.117664327872	-359.4208439051654
607.0	11638.979558146071	-276.45872956640716
608.0	11671.702579801631	-340.8380812703569
609.0	11630.944664767803	-259.1921921981969
610.0	11662.020394265637	-318.8824026906368
611.0	11927.978127604438	-153.02528470043762
612.0	11626.815733970267	-248.20752689542374
613.0	11663.892642612234	-297.6383366337177
614.0	11652.131256759176	-306.8484392291405
615.0	11656.644654509322	-267.2186278884013
616.0	11644.053594628795	-288.5141880049899
617.0	11718.094422504591	-164.01484932127642
618.0	11610.6740169857	-212.89190267428057
619.0	11639.86323434235	-267.8807244539591
620.0	11597.08260637363	-182.16608410656772
621.0	11626.35254959826	-235.5286054577397
622.0	11824.082544220202	-119.16062762744939
623.0	11627.941070184266	-215.90665266306073
624.0	11619.62520868045	-221.56003274679824
625.0	11586.364860602504	-157.41079381494396
626.0	11611.49683850613	-203.79646029945434
627.0	11595.629656028845	-141.88830775522607
628.0	11603.285071360782	-185.268956880432
629.0	11741.669974604274	-93.30562028039276
630.0	11603.852529315074	-160.66622061237044
631.0	11575.55823237609	-132.90350267320173
632.0	11593.705668346489	-163.3134390341438
633.0	11569.66681052913	-108.33835566162209
634.0	11583.675038869143	-151.3116362405999
635.0	11677.347613745324	-71.76964677983051
636.0	11667.424038565501	-92.30271206370283
637.0	11577.56517394576	-126.29039247062126
638.0	11554.397580551493	-84.79879682464768
639.0	11567.540344599069	-114.75791051569831
640.0	11627.888944943452	-56.58560354597527
641.0	11579.67853425307	-105.73497072186728
642.0	11563.248600814957	-93.62713590643398
643.0	11567.806055128336	-58.379726618404675
644.0	11555.526414347447	-75.50987964361654
645.0	11538.834666337601	-47.93042202211169
646.0	11577.416608591962	-32.58370598288699
647.0	11558.93054161528	-51.159544881025795
648.0	11583.945284465468	-57.32454512006613
649.0	11530.36995518361	-30.16317718157855
650.0	11541.467819272902	-54.10134920646427
651.0	11588.118704557555	-69.65575421602261
652.0	11564.544739704254	-70.35280803827239
653.0	11572.996622520024	-87.9088275606094
654.0	11621.932958634834	-74.86358378330624
655.0	11638.344453424666	-90.90497660926242
656.0	11601.391436801583	-77.912352404579
657.0	11582.039970921744	-94.43145742993754
658.0	11587.78057888137	-123.06314201729886
659.0	11596.824919125798	-91.7522237185379
660.0	11601.327034956377	-103.3920179725513
661.0	11612.017311172349	-179.70524213379394
662.0	11611.860728883685	-108.51286391432465
663.0	11597.117801191467	-130.06749328977943
664.0	11620.068488751322	-198.20801492744067
665.0	11653.298245635795	-126.88366602932122
666.0	11605.166063717503	-149.0556588887266
667.0	11731.70984514239	-119.40826130549249
668.0	11608.983300362699	-124.10205112404219
669.0	11613.271885420423	-167.85599336381225
670.0	11643.575892545885	-251.315475434921
671.0	11676.408569008448	-113.04430811370548
672.0	11621.317618873647	-186.5116242656101
673.0	11647.670251521602	-261.2692053828723
674.0	11641.38719858655	-200.30094658044496
675.0	11628.906439601387	-204.69965600569898
676.0	11632.505804746557	-181.46070701895223
677.0	11814.572387332786	-156.58831075544003
678.0	11671.928995645538	-316.3579242482786
679.0	11638.010475182367	-221.58873373656147
680.0	11680.269586874825	-335.2649766875741
681.0	11656.077552995397	-279.34563852608943
682.0	11688.68811391093	-353.84643618005794
683.0	11716.343003112333	-282.2378635814409
684.0	11665.157698333926	-286.4079051719018
685.0	11745.420452387343	-145.73286327360015
686.0	11668.288854436008	-261.57923470478516
687.0	11909.088753690938	-202.48177285527345
688.0	11696.802049669122	-372.17015917130874
689.0	11742.22281705046	-249.46850861040002
690.0	11673.28588266021	-304.84626056061825
691.0	11681.317355323188	-323.5300223207984
692.0	11689.71018588487	-342.0532357983466
693.0	11712.755465904183	-407.9326091098022
694.0	11697.827986569922	-360.3871763594895
695.0	11949.093051415062	-250.08551566974347
696.0	11850.881938744331	-197.8351444159489
697.0	11855.581429321648	-432.4563807417314
698.0	11845.140210696378	-377.47166599231423
699.0	11728.695606833195	-443.3322980174101
700.0	11704.84759604869	-390.32035571238765
701.0	11754.222382876096	-396.73248589987634
702.0	11722.230632874614	-414.9499446050856
703.0	11741.148768744664	-471.6474929580315
704.0	11742.030741383662	-459.6035650677295
705.0	11748.90736309943	-490.54481354410865
706.0	11762.520022983146	-478.5461612973959
707.0	11749.965010479793	-479.4127180991418
708.0	12014.300131852675	-353.0640783340132
709.0	11726.316521766474	-391.65819772459025
710.0	11717.963477059375	-372.7582946913996
711.0	11713.798083744201	-396.6943977506817
712.0	12031.048121606664	-259.6018978835612
713.0	11927.591172646396	-298.3041405194138
714.0	11962.168485131411	-348.50242744514253
715.0	11770.317003957462	-491.45663377845386
716.0	11754.945696177543	-455.7531319063273
717.0	11766.618736041899	-466.9305029948834
718.0	11793.531430752724	-478.3555103332498
719.0	11901.311720395604	-393.82820332707587
720.0	11709.778376574666	-354.63822922443796
721.0	11821.103357278165	-458.9005635034967
722.0	11837.58405426267	-410.1354779522323
723.0	11787.335976576927	-446.39520271652873
724.0	11540.211683086998	-39.63680992495938
725.0	11549.951520221854	-22.839252076412475
726.0	11624.125912236908	-242.10836932108214
727.0	11646.795622370142	-241.21244966433974
728.0	11708.862414929716	-434.0634670778284
729.0	11731.312415008113	-434.601580669679
730.0	11733.844305996876	-411.8428487882581
731.0	11782.96245957551	-464.4714893084335
732.0	11882.858056946892	-311.5003332326475
733.0	11811.773647420747	-417.9322245548198
734.0	11831.560372562506	-227.94118170193542
735.0	11757.281876411796	-443.1061979576892
736.0	11806.514939059174	-440.8951939167261
737.0	11877.503998702583	-363.12957289942034
738.0	11693.552920142896	-318.15582289876085
739.0	11745.947204294245	-420.73920161345694
740.0	11820.955660669533	-359.1729782606538
741.0	11729.402653211306	-379.4434515215592
742.0	11685.463296550797	-299.8513961188607
743.0	11734.50096317876	-348.12283839392086
744.0	11720.78905881421	-360.58050787152024
745.0	11774.88645710378	-326.1784556514588
746.0	11712.570313749608	-342.4836497981548
747.0	11677.286123240328	-281.36834530553216
748.0	11704.436961528467	-324.2769380186849
749.0	11702.421422168127	-275.93823779485683
750.0	11696.341974355833	-305.98886038448353
751.0	11688.198481409223	-287.6039123255905
752.0	11647.67824129534	-211.60499136680787
753.0	11679.850177828484	-268.6666854761036
754.0	11765.845338225707	-195.8696295090655
755.0	11669.135648057572	-248.3637505479419
756.0	11625.983749890487	-162.3315338189374
757.0	11643.737433609394	-188.75838825552879
758.0	11694.977068232596	-151.2666619727655
759.0	11660.560622522788	-153.30449980476988
760.0	11617.974568980135	-143.5508208940155
761.0	11635.917361515321	-169.12986534226124
762.0	11629.372899047768	-149.63692307278447
763.0	11629.945238404272	-105.23909336554789
764.0	11620.303660462705	-130.41802759477773
765.0	11635.914500172448	-120.47618673560403
766.0	11758.961810937217	-381.12667226387083
767.0	11721.29811206251	-425.3497890583094
768.0	11660.788750810532	-211.66011447730367
769.0	11637.180509952197	-232.09546851057044
770.0	11773.891364909558	-162.58686521073832
771.0	11675.316589969218	-195.53738593923723
772.0	11696.8059747912	-263.20147211328975
773.0	11698.128426728073	-123.47695011373192
774.0	11649.085735993684	-142.91160906726387
775.0	11656.072237128792	-180.38224129791342
776.0	11672.106850981438	-181.07189300850587
777.0	11650.781397201705	-166.8281453336143
778.0	11716.027355085544	-185.77943408630622
779.0	11732.02322926672	-318.01148873922165
780.0	11728.987919788231	-336.1037102136567
781.0	11854.761874875498	-292.7611719172249
782.0	11712.998740158466	-300.0410023777974
783.0	11718.400589037765	-312.22896979090973
784.0	11744.713136554668	-371.9687534278467
785.0	11793.818392492225	-403.70789967705787
786.0	11768.028753346925	-346.50348724042124
787.0	11746.985864767286	-352.8259271200877
788.0	11773.328433277571	-436.2072824543405
789.0	11744.347834117589	-433.098089041654
790.0	11774.552140831292	-416.4829487767759
791.0	11776.870503930395	-367.98362430802564
792.0	11754.103249550672	-308.41279422425094
793.0	11795.444249307306	-377.6124653428099
794.0	11700.212513672634	-248.83846088567225
795.0	11677.967947621495	-160.81665772975734
796.0	11722.968772074788	-238.16526098365526
797.0	11825.223266604344	-326.09172385233734
798.0	11787.204794467109	-219.97711233975375
799.0	11757.695009691022	-287.2875217615001
800.0	11658.084064102144	-238.81250093334043
801.0	11736.88757704872	-399.78931326688325
802.0	11760.104954142176	-411.0229768519275
803.0	11806.154606711678	-280.1024427950518
804.0	11772.261608064802	-245.4009180987996
805.0	11736.256579321596	-272.99746848048625
806.0	11782.602666202825	-271.40015658052533
807.0	11693.891049984815	-198.15257370205168
808.0	11684.103510331488	-241.0881900916429
809.0	11664.978863608494	-224.57786909532538
810.0	11840.169126669052	-262.06727367550775
811.0	11802.030157752984	-313.7554694032345
812.0	11682.305426174442	-226.32224166379456
813.0	11735.307358284443	-200.78021233695713
814.0	11696.689773392078	-216.0196748085873
815.0	11721.244115951275	-220.11242333441865
816.0	96.58468599768649	-456.80287690758047
817.0	8092.723179062455	-104.59494378199982
818.0	11478.73030834192	-3.6162997181633423
819.0	11465.578951221274	-4.702974657714549
820.0	11448.524702480385	-6.0444026588080915
821.0	11426.187425965649	-7.770701053094247
822.0	11062.97318202717	-38.78609783952485
823.0	11454.203528225653	-31.21160487826546
824.0	11530.05343585498	-102.25140073720131
825.0	11360.162671846441	-13.163546854489747
826.0	11538.009315030844	-120.54401871835103
827.0	11545.965194206708	-138.83663669949888
828.0	11279.663974831075	-417.49824160490726
829.0	11561.946031929523	-175.38556059913458
830.0	11328.40768355923	-517.2079752439182
831.0	11569.832831734302	-193.71449064294566
832.0	11577.788710910167	-212.00710862409358
833.0	11391.966353716578	-141.94058161818808
834.0	11577.396947252846	-230.41682619873686
835.0	11389.891440621412	-445.77647319821455
836.0	11382.81044336086	-493.733611764073
837.0	11583.459914365909	-255.69785864054043
838.0	11591.448731977982	-274.0126142865515
839.0	11625.523985965352	-321.7628165109857
840.0	11470.175704870142	-505.80774874318223
841.0	11622.236676381553	-333.79463117104643
842.0	11649.391623492944	-376.6406704544334
843.0	11537.908213213144	-515.0000911525981
844.0	11541.671601795337	-485.9533054481799
845.0	11590.325522175453	-522.4000497507863
846.0	11669.92980256241	-443.4860233014139
847.0	11631.352159788257	-527.5183431548959
848.0	11662.899044176002	-531.3436780307762
849.0	11709.452096163537	-514.3037106637121
850.0	11687.16352591423	-535.4991945599612
851.0	11713.021875691333	-543.2722819135346
852.0	11726.111588443746	-544.6569548806256
853.0	257.70442411063965	-374.68276071682493
854.0	520.8067366994036	-98.64619014257778
855.0	894.2829012365823	-103.5163678599394
856.0	1257.6233471262515	-99.58332392109378
857.0	1597.8962501108497	-452.76680554187305
858.0	1614.5256998956472	-90.74437054986068
859.0	1975.9126204716442	-99.9894774810053
860.0	2336.8131133807624	-103.76312657791141
861.0	2697.1831900421626	-99.55826556358306
862.0	3044.627715870313	-453.2805864229984
863.0	3054.575635242111	-90.81285840794453
864.0	3415.754832458828	-100.3001256770317
865.0	3776.7280689473296	-103.80825177446286
866.0	4136.726925143809	-99.57096499381184
867.0	4491.50706720589	-453.7635105574748
868.0	4494.773456164688	-90.85048951937931
869.0	4855.533773482424	-100.33722306429672
870.0	5216.572447827953	-103.94954759309242
871.0	5576.381151310218	-99.55811574715138
872.0	5930.521046257497	-100.16742932217782
873.0	6091.171175549717	-372.8679147810105
874.0	6431.603009819169	-376.41108563584066
875.0	6653.950859311194	-103.66607087470386
876.0	7015.282121370667	-99.80196562339597
877.0	7370.230922532327	-100.17955878359423
878.0	7688.909244864143	-455.10590180988856
879.0	7725.434533392542	-91.2132361211017
880.0	11492.84216982236	-7.623870955820597
881.0	8454.399959504995	-100.02186341400905
882.0	8809.910194835878	-100.11975670138766
883.0	9135.990584757574	-455.82658589462704
884.0	9165.834342872973	-91.48862718279861
885.0	9533.118711614989	-104.27967736809524
886.0	9891.896162837775	-99.96130742783969
887.0	10233.907928022438	-95.39379305340951
888.0	10416.542529927128	-366.4039120970328
889.0	10658.126851983443	-147.3208673631801
890.0	10845.426807680378	-225.91971390394278
891.0	11519.249679465387	-68.88278063251964
892.0	11570.962894108505	-187.78479750998613
893.0	11610.742289987827	-279.2478874157293
894.0	11638.587867103352	-343.27205034974924
895.0	11662.455504630949	-398.14990429319613
896.0	11682.345202570606	-443.8814492460676
897.0	11698.256960922337	-480.46668520836425
898.0	11706.177433934958	-498.8320044773256
899.0	11718.864955301315	-528.0341841250282
900.0	11721.516915026603	-534.1317234520778
901.0	450.87379610601283	-460.31239071615687
902.0	119.8956661954834	-95.2257349386097
903.0	649.0936803674914	-383.01792294045873
904.0	970.8973722429715	-465.3606856427352
905.0	1287.6158577370472	-461.51670030849783
906.0	1912.6612102912532	-462.10097107762596
907.0	2111.322547144611	-384.83061550837914
908.0	2420.109114800151	-466.0527373837487
909.0	2733.8572310659583	-461.93693497402865
910.0	3359.184952691436	-462.85691229669396
911.0	3555.67248555906	-385.4090354124778
912.0	3866.7056007797178	-466.54315560334175
913.0	4180.082496580604	-462.394927427299
914.0	4805.645424128033	-463.3393027070005
915.0	5120.062138077968	-467.0406858404045
916.0	5313.231510073339	-467.1297444450128
917.0	5626.418253160012	-462.8273712036801
918.0	5933.936187711696	-463.5257433833149
919.0	6564.122079974207	-467.2025021450575
920.0	6757.29145196958	-467.29156074966585
921.0	7072.000753633457	-463.51651410296625
922.0	7380.327594399524	-463.9831658677728
923.0	8009.575930138464	-468.576668075395
924.0	8202.745302133837	-468.6657266800034
925.0	8517.800122180786	-464.1817049166209
926.0	8826.688397116073	-464.3686568086078
927.0	9456.652993103997	-468.706694684532
928.0	9649.82236509937	-468.7957532891403
929.0	9964.556527982231	-464.56644195349304
930.0	10275.773264096613	-460.08798618367126
931.0	10566.639992439787	-453.4215774152444
932.0	10826.921574903083	-482.04977771752056
933.0	11503.337921113658	-32.29754467022164
934.0	11037.144401708798	-499.73795078178097
935.0	11527.205558641253	-87.17539861366674
936.0	11200.661974176452	-509.06898921546895
937.0	11547.095256580913	-132.90694356653992
938.0	11121.395643900885	-67.01192353757597
939.0	11555.05113575678	-151.19956154768826
940.0	11559.02907534471	-160.34587053826303
941.0	11539.139377405047	-114.61432558539163
942.0	11413.339699727347	-17.958003949418828
943.0	11515.271739877455	-59.73647164194306
944.0	11507.315860701592	-41.44385366079458
945.0	11499.359981525728	-23.151235679646273
946.0	11495.338851122337	-13.364385138049661
947.0	7875.125609189992	-377.776777398647
948.0	8274.322171079093	-204.61680719600886
949.0	11488.69687427212	-4.914229005006746
950.0	11511.293800289523	-50.590162651370115
951.0	11472.903926219346	-8.31927437587789
952.0	11484.2099831792	-8.530528723170088
953.0	11523.227619053321	-78.02908962309318
954.0	11458.005679026823	-10.74737731652264
955.0	11470.72406375571	-24.703057638038143
956.0	11531.183498229184	-96.32170760424151
957.0	11438.633446399574	-13.815103711902339
958.0	11499.567772759094	-64.8982645705596
959.0	10926.052445699383	-50.04870855103445
960.0	11249.74755857898	-21.88833519428029
961.0	11514.141677503249	-65.66616477490366
962.0	11521.7406304349	-102.98712071430494
963.0	11526.075496267049	-93.10509174662614
964.0	11385.711258585477	-46.694444668618566
965.0	11563.076094303726	-169.45586746617465
966.0	11312.028967570079	-17.05731392581932
967.0	11535.161437817116	-105.46801659481628
968.0	11526.683497868298	-114.58180220757231
969.0	11380.935914084022	-23.35084975081433
970.0	11542.347127380504	-150.17572507538003
971.0	11539.695167655213	-144.07818574833087
972.0	11543.117316992983	-123.76063457596457
973.0	11578.918773284371	-206.0774154911345
974.0	11551.073196168843	-142.05325255711287
975.0	11371.321228403764	-66.41646805055704
976.0	11168.96274661879	-28.225825698051114
977.0	11284.46284686435	-38.94564912009961
978.0	11338.694784288913	-30.220860780309067
979.0	11292.294471360838	-77.68598839950164
980.0	11586.874652460234	-224.3700334722829
981.0	11590.85259204817	-233.51634246285641
982.0	11566.984954520574	-178.63848851941137
983.0	11126.78072597887	-461.3854053883349
984.0	11552.133162009835	-184.28412566954663
985.0	11626.654048339557	-315.83312337802596
986.0	11594.830531636102	-242.662651453433
987.0	11574.940833696439	-196.93110650055974
988.0	11598.808471224032	-251.80896044400637
989.0	11573.810771322234	-202.86079963351963
990.0	11602.786410811963	-260.9552694345778
991.0	11582.896712872303	-215.22372448170805
992.0	11606.764350399892	-270.10157842515446
993.0	11581.766650498097	-221.15341761466757
994.0	11585.342125413503	-248.99190391332453
995.0	11585.744590086031	-230.29972660524155
996.0	11614.72022957576	-288.394196406304
997.0	11589.722529673965	-239.44603559581728
998.0	11618.698169163692	-297.54050539687756
999.0	11593.7004692619	-248.59234458639307
1000.0	11622.676108751626	-306.6868143874512
1001.0	11597.67840884983	-257.73865357696377
1002.0	11599.369692756321	-292.22985420804935
1003.0	11601.656348437757	-266.8849625675377
1004.0	11428.046049650575	-524.0682480902734
1005.0	11575.472585229232	-237.08177104680803
1006.0	11650.521685867148	-370.71097732147297
1007.0	11634.609927515421	-334.1257413591761
1008.0	11609.612227613623	-285.17758054868983
1009.0	11614.192223785287	-315.81485365566624
1010.0	11613.590167201553	-294.3238895392638
1011.0	11606.971174889592	-310.25035166913295
1012.0	11617.56810678949	-303.4701985298366
1013.0	11642.565806691286	-352.4183593403247
1014.0	11621.546046377416	-312.61650752041055
1015.0	11646.543746279218	-361.5646683308994
1016.0	11630.631987927489	-324.9794323686007
1017.0	11633.151098681425	-358.3514907754434
1018.0	11629.501925553284	-330.90912550156145
1019.0	11505.3746362636	-529.3234220927338
1020.0	11475.60280764105	-468.0631024390829
1021.0	11670.41138380681	-416.44252227434436
1022.0	11658.477565043015	-389.0035953026213
1023.0	11637.457804729149	-349.2017434827097
1024.0	11641.050452242032	-377.0138979901367
1025.0	11641.435744317081	-358.34805247328546
1026.0	11666.43344421888	-407.29621328377084
1027.0	11645.413683905013	-367.49436146385943
1028.0	11646.343849458382	-389.19553645789347
1029.0	11654.499625455084	-379.8572863120478
1030.0	11674.389323394744	-425.58883126491924
1031.0	11653.369563080878	-385.7869794450074
1032.0	11565.143066989325	-533.2925702401454
1033.0	11646.752799871096	-401.70681507138033
1034.0	11639.13274058168	-383.6390708606371
1035.0	11686.323142158542	-453.0277582366423
1036.0	11661.325442256746	-404.07959742615645
1037.0	11678.367262982676	-434.73514025549275
1038.0	11660.933427062357	-458.90002489656945
1039.0	11665.303381844677	-413.2259064167304
1040.0	11669.281321432607	-422.3722154073044
1041.0	11690.301081746473	-462.1740672272176
1042.0	11667.277842837124	-437.38848397436476
1043.0	11673.259261020541	-431.51852439787837
1044.0	11611.400842255069	-536.7480964805665
1045.0	11694.279021334405	-471.3203762177906
1046.0	11681.215140196402	-449.81114237902756
1047.0	11685.193079784338	-458.95745136960323
1048.0	11702.234900510268	-489.6129941989397
1049.0	11678.456136255985	-475.211990940966
1050.0	11689.171019372268	-468.1037603601772
1051.0	11647.355377846709	-538.4298518438394
1052.0	11677.8102726218	-462.16840355940866
1053.0	11665.488072561335	-517.4461367812237
1054.0	11697.126898548135	-486.39637834132395
1055.0	11710.499569146705	-507.85738338542706
1056.0	11675.085583875238	-540.588248160429
1057.0	11705.356161021322	-504.71346881562386
1058.0	11677.223431258064	-511.90291906761195
1059.0	11699.848821019732	-523.3528770145622
1060.0	11705.656286046991	-538.1742640876181
1061.0	11714.251308665103	-517.5685553159882
1062.0	11696.458837384087	-542.5968201092901
1063.0	11689.530874268765	-525.0487614622058
1064.0	11706.6789213281	-529.3807540906455
1065.0	11720.395903406185	-540.2275232923762
1066.0	11713.839542730215	-525.3342024127388
1067.0	695.7156407630852	-202.16255800251716
1068.0	281.01540430843664	-193.87192508118747
1069.0	1072.8452526034828	-203.09969178103316
1070.0	777.7280002475981	-465.2716270381268
1071.0	1099.496998007779	-384.0441153235831
1072.0	1433.4010526760976	-190.32769447095447
1073.0	1792.0033274350399	-190.73384803086597
1074.0	1436.7418178825967	-371.31664731580855
1075.0	2154.6037423337048	-203.75260405891672
1076.0	1772.0331124437428	-371.7673301780242
1077.0	2516.187313317773	-203.32139214149447
1078.0	2226.939742804778	-465.96367877914037
1079.0	2546.179823928569	-384.4884621955652
1080.0	2874.2628365926716	-190.3711239715276
1081.0	3233.147480422886	-191.11298408497623
1082.0	2880.944367005671	-371.58272332790244
1083.0	3595.6129155416547	-204.10837745149456
1084.0	3216.5180306380885	-372.36911274365525
1085.0	3956.898009640185	-203.3792167682747
1086.0	3673.536228784345	-466.4540969987334
1087.0	3990.231285457481	-384.76893333386624
1088.0	4315.2563982710935	-190.42145451319115
1089.0	4674.376248023259	-191.18771258367602
1090.0	4325.278693890593	-371.8557003810868
1091.0	5036.4882411000735	-204.28677065738916
1092.0	4661.087563444962	-372.66648775387586
1093.0	5397.648620341417	-203.5076633402438
1094.0	4999.8885763239805	-385.81007512989316
1095.0	5434.322661365212	-385.1200264173561
1096.0	5751.91022018451	-199.7255450693292
1097.0	6101.119094921516	-191.16649309928985
1098.0	5765.273281010509	-381.38243744874563
1099.0	6285.277024633673	-90.99906377711204
1100.0	6242.070205692281	-454.4464364428574
1101.0	6835.180007539305	-203.46803649809985
1102.0	6464.861909388764	-194.66513465181592
1103.0	6875.194813769599	-385.3030460867329
1104.0	7191.773072173989	-199.9815244069902
1105.0	7542.238485609414	-191.39279490469593
1106.0	7208.476898206485	-381.8610632979274
1107.0	7905.0437435530885	-195.80817990310152
1108.0	7535.631331444113	-373.3168630979373
1109.0	8317.677742515887	-386.6744632961627
1110.0	8631.822188266067	-200.1416201153967
1111.0	8983.569573047595	-191.60838388418628
1112.0	8651.866779505062	-382.2438055178547
1113.0	9347.091091240254	-195.76830455089384
1114.0	8980.303184088794	-373.7550985889484
1115.0	9716.044584674271	-204.2409847959349
1116.0	9320.513722083657	-377.9595485579601
1117.0	9762.740921317565	-386.52128740760946
1118.0	10072.973733820587	-195.3551004812492
1119.0	10530.411974888017	-88.64075782734032
1120.0	10098.937762321746	-377.6799323952279
1121.0	10400.641222354114	-184.03455088074983
1122.0	10848.217328128683	-108.72881808687423
1123.0	10751.880695781014	-58.68010953583977
1124.0	10701.787895621885	-388.24311201603
1125.0	11000.748255878692	-88.83480639055931
1126.0	11511.579664734223	-79.90334901977273
1127.0	11518.119617091184	-74.81247376547945
1128.0	11559.082386261973	-200.83000179110863
1129.0	11565.854892146368	-184.5681816523717
1130.0	11605.634288025687	-276.0312715581147
1131.0	11633.479865141218	-340.0554344921356
1132.0	11653.974430982033	-407.27672085497943
1133.0	11657.34750266881	-394.93328843558135
1134.0	11675.158312896512	-456.0708642323577
1135.0	11677.237200608472	-440.6648333884523
1136.0	11688.686820632252	-487.0770408746939
1137.0	11693.148958960199	-477.25006935074936
1138.0	11701.06943197282	-495.6153886197108
1139.0	11699.440274640709	-509.50000849981615
1140.0	10722.292140287496	-264.51176318024864
1141.0	11007.522889924629	-177.56019811800692
1142.0	11499.226800961638	-52.20607367723884
1143.0	11506.185798327386	-47.3735467937544
1144.0	10930.036559297014	-255.96499609555062
1145.0	10941.081951796601	-434.4528884039417
1146.0	11132.122809978508	-132.54322642076795
1147.0	11522.097556679117	-83.95878275605217
1148.0	11270.422949803256	-478.7873707927509
1149.0	11078.108996113182	-328.606193280134
1150.0	11533.458727764768	-140.79039478306018
1151.0	11541.987254618776	-129.69032770892497
1152.0	11267.511014318066	-110.43545897247789
1153.0	11213.90861936813	-50.114160892331405
1154.0	11551.664042276718	-171.24533716734322
1155.0	11549.943133794643	-147.98294569007285
1156.0	11557.968092341589	-166.23925160856064
1157.0	11546.540893191928	-160.98628750335547
1158.0	11553.921073382575	-157.12925468064864
1159.0	11531.968792628839	-126.23469054956406
1160.0	11534.031375442913	-111.39770972777706
1161.0	11397.47603018638	-10.187302896324582
1162.0	11519.500754822422	-109.38782905171517
1163.0	11506.722687613283	-69.04420048356057
1164.0	11510.163737915318	-56.51985578432851
1165.0	11491.82908917741	-34.57913534515895
1166.0	11502.207858739455	-38.2272378031803
1167.0	11482.816000559118	-17.35568489630926
1168.0	11486.101677522425	-31.734084203108978
1169.0	11498.229919151525	-29.08092881260635
1170.0	11487.343530715169	-22.36082282980927
1171.0	11494.20100474436	-19.276180838899162
1172.0	10968.187013821627	-340.7308566025584
1173.0	11693.660996097802	-499.1133432219188
1174.0	11702.210229920276	-516.0414806843795
1175.0	11475.35912394616	-17.144430549017063
1176.0	11569.152026058926	-212.21768265976502
1177.0	11080.474982150723	-193.04279245016446
1178.0	11140.64025835823	-383.97567968807124
1179.0	11441.62235733722	-27.807379124175288
1180.0	11494.481048902699	-40.676674672208115
1181.0	11512.352800864215	-93.00199384506368
1182.0	11417.270306666773	-36.01122653939925
1183.0	11492.630053499088	-48.725817413306835
1184.0	11692.853111679326	-507.11649876372576
1185.0	11686.034860906962	-480.97950154764413
1186.0	11677.496813351027	-498.3438305480037
1187.0	11685.305120207931	-515.3538553959328
1188.0	11632.706041312516	-510.0585967464079
1189.0	11686.386386719372	-493.79161133451754
1190.0	11668.452971167402	-493.36320085132866
1191.0	11680.462232347089	-468.2659428864578
1192.0	11593.469616482527	-499.4846604480396
1193.0	11647.5176051655	-501.20551607193556
1194.0	11668.437840022127	-479.9947013676386
1195.0	11653.110741827308	-416.4133411605665
1196.0	11661.983650453103	-425.24345019175234
1197.0	11668.980977224654	-452.9623610123593
1198.0	11641.935642411992	-460.4207251609508
1199.0	11601.605073724291	-457.5673429126873
1200.0	11661.110234231825	-434.3300256258535
1201.0	11631.243909255296	-364.99010383228534
1202.0	11659.331690727815	-419.1459108647032
1203.0	11615.898818086402	-496.3729607693319
1204.0	11652.47130926	-440.2387276609752
1205.0	11636.839279420703	-404.21059883477636
1206.0	11621.711992433322	-343.1122246578686
1207.0	11648.995809183674	-395.29307578494263
1208.0	11607.54677616693	-383.9608124711497
1209.0	11613.360956438337	-324.96574484629144
1210.0	11638.398492516746	-370.9163586630875
1211.0	11606.565035794296	-297.73785034921474
1212.0	11630.499138956135	-352.2539514483924
1213.0	11572.050549878588	-481.33039523298066
1214.0	11613.108801931805	-348.6411836444554
1215.0	11598.634862476152	-279.50173821343395
1216.0	11627.847179230848	-346.15641212134307
1217.0	11572.92743867098	-322.8153193263444
1218.0	11590.688195840099	-261.22799244656636
1219.0	11619.584716656265	-327.69709184399545
1220.0	11565.007145779018	-304.48953493352275
1221.0	11609.216995519586	-303.83538967626265
1222.0	11514.565127616692	-462.53199008421626
1223.0	11555.950796118968	-232.79880217700293
1224.0	11601.286822201442	-285.5992775404843
1225.0	11593.340155565384	-267.3255317736155
1226.0	11566.500066333634	-206.12014333271586
1227.0	11582.690165688213	-242.89436458627355
1228.0	11574.744987527558	-224.3192868716877
1229.0	11557.037299216578	-221.3912544942003
1230.0	11558.633129563146	-188.2565029072492
1231.0	11567.238365050522	-218.60016777439964
1232.0	11440.554149682031	-438.36646322031567
1233.0	11223.762531583627	-370.37013432736165
1234.0	11581.528930257415	-276.4894151250696
1235.0	11344.729705847602	-407.9617074902162
1236.0	11238.242220766164	-309.94128094762317
1237.0	11528.451636374442	-173.18331485672465
1238.0	11357.450457719015	-365.52433299835667
1239.0	11545.344845089194	-169.20898891975244
1240.0	11561.285089288433	-194.35404223429836
1241.0	11189.921585242248	-254.26356013348246
1242.0	11327.548768381117	-151.24260874627862
1243.0	11223.840450610733	-99.92094539112698
1244.0	11415.868972190607	-71.3878878377571
1245.0	11540.074949151995	-157.2493737557023
1246.0	11534.620752354129	-132.33222987661324
1247.0	11482.248671199844	-51.92923449607648
1248.0	11326.243804122429	-85.7069794834844
1249.0	11524.886111433647	-145.80460788892879
1250.0	11345.077996344779	-60.13018705857212
1251.0	11530.18562414243	-161.82451471832806
1252.0	11407.76011599433	-91.96002845799876
1253.0	11525.750977428428	-123.48908989639995
1254.0	11509.94680538207	-112.3658105012396
1255.0	11505.290737218458	-77.35169159546983
1256.0	11519.088670709614	-96.88958138725457
1257.0	11112.910633814665	-259.3229271052837
1258.0	11189.621743939011	-143.56391308003867
1259.0	11406.181981627264	-51.58412040410925
1260.0	11502.169314931702	-97.48543477731998
1261.0	11476.939087175924	-34.28757335863005
1262.0	11433.106943842722	-39.816199055347624
1263.0	11456.04405366545	-55.01179688000593
1264.0	11460.695593834442	-21.92230412370706
1265.0	11473.611096394312	-43.38481124697304
1266.0	11641.416417361672	-484.8300212916577
1267.0	11659.075234374182	-504.77248029730316
1268.0	11214.984867538813	-199.0041121376339
1269.0	11341.722682996007	-117.41108293986888
1270.0	11460.904007365309	-43.08959628093953
1271.0	11516.787682846509	-129.5150486680791
1272.0	11465.646808217956	-65.63250270294232
1273.0	11440.828161031293	-55.142625408504195
1274.0	11423.926327457864	-110.88344617464782
1275.0	11488.540710957403	-68.69472950000711
1276.0	11434.678514418687	-71.14142032620369
1277.0	11548.603397573992	-203.37006823148553
1278.0	11294.610833536193	-294.5647678655384
1279.0	11495.327163428856	-127.7899653111546
1280.0	11383.68309524927	-91.87828440628937
1281.0	11508.166253846028	-123.58574242877587
1282.0	11504.52823816814	-148.77720862572292
1283.0	11515.758861578443	-140.3236320906376
1284.0	11268.978992357232	-197.21366133911474
1285.0	11372.918742063868	-117.29610687068892
1286.0	11515.646152647625	-179.34618213565787
1287.0	11287.286432464765	-152.2879758628704
1288.0	11573.535505838116	-258.2092056980887
1289.0	11352.527565299175	-180.69885271504322
1290.0	11300.284322830696	-237.0965962528785
1291.0	11533.995792386073	-219.67915654070399
1292.0	11451.745466923969	-405.69361809486327
1293.0	11547.145991674353	-214.50006615641738
1294.0	11541.046217570454	-250.3785454155412
1295.0	11565.55347979194	-239.72142996879862
1296.0	11589.450200193887	-294.71151353559935
1297.0	11564.172631585772	-251.09414022933638
1298.0	11557.075995281388	-286.24671124082624
1299.0	11597.052951292093	-312.7384480849628
1300.0	11572.169965454377	-269.2649100061597
1301.0	11400.606874405186	-355.3033582970599
1302.0	11551.941991481895	-256.08206925506494
1303.0	11522.467853320384	-436.6558308090862
1304.0	11604.756372036643	-330.49503650759726
1305.0	11580.121548055793	-287.5089680430272
1306.0	11580.832658200388	-341.1501601002107
1307.0	11588.05329949701	-305.75637575611853
1308.0	11621.315363758096	-367.4734114401029
1309.0	11595.669415786093	-323.83224173280195
1310.0	11488.976343085293	-395.28006372739947
1311.0	11629.226241034388	-386.12599832148106
1312.0	11553.669131246357	-405.25508192844245
1313.0	11603.7029216157	-341.804112155414
1314.0	11600.179760307503	-365.35422823629295
1315.0	11611.967402957418	-360.26621804279847
1316.0	11578.760230422466	-461.3734537846406
1317.0	11549.936756322631	-431.0361886243815
1318.0	11619.8894273349	-378.9353633952742
1319.0	11644.482963132488	-422.0869897400377
1320.0	11627.849809323343	-397.2350173456586
1321.0	11623.868149868069	-420.78298056730574
1322.0	11615.360178186356	-402.5478501902077
1323.0	11635.433131836819	-415.4541531978466
1324.0	11643.390966923815	-433.7770311428212
1325.0	11631.45841159073	-440.7059831595646
1326.0	11659.744426225638	-472.8887778702895
1327.0	11651.917347565643	-452.28361955722175
1328.0	11621.917677622456	-481.66823272486846
1329.0	11630.557048773262	-455.30478528144766
1330.0	11647.186170463176	-474.5385818701252
1331.0	11508.906127191074	-159.5214694707679
1332.0	11522.559206177175	-156.71630948035104
1333.0	11538.6282292046	-195.36968607484428
1334.0	11486.679158172146	-77.92913039850055
1335.0	11501.878760686925	-58.30361300428816
1336.0	11514.231624459513	-86.00088834682067
1337.0	11554.316002002006	-177.34287649439239
1338.0	11541.281270476626	-185.80847273324085
1339.0	11605.380299652248	-440.2500607369778
1340.0	11616.30883708523	-466.26085342383277
1341.0	11620.985425830653	-434.34476912624024
1342.0	11585.671056167897	-423.82608190015645
1343.0	11599.791261754785	-426.9761851391225
1344.0	11612.78466631497	-414.8522590487846
1345.0	11587.69824127116	-405.6185858615166
1346.0	11591.688900234998	-347.30963747068427
1347.0	11604.393958729437	-396.4642802419057
1348.0	11511.003014157148	-407.30794341185174
1349.0	11597.185069940211	-377.586870709473
1350.0	11575.283474575306	-369.137724309651
1351.0	11589.307137901187	-359.23471915322017
1352.0	11554.081384463798	-325.11501762065274
1353.0	11561.784674718285	-363.36299387308827
1354.0	11583.75972333054	-328.98184001014505
1355.0	11575.837479331452	-310.683648720157
1356.0	11567.894313806479	-292.3597164769121
1357.0	11559.944264727666	-274.17145768803147
1358.0	11500.12497827111	-273.66360846927773
1359.0	11549.079165007526	-268.10368240568897
1360.0	11523.348050739209	-253.04887915973464
1361.0	11411.212443506187	-192.01085948443097
1362.0	11543.674174001359	-238.4679885980169
1363.0	11531.610477810684	-232.23953129950087
1364.0	11523.219520794895	-211.54195941627782
1365.0	11537.144913281272	-176.83087531049583
1366.0	11371.035785999002	-286.00112502923383
1367.0	11334.868641562067	-320.6557083902223
1368.0	11343.570559856287	-221.62715474539877
1369.0	11513.839999270573	-190.76631841307926
1370.0	11385.749091566779	-171.51180165613263
1371.0	11488.340582445351	-178.1526071560676
1372.0	11438.112416653088	-150.6226132758537
1373.0	11447.732177102254	-86.13550436397857
1374.0	11418.896918365519	-135.4461768704376
1375.0	11492.717969019039	-142.17284808554314
1376.0	11476.582791857705	-150.8395546425892
1377.0	11462.09326272545	-118.93084544185952
1378.0	11490.129032490333	-117.10113848115559
1379.0	11445.08884633771	-105.30538959218104
1380.0	11479.14433672335	-62.25472535297937
1381.0	11463.484578267373	-80.75741526921547
1382.0	11496.274269579015	-82.4401565809623
1383.0	11477.857510642352	-111.11009903599931
1384.0	11500.677215199394	-107.39977343256048
1385.0	11493.705691024914	-92.52402460104547
1386.0	11475.12055398751	-86.61403881774595
1387.0	11479.942069444622	-96.44732381112969
1388.0	11568.415250763535	-440.9060683699651
1389.0	11580.508822022084	-381.3892182540985
1390.0	11431.859820804153	-371.8973372966082
1391.0	11533.700703629911	-276.69669888551243
1392.0	11374.06421499872	-244.44074299707017
1393.0	11574.17481079053	-396.9174656353862
1394.0	11488.021753425417	-358.9676942548387
1395.0	11502.476294426613	-231.80726248182586
1396.0	11503.727061429512	-170.79254198767816
1397.0	11460.146242133174	-139.6853384297424
1398.0	11456.438070635433	-186.30169389816683
1399.0	11516.846231101379	-240.85597657293343
1400.0	11436.64520394356	-177.61607585190254
1401.0	11401.345679417223	-307.29945461271035
1402.0	11408.48457238102	-224.01149879501295
1403.0	11481.100573195557	-259.75690785073266
1404.0	11466.236121204347	-205.09968264922963
1405.0	11539.040967371262	-288.77673461263066
1406.0	11548.814320262056	-312.89320964315885
1407.0	11458.518954525367	-345.8109535976446
1408.0	11518.865363273035	-267.34541947908184
1409.0	11509.997146762786	-312.33809502995564
1410.0	11533.66646037939	-303.29341455835265
1411.0	11549.033106932526	-337.4318895504266
1412.0	11535.817381024344	-390.2351839720862
1413.0	11564.95209600956	-347.3005113461839
1414.0	11425.11160266198	-292.9038851476727
1415.0	11530.668471554292	-349.92759137603554
1416.0	11540.78383511951	-369.71806979949116
1417.0	11509.409767517633	-340.5378419060298
1418.0	11526.394551713782	-198.36248687535
1419.0	11486.52928498383	-197.33116667546847
1420.0	11493.932218674263	-298.08243621209067
1421.0	11434.578227520344	-237.85325770545705
1422.0	11451.031931371157	-314.8214051330586
1423.0	11461.686369314135	-271.0651710871081
1424.0	11482.783780798904	-238.69126310422885
1425.0	11474.341833069493	-170.4624475349648
1426.0	11506.46426954474	-215.0536200839671
1427.0	11500.109610590936	-201.3912377845004
1428.0	11461.770428706193	-223.89860573581382
1429.0	11469.551652704424	-297.4987892502275
1430.0	11436.177375731633	-263.9541783102475
