1.0	26603.42176425963	-1572.2398743718206
2.0	26209.931858563523	-690.1231843003869
3.0	26355.120823988953	-779.9791594517711
4.0	26560.053168186696	-697.5622069312308
5.0	26641.587218914327	-1628.3675480463478
6.0	26405.116332558962	-1159.0476686302036
7.0	26543.983462801403	-1464.6621425737364
8.0	27214.285354941996	-1585.1259203411225
9.0	27329.297777830132	-1484.511267149687
10.0	28205.976055772884	-1491.040444332467
11.0	28429.034135737533	-1325.3031304355172
12.0	28863.219176975694	-1331.6777172140453
13.0	29285.44710201456	-1329.9538782261795
14.0	29718.82104817107	-1313.1847442782291
15.0	30167.74115782311	-1314.5892372551011
16.0	30619.773010330526	-1317.2223212912115
17.0	31071.968635141908	-1321.2846251832602
18.0	31523.30744304395	-1326.1075232711707
19.0	31971.19141142539	-1333.1452196387643
20.0	36259.916704252915	-1550.2318260277486
21.0	36492.433374565626	-1380.6825541303126
22.0	36942.79900531086	-1382.3351390460973
23.0	37394.414508552036	-1384.8443790507154
24.0	37847.97189692138	-1387.1132475062298
25.0	38309.67503840784	-1388.8632485413962
26.0	44850.463627551915	-1589.2454386591987
27.0	44637.276120514754	-1403.5548863279103
28.0	44843.743062951624	-868.1295107871264
29.0	41027.71849148149	-846.42201684374
30.0	39117.21086423008	-838.2160648678686
31.0	43834.41458147385	-857.6247954237075
32.0	26998.67215610894	-718.774846313121
33.0	33051.58925357449	-806.4783448699387
34.0	26751.349436621877	-1600.501033187635
35.0	33518.23792777827	-808.9637562658068
36.0	27427.40025958294	-736.089972860837
37.0	27876.67845807948	-735.5957413574885
38.0	33985.3935474412	-811.5540052880136
39.0	27618.651161294954	-1442.2018556844857
40.0	34452.621852620614	-814.1220219123596
41.0	28311.322147674524	-803.5015417831687
42.0	34919.81302031861	-816.6330172276262
43.0	28933.65948666065	-987.080979226908
44.0	35386.64264355358	-819.1154752932588
45.0	29358.09355013593	-795.0242792729999
46.0	35851.55722516709	-820.4294475513076
47.0	29818.917616710478	-797.2691631549691
48.0	30282.50380834406	-799.2961804723733
49.0	30746.441451081206	-801.8122157137026
50.0	31210.195178362934	-804.6351351423917
51.0	31673.280290218634	-807.552570314031
52.0	32133.58180815319	-812.3397197557855
53.0	32588.74964136118	-802.437264883211
54.0	32411.155520990593	-1327.5390923055822
55.0	33095.40556524469	-1503.2134073613906
56.0	33307.63753330885	-1327.4528185893184
57.0	33765.935504324945	-1332.1189399906018
58.0	34224.81493411975	-1336.7457903708162
59.0	34683.732119399305	-1341.1038869715132
60.0	39592.35415327481	-840.6033499715674
61.0	40075.78297835601	-854.5330225520088
62.0	35142.25322091805	-1345.1767576269312
63.0	35598.499779004844	-1347.8713707083205
64.0	40558.6380947956	-844.5647124883304
65.0	36310.32294173171	-836.9899872965289
66.0	36772.800796664735	-838.0388733850172
67.0	37236.18205251786	-840.1762194386911
68.0	37699.90900592165	-842.1884116542552
69.0	41495.45293109736	-848.1023959888712
70.0	38165.23157850325	-844.1733904598085
71.0	38637.10373007047	-845.7360720040264
72.0	41962.71671135983	-849.9243160846818
73.0	38786.162725227165	-1381.0575509347188
74.0	39265.92212441846	-1374.044394558501
75.0	42429.92021456056	-851.7838344062911
76.0	39917.8354381686	-1572.0226852929993
77.0	40216.90878354584	-1573.5910961629427
78.0	42897.186829380276	-853.6750709596513
79.0	40686.323452432196	-1563.8442092271134
80.0	41141.963056006134	-1565.9181039026178
81.0	43364.980758476195	-855.5299815916719
82.0	41596.257849659996	-1567.8107568225275
83.0	42050.08182912217	-1569.8411359086542
84.0	42503.84384499223	-1571.9057990264257
85.0	42957.67029407615	-1573.999390272396
86.0	43868.017313538156	-1578.3474653829655
87.0	43412.024456054176	-1576.0543692530907
88.0	44318.041681817704	-860.3977382828704
89.0	44103.43899659499	-1394.9643930621844
90.0	26481.57667837937	-1329.865529454499
91.0	26698.566650575536	-1651.4419962524535
92.0	26316.471500508924	-940.2956539538249
93.0	26848.939979169703	-829.3714766760785
94.0	26441.425338965448	-1025.1518381659491
95.0	26615.240251247935	-1508.6990612004477
96.0	26997.107780535323	-1611.189359758704
97.0	26508.45158941779	-1225.63223505394
98.0	26563.438196348736	-1381.7576770008202
99.0	26672.259549074846	-1367.4921629279586
100.0	26642.88373803065	-1190.2973496331495
101.0	26700.826159096527	-1456.6876122217498
102.0	27209.056953221258	-1034.2926157858249
103.0	27482.75037127155	-1551.4858348111395
104.0	27990.254950145998	-1381.8233068310785
105.0	27545.28444752315	-1222.2103421655763
106.0	28491.187990796618	-981.0661783871932
107.0	28640.293288297835	-1483.455573535032
108.0	28772.88745304188	-794.6218834995707
109.0	29074.962600306997	-1499.2668811503183
110.0	29206.35170965793	-986.1417263431094
111.0	29509.562056027306	-1480.8099258735595
112.0	29646.447934636326	-971.2112495607395
113.0	29956.944506369033	-1480.3612173532886
114.0	30102.087381699308	-973.4706777742713
115.0	30407.090189873506	-1481.6358038972514
116.0	30560.840404924893	-976.0012573471635
117.0	30857.581727830144	-1484.9901658096708
118.0	31019.760963798606	-979.3277390313402
119.0	31307.88130095929	-1489.6439239196552
120.0	31477.828991790888	-983.0556206458272
121.0	31757.505342461085	-1495.0019603047592
122.0	31932.444810435994	-988.7477322733794
123.0	32204.340579699772	-1502.6563455700343
124.0	32828.37998470956	-973.7461059850297
125.0	35814.599639512984	-1532.3190947258315
126.0	36978.08663865014	-1024.9333321830143
127.0	36520.99833900913	-1023.7595730266934
128.0	36708.94819888195	-1552.3636613517199
129.0	37158.884890968715	-1555.3520078860786
130.0	37436.42403676189	-1027.070397466411
131.0	37609.16862303102	-1558.0205452431028
132.0	37896.702751602126	-1029.0550955016868
133.0	38061.04909762453	-1560.5045081401313
134.0	38365.126664605814	-1030.5902828656162
135.0	38519.47968991217	-1562.4461043266901
136.0	38848.33513918749	-1022.6204842878348
137.0	40389.33202077795	-1391.3136919818178
138.0	41327.09995480295	-1382.9320141225016
139.0	38986.145823441526	-1555.2222368037194
140.0	43164.1329089639	-1389.9735755807735
141.0	27211.7422749594	-843.7264120858041
142.0	27047.33072744239	-1398.2110851219866
143.0	26596.814697645972	-976.5759619110358
144.0	32646.03805026121	-1495.8987716159927
145.0	26828.663097065462	-1641.125551244935
146.0	27088.374987605694	-1532.9900035716091
147.0	27060.88079620989	-1125.5268717295705
148.0	26898.499827331834	-1574.6636962414211
149.0	26858.750731167824	-1475.736745484548
150.0	33289.09745998149	-978.2601243817838
151.0	33548.58256272753	-1508.952078649926
152.0	27644.064031252503	-858.6339454466832
153.0	27276.069764481657	-1328.780318588552
154.0	28063.66747702438	-924.0521557814492
155.0	27800.192825239308	-1537.0670808943323
156.0	33754.13094270304	-981.3233118140171
157.0	34002.268986782605	-1514.6263193606858
158.0	27678.620614708303	-1094.9950552013433
159.0	27942.049453386793	-1159.7427946569987
160.0	34219.74405640024	-984.4691044747286
161.0	34456.03213160692	-1519.966951351461
162.0	34685.392718132505	-987.5356434284996
163.0	34909.76294458313	-1524.8613945740142
164.0	35613.61609162366	-992.300581161397
165.0	35150.64269792033	-990.516623823557
166.0	35363.13685393249	-1529.3463986435563
167.0	36068.525578656634	-1008.1626201788255
168.0	36046.68430562134	-1364.4814778064258
169.0	32379.1433504334	-981.619953856718
170.0	32853.656223052385	-1321.288474268947
171.0	39334.81475124668	-1015.4752892695342
172.0	39447.84795429258	-1557.859897202268
173.0	39824.61605422747	-1029.7797739678329
174.0	39749.00248207345	-1388.467215909567
175.0	40322.1291846031	-1031.7286634987545
176.0	40865.77640804518	-1381.2996530603639
177.0	40805.29388658343	-1021.6051848046444
178.0	41273.337911740055	-1023.1303953193434
179.0	41786.60819597298	-1384.5269636049418
180.0	41739.565320473244	-1024.6202215744436
181.0	42245.5840350539	-1386.2992647994968
182.0	42205.261792791294	-1026.289187006022
183.0	42704.56248783564	-1388.1393557218105
184.0	42670.96109966658	-1028.0274688951502
185.0	43137.25083243707	-1029.7611430946893
186.0	43605.70777338549	-1031.698394572904
187.0	43625.86939443663	-1392.0103497482385
188.0	44630.55555591446	-1043.0459206558382
189.0	44089.99788558183	-1034.5536782782608
190.0	44338.20335743116	-1581.3174187388659
191.0	27356.15564415127	-1175.7633727310956
192.0	26916.314424208005	-1377.4834905522087
193.0	26925.771397926273	-1121.7414641801151
194.0	26760.89873815456	-1496.528032328304
195.0	26853.887379912223	-1270.103051211132
196.0	27120.01308143022	-1294.6160533303653
197.0	26848.768299554078	-1016.7431002511803
198.0	26724.830179718338	-1280.2651299608467
199.0	26676.793203387188	-809.3028251783713
200.0	26694.93783985234	-1075.1369069544999
201.0	12378.213113365118	-1444.3038989546178
202.0	20480.382201547982	-671.8641242850105
203.0	25599.362587556137	-698.2797287727781
204.0	25859.969282132748	-1547.8866688032965
205.0	26426.1096291685	-1556.603679876205
206.0	26381.332849135248	-1388.6419995426422
207.0	12386.213978339243	-1436.8441154546656
208.0	12406.982380477595	-1431.2684639493991
209.0	12434.566949666538	-1424.1176391251
210.0	12470.829868093562	-1415.5995927397405
211.0	12610.283575539435	-1407.9576873543708
212.0	12642.947405992789	-1377.6979268954508
213.0	12574.125524950337	-668.4378390251895
214.0	12836.799053466491	-1339.5283075956133
215.0	12818.955738069706	-1253.5878152683672
216.0	13119.281166843817	-1308.912848766052
217.0	13118.591371764494	-1188.1492646142997
218.0	13495.471576212703	-1363.1671466112473
219.0	13394.511320306652	-739.3319326842575
220.0	13711.817586967814	-1314.9663897440284
221.0	13697.573519367948	-743.9452231464344
222.0	14000.750250467077	-1318.5011825237193
223.0	13998.696096346239	-745.2346322693915
224.0	14291.68273917552	-1326.8403155200879
225.0	14300.09906135773	-746.4015817007206
226.0	14583.148368722976	-1339.204364072322
227.0	14601.41651082759	-747.7000177959235
228.0	14875.499256312038	-1352.7935898866544
229.0	14902.555079988217	-749.3144116751
230.0	15166.835737387793	-1366.6285328615033
231.0	15204.074903685418	-750.6252196682029
232.0	15462.653243789226	-1257.7765610889273
233.0	15501.706003571062	-749.9349835190786
234.0	15902.683799530889	-1441.3194064630063
235.0	16298.561321143794	-1459.8205111059617
236.0	16860.949919967585	-655.2034038419176
237.0	17092.631172533114	-1464.518013981494
238.0	17011.831348048458	-740.9868736267348
239.0	17316.098286318273	-737.704225005947
240.0	17690.92315934138	-1474.570849288936
241.0	17618.62641563287	-738.4355298731931
242.0	17920.20095700896	-740.6254504413246
243.0	18287.82401808091	-1485.997167216469
244.0	18221.216762525717	-742.7829841147714
245.0	18522.670408645776	-744.0010374133648
246.0	18884.83166585427	-1496.226816088343
247.0	18824.62992469074	-747.2189973966484
248.0	19125.978864455716	-749.9169065086468
249.0	19482.18818556701	-1506.3020025691196
250.0	19426.845809493883	-752.4506659109192
251.0	19727.919582789833	-755.1307645491787
252.0	20330.204716423836	-760.8698372280677
253.0	26031.806776254936	-777.3629734000147
254.0	20676.496810376757	-1528.3623021991698
255.0	20631.157170686023	-763.6022271625435
256.0	20976.458792917427	-1465.0511134565252
257.0	20979.722652247678	-1305.7599434190045
258.0	21233.246656963347	-770.524613210644
259.0	21671.227406650505	-1541.6892283823397
260.0	21575.192544135294	-1313.010870940925
261.0	21835.79885471992	-775.379516721386
262.0	22268.14278883039	-1545.9726981387896
263.0	22170.858917290065	-1319.380440993015
264.0	22438.810582880793	-778.3874818096992
265.0	22865.21747796181	-1548.044040143446
266.0	22767.1954491778	-1321.2835409662428
267.0	23040.270907920163	-780.0445817339805
268.0	23462.34509001227	-1548.7511334290414
269.0	23363.670151788374	-1322.2248863304965
270.0	23642.849144753014	-780.8213340888628
271.0	24059.50608753299	-1548.8093629072052
272.0	23960.724972693686	-1322.6812744937204
273.0	24245.388544392354	-782.9642658573302
274.0	24656.830031032787	-1549.010098778362
275.0	24558.097719704154	-1322.4737681966174
276.0	24847.848999829217	-784.1342960930623
277.0	25447.573370002374	-788.3858005912865
278.0	26149.563134429805	-1021.9783864543942
279.0	26266.23320203848	-1240.8614156018177
280.0	25986.311637239865	-1459.8832546033063
281.0	26536.479823656162	-1594.6880222875882
282.0	26258.5240667933	-1569.799086990399
283.0	26494.187204123944	-1528.054983707225
284.0	11748.022312276762	-551.2704517560331
285.0	12286.752448632671	-1354.4429790220272
286.0	12305.742630346174	-1367.4376935613616
287.0	12337.961070295272	-1408.9994814175998
288.0	12358.730030865821	-1430.5303332606607
289.0	12348.323583377627	-1419.796656787914
290.0	12369.058789964785	-1441.188480863716
291.0	11754.266370626188	-554.7011820970245
292.0	11761.377050652904	-551.3351304575926
293.0	11768.829254958846	-588.138262627847
294.0	11783.641438737932	-605.7085429915294
295.0	11829.383393620728	-557.9029361539614
296.0	11796.623902751431	-641.1961600835106
297.0	11845.640167636988	-570.0589345350896
298.0	11833.964422394542	-660.0926109156686
299.0	11824.99647923067	-693.9669278586039
300.0	12296.89106319265	-1365.442630322008
301.0	11840.246482259208	-711.209599409843
302.0	11847.465680610303	-724.3269238164863
303.0	11854.735242813678	-737.4208893495376
304.0	11890.786538598113	-717.4168863401155
305.0	11869.248821857705	-763.5809189276911
306.0	11883.114289723728	-798.7533969321279
307.0	11890.483827397484	-811.7711603533189
308.0	11920.447969310306	-863.633002548187
309.0	11912.9034371905	-850.7139998003317
310.0	11936.2729771197	-880.3133655803655
311.0	11951.727402691155	-905.8781638150558
312.0	11958.002933392272	-880.4571644009757
313.0	11983.219764635838	-965.5200788437538
314.0	11998.521826836988	-943.3693053528301
315.0	11943.469140256244	-902.1580166962158
316.0	12016.56451972034	-1006.084545119444
317.0	11905.359684958412	-837.7684647633401
318.0	12033.807737609923	-1039.6069474302926
319.0	12384.936697932782	-640.3121383239571
320.0	12069.140691393286	-1087.8888415615813
321.0	11875.765700765847	-785.6880333710028
322.0	12087.150986883518	-1111.834079549858
323.0	12078.135127253954	-1099.884115556374
324.0	12104.832136764237	-1126.5134427851729
325.0	12113.989511153579	-1138.3828976107634
326.0	12123.151453141994	-1150.2343433060657
327.0	12141.551614606893	-1173.7549179047185
328.0	12150.847045767952	-1185.516398030619
329.0	12160.17177358837	-1197.1931015570383
330.0	12178.884812602357	-1220.500490209385
331.0	12236.154330020283	-1289.496504543785
332.0	12255.706424437793	-1312.0727973715377
333.0	11775.66813531881	-601.4334031710761
334.0	11803.661518200699	-654.3926642911879
335.0	11832.195517296546	-707.0755397071874
336.0	11897.90610032359	-824.753686141858
337.0	11928.053928672854	-876.5068233804959
338.0	11959.257710947872	-927.5718351504332
339.0	11762.561423709602	-573.9979815814471
340.0	12327.61496661696	-1398.161075896978
341.0	12042.522163145766	-1051.7450595961784
342.0	11975.278240360545	-952.9439348744132
343.0	11991.446230227315	-977.9890521938136
344.0	11782.770700529582	-574.503792707792
345.0	12025.1525844012	-1027.390004866393
346.0	12008.115801333797	-1002.8119011436335
347.0	12132.896202313408	-1171.0478340575512
348.0	12096.20735785173	-1123.703069191387
349.0	12060.154685039706	-1075.9084482199949
350.0	11789.608769840539	-627.9495292567534
351.0	12317.320877990554	-1387.3062812403234
352.0	12227.405805531627	-1287.1230971319467
353.0	11810.751966692222	-667.5753349898105
354.0	12266.709113462928	-1332.2417181060966
355.0	12246.932006661344	-1309.7954602145007
356.0	12208.11259793934	-1264.2460598641853
357.0	12170.190940716397	-1217.9240340887527
358.0	11888.48873077325	-576.9666287734505
359.0	12276.747679191127	-1343.369453719269
360.0	11861.140930918249	-759.5398296750064
361.0	12019.240392966085	-595.0793711743904
362.0	11967.427468196855	-940.1476759399075
363.0	16694.626016427243	-1468.1408716187127
364.0	12051.345953758006	-1063.7956892827212
365.0	16496.99231334345	-1466.2736129643292
366.0	12546.573720092483	-1417.3648953167597
367.0	12785.677240546742	-1385.5517895408648
368.0	13042.48948454763	-1362.2059365471093
369.0	13349.970131553438	-1362.696126711886
370.0	13639.382821566729	-1363.6280827530247
371.0	13927.504519777043	-1365.8669505139799
372.0	14216.908326367768	-1373.1446253980084
373.0	14507.763241823346	-1385.4628704155402
374.0	14799.88155392598	-1398.920863255384
375.0	15091.225520977614	-1412.922801577137
376.0	15384.732543413891	-1427.8405901264066
377.0	15706.35668403891	-1436.2742638735488
378.0	16099.967771283797	-1452.7847331339415
379.0	16111.039120596133	-745.9962853703545
380.0	16408.629951388746	-922.111946140733
381.0	16893.040420872938	-1464.8807329535437
382.0	17292.57533371571	-1467.4894632200276
383.0	17491.711794928808	-1471.3907026937216
384.0	17889.95966759154	-1478.5530908138926
385.0	18088.81807319004	-1483.4246863751234
386.0	18486.89115547339	-1488.743787497855
387.0	18686.104757307625	-1491.718948062067
388.0	19084.025311696885	-1499.2081393007568
389.0	19283.053870858686	-1501.9974004727821
390.0	19681.3928574997	-1509.4547733495112
391.0	19880.50422043142	-1512.7626287876135
392.0	20278.56064190483	-1521.0973111113733
393.0	20477.525324811824	-1524.6972890659479
394.0	20875.470275158466	-1532.0643264842556
395.0	21273.32730968037	-1537.73136147111
396.0	21472.27217949354	-1540.0083754207506
397.0	21870.19695816965	-1543.8467379025944
398.0	22069.18714924765	-1545.2168337638275
399.0	22467.21302534753	-1546.606543788973
400.0	22666.22899920866	-1547.3283861135153
401.0	23064.156177268076	-1548.389592025065
402.0	23263.202712255134	-1548.4633121100949
403.0	23661.424937671716	-1549.033612955097
404.0	23860.462995914586	-1549.0849857793194
405.0	24258.654496199593	-1548.779650568253
406.0	24457.754117139546	-1549.010428412018
407.0	24856.00517447649	-1549.4093684086029
408.0	25055.183725950686	-1549.787991251607
409.0	25736.819333002608	-786.8303077526112
410.0	25454.197303234734	-1550.7546094997076
411.0	25654.399818127178	-1556.5220858605073
412.0	20079.533184014883	-1517.356079151029
413.0	20684.433688510526	-1216.1510610610003
414.0	25254.4081012485	-1550.5615210389503
415.0	25847.88546823009	-1055.0037687806343
416.0	26191.357977389158	-1481.084908486638
417.0	26364.241130506158	-1503.73655275479
418.0	25999.948179937375	-1293.0526342809274
419.0	12476.802927922945	-600.2736341922246
420.0	12397.407622864326	-1441.2646570567504
421.0	12375.355598641452	-1421.3973986141743
422.0	12421.607671619691	-1436.8538338440185
423.0	12217.745277109925	-1275.7262125231762
424.0	12454.305721010964	-1431.70021357957
425.0	12198.579567520637	-1252.7609774510822
426.0	12352.08398961927	-1389.1047784294024
427.0	12189.074113773526	-1241.1815936177752
428.0	12495.359369656793	-1425.2877744861953
429.0	12392.925535939181	-1389.0882405630502
430.0	12294.384339799222	-1327.5997225317267
431.0	12628.605157754508	-1221.077442898455
432.0	12515.89005316259	-1405.0119350934383
433.0	12751.945508890632	-1234.6212647924458
434.0	12689.804918033331	-887.3791407683717
435.0	12688.987829463287	-1397.8772085777664
436.0	12690.671377876286	-619.4834742870925
437.0	12627.6200728112	-1325.347776277802
438.0	12952.149974638081	-638.9969662436853
439.0	12902.392941812643	-1371.6500103702037
440.0	12811.99144089636	-706.193679121969
441.0	13244.933707712504	-644.7975934918909
442.0	13199.443232681946	-1358.4598834398882
443.0	12993.011163582283	-981.2784032530466
444.0	13259.842122378062	-984.1862014826116
445.0	13093.036753698318	-730.3947193002082
446.0	13423.161427972425	-1202.4390331600061
447.0	13276.48255225353	-1309.774284853429
448.0	13547.474427560248	-649.1313164274958
449.0	13783.509436978178	-1364.4921869220484
450.0	13717.044102122274	-1202.967146185645
451.0	13564.998621162371	-997.106169736684
452.0	13848.591338973207	-650.6355019324519
453.0	14071.87635860934	-1369.1915748525728
454.0	14008.578912776895	-1206.6671882152132
455.0	13865.376958707848	-998.8263399192856
456.0	14150.017822900352	-651.648706130611
457.0	14362.29862577563	-1379.3833363643462
458.0	14301.363219890634	-1213.7346888932746
459.0	14162.402965626985	-1002.0389079618102
460.0	14451.415122346518	-653.0304319439392
461.0	14653.746175666301	-1392.372753752167
462.0	14603.907483640134	-925.9368609638701
463.0	14458.947629644672	-1007.1918528003886
464.0	14752.75609073203	-654.175122805972
465.0	14945.578267181723	-1406.1666735447677
466.0	14901.633421968094	-929.9861250666539
467.0	14754.325405524449	-1013.0836793654726
468.0	15053.97450986896	-655.872806403274
469.0	15237.05029502975	-1420.316777298515
470.0	15196.49556994639	-931.0713486930757
471.0	15045.473518109808	-1016.9906488197006
472.0	15355.696732791048	-656.7139113792333
473.0	15537.023784393692	-1434.3288428434582
474.0	15795.054168691006	-922.7206392224452
475.0	15486.508376834236	-934.850744764828
476.0	15313.242517864166	-1373.8003929041645
477.0	15653.026428116422	-656.4105508343079
478.0	15958.539272941438	-659.0972739122257
479.0	15803.127725359636	-751.0903654719127
480.0	15804.20583686362	-1374.155819839907
481.0	16121.23546769876	-914.7325232446777
482.0	15566.652946443617	-1253.281842977661
483.0	16202.553165216763	-1388.6968477922053
484.0	16558.80050870372	-653.4197411462343
485.0	16597.64349174742	-1400.8986000281172
486.0	17107.306785483048	-990.6019489751349
487.0	16751.176017979295	-1247.363829382651
488.0	17165.002677226366	-655.1128513800707
489.0	17466.637676599217	-653.1487358012882
490.0	17252.84204913107	-990.1777670073176
491.0	17699.17060937826	-1160.230057022649
492.0	17396.77685977919	-1245.8490027110565
493.0	17768.951624902777	-657.072136827475
494.0	18069.63303633713	-656.5666369495779
495.0	17857.662145773113	-990.6401814880877
496.0	18295.3523852807	-1171.624968639624
497.0	17995.203539067268	-1256.0772826259752
498.0	18371.388248781343	-660.4576510810799
499.0	18672.507500819007	-659.0126708283293
500.0	18455.217283770704	-996.4350729694748
501.0	18592.001357376244	-1261.281965897062
502.0	18974.768583188124	-664.9035916445218
503.0	19275.2772589458	-662.938560520486
504.0	19055.35975423134	-1016.6237027776933
505.0	19188.85611346	-1274.5191244388964
506.0	19577.056346588113	-668.6653316269525
507.0	19877.771850603564	-666.8466397389038
508.0	20349.59875082619	-937.5679871745469
509.0	20179.572766001333	-671.842880920051
510.0	19652.640552438435	-1024.565482352833
511.0	20485.640842786062	-1205.9770103921583
512.0	19786.24354170916	-1283.6150916591778
513.0	20029.01518384123	-757.0803332621191
514.0	25892.781727084646	-693.4913973996751
515.0	21082.975774080165	-677.665653723259
516.0	20781.94603862533	-675.8032514346852
517.0	21074.39343993345	-1535.086359903401
518.0	20850.262382733436	-1040.6972481328164
519.0	20932.32992485639	-768.1757760206337
520.0	21215.673696456226	-950.7619787537702
521.0	21384.283589094106	-679.3800692048537
522.0	21685.757101265142	-681.8715596114607
523.0	21376.621526380386	-1317.015744930329
524.0	21534.60716578651	-773.5025385186876
525.0	21816.230803955925	-957.2692986499806
526.0	21986.896096389333	-682.4850279877104
527.0	22288.59449660411	-684.3058579569719
528.0	21972.56274832813	-1323.2063960742835
529.0	22137.215431697066	-776.5858344867389
530.0	22589.91206593488	-685.5146558908287
531.0	22891.321332881053	-686.9707172890506
532.0	22568.468149988115	-1320.3908990078107
533.0	22740.116600795925	-779.8243605616199
534.0	23191.487191420936	-686.9628576433478
535.0	23494.159741405678	-687.9833302022574
536.0	23164.658423492307	-1322.0501068267386
537.0	23341.688498082975	-779.8292140670288
538.0	23794.06865645279	-689.1829582453398
539.0	24097.01449341634	-690.358327767186
540.0	23761.75903752916	-1322.9376185706922
541.0	23944.28307840186	-781.9683510736332
542.0	24396.594940805106	-691.4068536091951
543.0	24699.66502156643	-691.5676297733553
544.0	24358.987503412307	-1322.4206533617817
545.0	24546.61825418063	-782.9455872833418
546.0	25302.114945722595	-693.818909658192
547.0	24999.246504815503	-693.8235429990741
548.0	25558.09467861752	-1069.4515515353676
549.0	24956.6272827426	-1324.11710895892
550.0	25600.53895121788	-1338.9855201451082
551.0	25158.049706605834	-1323.9066182598265
552.0	25148.87810562356	-785.1575953977408
553.0	26135.633842365845	-1188.6483176381328
554.0	26010.087375601248	-948.9016810519684
555.0	25740.853693658977	-1335.2467765985214
556.0	26076.92531438945	-1533.284569286937
557.0	26269.324629653183	-1366.2224521136977
558.0	12398.25538003764	-1417.9608352491057
559.0	12307.092403230607	-1376.4117199808336
560.0	12326.187733735334	-1389.2013867886556
561.0	12322.009717532586	-1367.3122079205539
562.0	12357.2300972164	-1421.5838192066228
563.0	12368.512597915076	-1414.3685156867766
564.0	12367.54588747937	-1432.2021168390231
565.0	12346.852778526498	-1410.8469594764065
566.0	12354.899202653442	-1402.394043446464
567.0	11754.258834231696	-562.2360783899766
568.0	11777.06434399072	-554.5509700300677
569.0	11810.541033613175	-582.5762052628519
570.0	11762.700229292683	-565.432670205692
571.0	11782.586543036587	-614.7165441522496
572.0	11807.76653031003	-627.2014942273096
573.0	11800.380536614715	-556.2115480624062
574.0	11790.614789183806	-618.9530616406195
575.0	11817.840401176001	-680.7667721996424
576.0	11866.826852957965	-560.4492067083092
577.0	11945.250652712448	-585.1722953574996
578.0	11830.611309875494	-625.0438424633121
579.0	11825.880877595786	-684.9494103428225
580.0	12295.57384295179	-1356.4707577965985
581.0	12461.280052199654	-1390.087137837052
582.0	11839.370286304678	-720.2321483703021
583.0	11980.755331965396	-568.8877683601105
584.0	11846.633813657281	-733.3292581116293
585.0	11879.676215613123	-757.7116815666541
586.0	11865.204409165957	-731.9156198535547
587.0	11853.88125373218	-746.4502940798233
588.0	11850.4305862715	-706.0199210782988
589.0	12114.147535452566	-607.5917471414981
590.0	11893.945619457665	-783.4113951759906
591.0	11868.435083874494	-772.6125561483387
592.0	12014.575761603948	-635.5437625074597
593.0	11876.563788093108	-776.6428126778446
594.0	11891.24993336134	-802.7457881423403
595.0	11906.05652779071	-828.7075026726485
596.0	11921.098163755509	-854.6018395944362
597.0	11908.552082930246	-808.3680570726423
598.0	11935.73188053634	-889.3558050329884
599.0	12171.727487406197	-581.7915106932896
600.0	11951.2786066161	-914.9251898808958
601.0	12307.127676877813	-590.5659768804938
602.0	11999.742210134695	-990.44380904566
603.0	11931.483107563967	-848.3185044877531
604.0	11999.843688030227	-981.385929039319
605.0	11943.967432011481	-893.1167335142782
606.0	11961.54053226023	-899.0264356504662
607.0	12016.598975365712	-1015.1439097114107
608.0	11913.55678748058	-841.6880923677651
609.0	11921.664594854417	-832.6132570052645
610.0	12032.423630085808	-1008.0327931530646
611.0	12085.626100033098	-1070.1421123528605
612.0	12033.645836285616	-1030.54791458619
613.0	12234.596046787983	-622.460400335407
614.0	12026.773500808784	-999.8792647223776
615.0	11883.904063177912	-789.7137603294627
616.0	12077.752096239294	-1090.8087546187646
617.0	12086.741147664654	-1102.7834086048153
618.0	12130.99589340425	-1129.7020348452527
619.0	12105.349681149355	-1135.5822508751535
620.0	12114.513218932547	-1147.4462902043135
621.0	12150.857715656326	-1165.7879844178867
622.0	12123.693769907788	-1159.2814113537572
623.0	12142.174158104419	-1182.8187678409129
624.0	12151.476495869678	-1194.5766629423176
625.0	12168.711982672561	-1187.9563575073037
626.0	12160.822563240821	-1206.2320754033728
627.0	12179.59483486686	-1229.5642805901077
628.0	12188.313095070693	-1232.1269347236566
629.0	12197.794422664068	-1243.7322953456564
630.0	12223.797226553397	-1246.192322423105
631.0	12216.836403432315	-1266.7075619388645
632.0	12288.742763765717	-1299.0629549564935
633.0	12237.154990521709	-1298.5056740104958
634.0	12275.539537699027	-1334.3834278601262
635.0	12264.206737364992	-1303.897244715224
636.0	12256.806856455732	-1321.0706148371846
637.0	11776.810602729254	-592.423216824854
638.0	11786.69942729376	-584.1861835511136
639.0	11804.656297489988	-645.3929516086123
640.0	11818.776421054945	-671.7371628338636
641.0	11819.9630151886	-634.0294814364806
642.0	11833.067515044588	-698.094132773931
643.0	11861.410230650747	-683.7935698345688
644.0	11898.632014669944	-815.7162514082261
645.0	11916.662905448393	-823.9595311687232
646.0	11928.647839972009	-867.4754622335362
647.0	11973.20743816082	-904.0187537264216
648.0	11959.65928334339	-918.5268352550205
649.0	11767.701590860312	-557.918118626707
650.0	11770.587137300035	-578.3025156372398
651.0	12336.50478623446	-1400.0351206033772
652.0	12426.505542664132	-1404.4998491659492
653.0	12042.311047235738	-1042.700284018841
654.0	12055.074612371818	-1027.8658884427514
655.0	11983.592396689908	-956.485389816599
656.0	11977.350228349824	-922.7351297264983
657.0	11967.877602827595	-931.0299535532889
658.0	11991.585322144523	-968.9671437343886
659.0	11995.375034135837	-952.8405440379993
660.0	12025.061774407593	-1018.3439534863546
661.0	12043.424990701407	-1023.3808110009395
662.0	12008.156936912688	-993.7652253505831
663.0	11786.526001248305	-562.7123272020817
664.0	11812.825940635666	-565.9582921470766
665.0	11794.659897503761	-601.5590484417766
666.0	12132.319765363456	-1162.0134936652003
667.0	12144.708434088037	-1157.978774754496
668.0	12095.744599020187	-1114.667682705641
669.0	12068.740196753992	-1078.8432155238522
670.0	12059.631678524967	-1046.1160840242853
671.0	12051.07075101735	-1054.7395280408873
672.0	11808.424893911433	-614.396167813807
673.0	11797.646203520226	-632.1815976423139
674.0	12315.944291255844	-1378.3531337565928
675.0	12335.70600105696	-1381.3787644404656
676.0	12226.466047742497	-1278.1261708941645
677.0	12245.231782581288	-1281.7271116011834
678.0	11822.566631854994	-651.9678747377202
679.0	11811.707216704342	-658.5589145865048
680.0	12276.471564797806	-1307.6783214192528
681.0	12265.574616650336	-1323.2722803621011
682.0	12245.89875506883	-1300.8112588644317
683.0	12258.013947973903	-1286.3288542832768
684.0	12207.278442758194	-1255.2473330329974
685.0	12226.127443449555	-1259.3969881908197
686.0	12169.521251987693	-1208.8368025503732
687.0	12189.208037455808	-1214.1845300527996
688.0	11835.853671027338	-679.6647243565525
689.0	11915.956356757431	-564.9887624615382
690.0	11973.006769496316	-641.1062435736343
691.0	12285.53956500166	-1345.459543046835
692.0	12283.378926192241	-1325.4372307731944
693.0	11861.979735175571	-750.5189378262148
694.0	11906.317195163536	-742.846029703694
695.0	12064.288366050998	-575.1987067503616
696.0	11905.545364528532	-789.446391798189
697.0	11946.135763001805	-873.9968253423825
698.0	11975.889888914118	-943.7315471535245
699.0	11987.350837944634	-937.8017634105412
700.0	16524.13224420688	-1175.459950671133
701.0	16993.52460016208	-1395.699636369722
702.0	12059.856018982056	-1066.8032375900686
703.0	12070.00168567883	-1060.5444197967597
704.0	16400.61898574978	-1395.5382750922279
705.0	16409.879537996596	-739.090772024205
706.0	12572.349513465044	-1392.1274155104845
707.0	12504.116982650403	-1372.1819841767017
708.0	12242.55345109306	-1268.2234854938124
709.0	12797.427482136389	-838.8605456937688
710.0	12730.388782602015	-1360.6843106284316
711.0	13099.862986255372	-895.533687825878
712.0	12965.972618020385	-1320.057803512462
713.0	13423.67336705913	-1313.9784224374873
714.0	13402.593502415157	-913.5815721493085
715.0	13567.794408917433	-1314.2790877193668
716.0	13707.015530861563	-917.6704369905716
717.0	14006.039704587258	-919.7002564120879
718.0	13856.182463409054	-1316.0866993401203
719.0	14305.14059584334	-922.3261593892233
720.0	14145.980988835792	-1321.947439540945
721.0	14593.823019365484	-1224.3988473241552
722.0	14437.315145011538	-1332.897582190794
723.0	14885.952835345337	-1236.2951578257882
724.0	14729.456562274981	-1345.8627348634209
725.0	15174.09458124199	-1245.572775487528
726.0	15021.23596254481	-1359.77850105101
727.0	15461.136013772542	-1379.2841724551083
728.0	15364.495087416928	-1255.0645904743458
729.0	15798.91471112981	-1232.8129378373796
730.0	15618.618782922184	-1377.9869272647065
731.0	16004.945584449919	-1379.7235870025495
732.0	15945.178128698672	-1152.2863723986295
733.0	16262.358641714736	-652.5444513129078
734.0	16184.057175160282	-1237.6881917560888
735.0	16690.402214515398	-910.6244421960188
736.0	16404.8291014719	-1256.877103322502
737.0	16707.04999788763	-740.5217439730567
738.0	16794.60911555524	-1399.1474069268843
739.0	17343.81386523289	-904.4797345037665
740.0	17193.975334902254	-1397.1451722812055
741.0	17593.272292712925	-1404.6939226610332
742.0	17498.11381575101	-1161.5344521627921
743.0	17393.983560929675	-1401.3043096153276
744.0	17792.46807642769	-1407.7672891653701
745.0	18190.113918550924	-1416.3827062936252
746.0	17947.122401349017	-909.5894496321447
747.0	18096.487844035368	-1172.268132789278
748.0	17991.309251499068	-1412.614467732974
749.0	18547.48374005009	-912.330211168517
750.0	18389.12154993322	-1418.367738810979
751.0	18787.203781001343	-1425.4095265798649
752.0	18694.75991938791	-1173.2468295331091
753.0	18588.333421403633	-1420.9693913250005
754.0	19148.89288669252	-922.4480736677828
755.0	18986.05461255459	-1429.796419990373
756.0	19384.31012899296	-1435.8736909655008
757.0	19290.524440025983	-1186.4742885978383
758.0	19185.209997249698	-1432.2882005709273
759.0	19748.69234877074	-929.7429498626861
760.0	19583.590342230575	-1439.6102199561303
761.0	19981.935412975265	-1446.1704817645789
762.0	19888.009739623318	-1194.7990748684133
763.0	19782.850242916942	-1442.205339802831
764.0	20180.93618912296	-1450.5723494426256
765.0	20578.748055137305	-1457.6190347078211
766.0	20119.972220470634	-1029.120461914695
767.0	20383.777278429825	-1294.439663745201
768.0	20379.871144300665	-1454.05810818149
769.0	20777.629980726495	-1461.5073971139382
770.0	20949.19749697609	-947.8612216579671
771.0	21175.24219613092	-1467.8898883085203
772.0	21572.85967541367	-1472.2137034061586
773.0	21082.270385692744	-1037.5884649037187
774.0	21374.042334840207	-1470.3552008893955
775.0	21446.77844752186	-1047.7800100479974
776.0	21771.69848220267	-1474.2802658415137
777.0	22169.425560045987	-1477.253964028345
778.0	21970.569804188784	-1476.3337218904735
779.0	22148.52509870999	-959.9824719550543
780.0	22368.360264491657	-1477.67787093102
781.0	22766.266188713682	-1479.1467124029466
782.0	22509.722063312816	-1051.9566647199772
783.0	22567.354412497603	-1478.2795452016614
784.0	22749.06702116001	-963.1667096125402
785.0	22965.10012164162	-1479.7931683938775
786.0	23363.08698343854	-1480.0988010512547
787.0	23106.67907571181	-1052.760313562123
788.0	23163.991901666475	-1479.925165258301
789.0	23348.439068360036	-962.629441216015
790.0	23562.215249908473	-1480.5524613168848
791.0	23960.226162636798	-1480.5301598424846
792.0	23705.146009768374	-1053.630570878165
793.0	23761.239060037075	-1480.8128336193952
794.0	23949.09617391847	-964.0484339222754
795.0	24303.88211332497	-1054.4918206205748
796.0	24159.323636767327	-1480.1533529636163
797.0	24557.55931795978	-1480.2910366026715
798.0	24549.61770878851	-964.3512572206752
799.0	24358.4776867289	-1480.2417946023431
800.0	24903.067858840484	-1056.8155082675155
801.0	24756.71655638173	-1480.420941106375
802.0	25155.286027403596	-1481.5362174160848
803.0	25152.249289260042	-966.295516514802
804.0	24955.976587487687	-1480.8355979295827
805.0	25355.206302340328	-1481.973672197324
806.0	25762.78395385905	-1483.818034253584
807.0	25272.58239527475	-1235.5943064598698
808.0	25556.10490941282	-1487.3381821880275
809.0	11796.575418649147	-589.0468753475828
810.0	11842.511331858028	-590.452398227772
811.0	25713.64247480174	-976.8039714816168
812.0	25851.67556463018	-1232.484790825855
813.0	25514.0419598638	-1245.0643320339666
814.0	12315.218296836732	-1360.0456534211141
815.0	12384.869366100991	-1422.9239791389148
816.0	24757.292145440475	-1322.6126842876438
817.0	24159.79922092736	-1322.3536844201728
818.0	24671.59212505641	-1054.0679379246242
819.0	23562.764502989146	-1322.6621001596384
820.0	24072.50854155523	-1054.1790846153763
821.0	22965.910726800183	-1321.919732655624
822.0	23473.518098205317	-1053.1937687280752
823.0	22369.633264119868	-1319.8103474990228
824.0	22874.994273114702	-1053.3709512448786
825.0	21774.506843447005	-1315.3774669382474
826.0	22276.94361379925	-1051.0146172033692
827.0	21178.18119178758	-1308.6153836941467
828.0	21680.25702062181	-1045.1731739660445
829.0	20184.830331673897	-1298.0866308927496
830.0	20616.733993242775	-941.6505754410045
831.0	19586.900494009988	-1288.5831483680606
832.0	20016.384869574562	-931.8204125465849
833.0	18990.34600315667	-1279.3600461176495
834.0	19415.818805847706	-925.763162576331
835.0	18392.874433855886	-1258.6149087129809
836.0	18816.646086127137	-917.0406866201744
837.0	17797.10680449189	-1247.8274405257416
838.0	18213.899525616474	-914.4685233489987
839.0	17195.060661027466	-1243.7638036043093
840.0	17613.03589088311	-907.1514891611301
841.0	16540.903138723643	-1006.5436134857246
842.0	16271.305402209515	-1004.3018633037591
843.0	16620.57330688873	-1248.7461095046467
844.0	16826.956057982552	-992.9151203905694
845.0	12207.372492113436	-1236.8391086527329
846.0	12132.700927552156	-1142.2600289831298
847.0	12227.454290052627	-686.670428640981
848.0	12067.92117518169	-969.429862294428
849.0	12342.581281431512	-1388.5933336451224
850.0	12428.477627660119	-1341.7111192096806
851.0	11914.481139152624	-631.0222936109318
852.0	11817.875083137353	-643.2063763765867
853.0	12195.484957889634	-1221.9336826685394
854.0	12558.529199378607	-1350.3472445733107
855.0	12276.73901206521	-1318.0555396004831
856.0	12178.721657255754	-1201.2472462061003
857.0	12257.680259960025	-1296.4038320798143
858.0	12163.128085708573	-1169.527534828255
859.0	12232.53624074292	-1266.9959521986318
860.0	12213.672031355009	-1244.5041693399617
861.0	12175.316228468431	-1144.9677051415317
862.0	12205.824046041836	-1224.0951548697346
863.0	12429.357347186218	-849.6154816102226
864.0	12189.71457083791	-1204.0185175878942
865.0	12114.815380111546	-1120.7010376143742
866.0	12178.563177593074	-1189.4057750093652
867.0	12104.44591997916	-1106.3381651170923
868.0	12374.967675814703	-721.7149728396865
869.0	12145.63191304253	-1147.2723781201173
870.0	12098.465947909672	-1098.4316869799895
871.0	12138.665395697855	-1114.9810312990612
872.0	12120.922711215115	-1128.6129565746385
873.0	12087.062616132449	-1083.3381834063166
874.0	12114.891922158013	-1109.5611464320398
875.0	12113.032718060442	-1080.317704597993
876.0	12075.915085500645	-1068.5670575275792
877.0	12099.170447392129	-1088.0618227191
878.0	12052.935681158428	-982.7302446934269
879.0	12016.060903130592	-983.858155580488
880.0	12070.052547962398	-1048.91342747281
881.0	12109.008729657144	-659.3564986920373
882.0	11891.349884958181	-764.7978617913304
883.0	12010.532846859942	-975.6269825343765
884.0	12042.293594495204	-1009.9117409478525
885.0	12000.643337799993	-961.1341280018551
886.0	12057.219567093205	-952.3481456621308
887.0	12026.228748640146	-986.6995509764716
888.0	12158.22990229578	-1138.9163944032523
889.0	11919.7133749501	-784.7845050735019
890.0	12002.40926881978	-918.334365586427
891.0	12159.446924875418	-697.7662905494029
892.0	11941.854625208012	-823.3412935665079
893.0	11941.06310332685	-865.4541962370173
894.0	11988.3610427496	-925.9230683701335
895.0	12097.211378213457	-749.8361383563006
896.0	11956.375698985314	-890.5346331202485
897.0	11931.39618837279	-835.3558293311477
898.0	11943.2481764736	-855.3284014449849
899.0	11955.820121748933	-830.3605419722813
900.0	11870.028110631349	-740.6427891515347
901.0	11918.43254624157	-812.6575203023489
902.0	11864.880475714088	-718.2555997238396
903.0	11889.051195421378	-774.6973556818733
904.0	12063.59488987777	-685.0940728930951
905.0	11933.892672482818	-809.2967103742503
906.0	11942.166721605505	-616.9263792379539
907.0	11840.650560606524	-688.4214964721632
908.0	11875.429075073627	-693.1106061959708
909.0	11879.616700129445	-743.7944436392894
910.0	11855.243176314832	-714.7585349246796
911.0	11831.12946160661	-670.8454786085064
912.0	11849.962666870771	-692.2132250738754
913.0	11856.015988716485	-640.0058772161532
914.0	11882.507677598793	-602.0293369628629
915.0	11893.08610876744	-624.2555579221595
916.0	11857.716964004547	-605.905378590404
917.0	11823.969650819277	-594.914312962419
918.0	11799.310586464895	-610.3798036126773
919.0	11848.381555225753	-625.5812925723445
920.0	11821.405037615536	-609.8298432160185
921.0	12367.652508203246	-1404.1284372381251
922.0	12399.227491913773	-1368.3566680986041
923.0	12302.00099318288	-1345.9605766468037
924.0	12332.904571588922	-1368.4427330560945
925.0	12306.360914703415	-1316.9315074536971
926.0	12295.336837116543	-1338.6360089462244
927.0	12312.793879914296	-1347.5404090319655
928.0	25037.984999715478	-1057.2681180306943
929.0	25058.598100407846	-1235.439903124686
930.0	25287.39507862132	-1056.1549898088372
931.0	25429.482319264618	-969.5839596248703
932.0	25370.616917164338	-1324.636056774502
933.0	24657.944021835905	-1233.3845735535767
934.0	24857.231458790153	-1234.8826226192093
935.0	24816.77664871131	-965.2289343069975
936.0	24436.674221431178	-1054.566143418413
937.0	24458.802335567325	-1233.3720187654028
938.0	24060.480481749906	-1233.1608090149973
939.0	24259.639897043027	-1233.1588407842482
940.0	24216.06949701463	-964.7049398568785
941.0	23837.82492488301	-1053.709769210028
942.0	23861.48178346355	-1233.360885381852
943.0	23463.477511442772	-1232.9868575510366
944.0	23662.494168244473	-1233.2680367491473
945.0	23615.456931275592	-963.2315454656946
946.0	23264.4524024308	-1232.714338957774
947.0	23239.180732239915	-1052.9119826662543
948.0	22866.95734358449	-1232.3074329684885
949.0	23065.63330425248	-1232.6410978552492
950.0	23014.993427789726	-963.1024666388881
951.0	22668.27199716329	-1231.576568482961
952.0	22642.10663961529	-1052.3962188528683
953.0	22270.849145702672	-1230.2316516714625
954.0	22469.599762466252	-1230.8503741631255
955.0	22415.850033063016	-961.6996035877813
956.0	22072.613450631066	-1234.2159849123072
957.0	22044.18516395442	-1054.0350503424397
958.0	21676.368636616455	-1223.5835970138396
959.0	21874.998263553327	-1231.8166131831379
960.0	21912.833840056894	-1052.1188679426662
961.0	21548.675135907168	-954.9143709446768
962.0	21477.18423975534	-1227.4660869964507
963.0	21278.84549687721	-1225.1174008976698
964.0	20781.35747501518	-1308.3979902132687
965.0	21080.596294920364	-1216.5206852515068
966.0	21314.663910773477	-1046.1962163050819
967.0	20882.461628777408	-1219.6637495460654
968.0	20485.353058507084	-1026.6106225099509
969.0	20582.957438982387	-1298.517200470321
970.0	20718.49802704988	-1038.6508239138911
971.0	19986.04763337495	-1286.7971759890322
972.0	19885.914302317804	-1016.198904336877
973.0	20286.360918584924	-1208.9931481252079
974.0	20252.470175260267	-1031.4878594367613
975.0	20087.539546965505	-1205.497054825606
976.0	19688.09630807133	-1199.8374536177882
977.0	19287.164277536423	-1008.7822243450337
978.0	19388.13458194996	-1278.1196552225877
979.0	19489.32279030343	-1197.520895238137
980.0	19520.36717669074	-1022.8564668446846
981.0	19091.96281850926	-1191.0026892960025
982.0	18689.33699365972	-997.1635338070076
983.0	18792.19100710902	-1266.6248334788452
984.0	18923.98828731033	-1013.5048979820307
985.0	18894.110282564023	-1187.0057491146
986.0	18494.311975368666	-1169.3035319719183
987.0	18089.237243767948	-997.2161753746253
988.0	18193.88940182805	-1261.7633378147784
989.0	18322.613109336544	-999.3821115884972
990.0	17898.492683223943	-1162.0760570672653
991.0	17488.762730764076	-988.6402045870449
992.0	17596.881014685612	-1250.2929790343744
993.0	17724.676570562693	-989.9828147251519
994.0	17296.453958690443	-1158.6527876388602
995.0	16983.502952398787	-1242.0866494388163
996.0	16994.485269435656	-908.5958919524243
997.0	16839.585675533704	-1159.4841684784042
998.0	17083.694850895026	-1157.5236583736921
999.0	16284.27544680943	-1170.1506833001197
1000.0	16052.731039351513	-1232.0334349406996
1001.0	15960.662063375436	-999.4637855370814
1002.0	15649.099721826533	-1170.226297583976
1003.0	15629.755244710963	-1012.9565858305899
1004.0	15295.56170843671	-1180.5252174947207
1005.0	15332.91977231519	-1022.0758016498554
1006.0	14983.182190996893	-1240.954116617136
1007.0	15060.430593283892	-1173.0426597692876
1008.0	14691.445761258406	-1228.7960650698114
1009.0	14772.324331942698	-1165.3557614009085
1010.0	14398.594822859981	-1217.6329827555164
1011.0	14105.78357228513	-1208.8130283942482
1012.0	14479.7175703143	-1155.3927542320955
1013.0	13813.489277112976	-1203.7944730156385
1014.0	14186.39139053222	-1146.9045876244982
1015.0	13595.986182426355	-1139.878764653248
1016.0	13892.639995790783	-1141.7407298809921
1017.0	13325.167280057269	-1198.5214308151656
1018.0	13519.171254622595	-1202.5290131779736
1019.0	12948.316434615184	-1210.2521873913126
1020.0	13247.43816540636	-1126.4434452498724
1021.0	13024.143506063107	-1131.6367362742076
1022.0	12252.841687405979	-1256.593711054745
1023.0	12827.602262906528	-1064.4345031694036
1024.0	12866.89344301066	-1175.9039019218083
1025.0	12877.89291203023	-948.4244556177467
1026.0	12234.090757134718	-1234.8064181010875
1027.0	12717.77444576392	-1157.823546428733
1028.0	12714.500366342689	-1295.694278207259
1029.0	12216.489095918876	-1212.84905403454
1030.0	12657.77208002237	-1280.537025538945
1031.0	12581.13592827141	-1313.8273657995487
1032.0	12555.215764524391	-765.6393382475162
1033.0	12290.016898024378	-736.1788397017972
1034.0	12128.668755555189	-1102.7520618461124
1035.0	12447.92414537892	-778.8779679302806
1036.0	12096.613036513942	-1059.5785510285416
1037.0	12201.040687579894	-1192.1941774566276
1038.0	12520.980335493858	-1342.7547734628497
1039.0	12465.683055179155	-1309.4327563153954
1040.0	12474.036483250697	-1366.9453686667705
1041.0	12404.81926417733	-1403.9284151845743
1042.0	12322.840709236205	-1336.6151783123744
1043.0	12436.69449811465	-1386.5699687177312
1044.0	12363.862936782445	-1379.922940807939
1045.0	11847.555601854527	-656.7700582251751
1046.0	12375.987794628121	-1391.3540016541895
1047.0	12344.711543249701	-1355.4443115912102
1048.0	12421.310175602439	-1365.2669622719102
1049.0	12362.74199232211	-1362.8104970904103
1050.0	12271.552593835397	-1278.3457394542322
1051.0	12456.618381223374	-1339.87235648522
1052.0	12556.19909446106	-1267.901406921618
1053.0	12542.706874203657	-928.7321821092804
1054.0	12276.010789158698	-789.5766500966632
1055.0	12499.964510049938	-1307.0785577830939
1056.0	12334.104571169753	-1290.1959371053763
1057.0	12512.576540124333	-1268.7450700156242
1058.0	12605.618379526322	-851.588504332048
1059.0	12745.49349483886	-1065.3206981522496
1060.0	12573.516316732987	-1219.9622347593813
1061.0	12534.188991398223	-1176.7057986243387
1062.0	12609.354665292558	-1038.9960697002273
1063.0	12600.074515456108	-1108.1009529516043
1064.0	12651.16238094811	-1159.4369772030561
1065.0	12688.161579859503	-997.8292456751957
1066.0	12383.578034822356	-1328.6651534206424
1067.0	11934.04996027297	-671.5408432815244
1068.0	11875.929828663924	-642.5561841935092
1069.0	11860.96509442576	-667.8600427943171
1070.0	11875.988487711265	-709.4221313372636
1071.0	11964.695438349301	-666.8794808004137
1072.0	11891.679759257566	-733.7775755664328
1073.0	11935.446653606617	-698.2167217194916
1074.0	11959.33122117549	-712.1130629558374
1075.0	11894.36609788231	-670.8532014102633
1076.0	11877.01524796431	-660.312600864822
1077.0	11892.334788766637	-687.7176797011604
1078.0	12032.500720498552	-673.665104063386
1079.0	11905.927805380474	-759.9490780012269
1080.0	11972.677797893337	-874.2593002731537
1081.0	12146.781972662895	-742.0341707819262
1082.0	11957.126753823346	-849.3849746941529
1083.0	11988.053127647525	-847.9885829727942
1084.0	11972.16887775429	-857.5836893996087
1085.0	12361.682621358239	-871.040027903305
1086.0	12219.948997499254	-802.7445049848278
1087.0	11970.456781045075	-819.3779126577314
1088.0	12037.581462654764	-976.3137117726625
1089.0	12023.648503450051	-952.8827164810506
1090.0	12068.287491964764	-1020.1811895348637
1091.0	12008.824550383257	-851.5416052326358
1092.0	12126.711494900548	-1051.1055574641694
1093.0	12054.272115773565	-999.0943826280642
1094.0	12083.082560206116	-1039.3419672517855
1095.0	12418.426423644863	-966.8088020877652
1096.0	12145.280788501594	-1054.4720534399185
1097.0	12129.100309707355	-1087.802598534047
1098.0	12152.968419099014	-1119.1830417200733
1099.0	12193.000322833768	-1181.482167934287
1100.0	12306.215828660277	-1258.6993277233632
1101.0	12214.35955877365	-1194.9900428751432
1102.0	12231.47720109215	-1218.0068246898852
1103.0	12330.049766926795	-1228.405910347603
1104.0	12265.343021261311	-1226.8942035208627
1105.0	12249.908596529196	-1240.1551499446705
1106.0	12269.058664755701	-1262.1142223330717
1107.0	12440.818875398392	-1283.4135603976745
1108.0	12381.168806142377	-1353.5099854722146
1109.0	12340.463223797075	-1339.734624222112
1110.0	12111.911823281609	-1065.0305039608909
1111.0	12088.387744090658	-979.0600293921592
1112.0	12304.792592141122	-1275.192239165776
1113.0	12320.737928912888	-1320.6892949503326
1114.0	12286.781046916438	-1283.5631868349756
1115.0	12304.352165682196	-1302.4611949928294
1116.0	12316.396912715822	-1287.3822427249117
1117.0	11903.639451886394	-799.7411481618734
1118.0	11935.737087318996	-796.0217880106035
1119.0	11987.983114477085	-881.0074223941198
1120.0	11971.774985319034	-914.4721272651362
1121.0	12016.245229238695	-940.1485158413992
1122.0	12011.193404712501	-964.3970899563374
1123.0	12053.798767581844	-1038.1263286165504
1124.0	12162.494872322672	-1180.1920985047934
1125.0	12194.95817912888	-1167.5388740690548
1126.0	12422.022138390426	-1018.7028987345129
1127.0	12229.112802056472	-1180.942286273582
1128.0	12481.49738143635	-1234.4020970098925
1129.0	12246.727349474872	-1205.2898996911215
1130.0	12408.804172651433	-1319.9559929848026
1131.0	12438.40544968975	-1115.769052221004
1132.0	12285.710354355899	-1250.8387582714022
1133.0	12284.927801738291	-1232.0573005692677
1134.0	12213.39469987662	-1152.7391362937651
1135.0	12300.848054141221	-1187.8135546397255
1136.0	12264.775330249555	-1208.8285466785157
1137.0	12178.037179969391	-1160.9564193837512
1138.0	12163.935885655927	-1106.3683833728385
1139.0	12446.102617342462	-1161.787690386728
1140.0	12186.05815708667	-1074.9810276372998
1141.0	12246.492487584417	-1186.084372434215
1142.0	12116.969165572302	-1037.2530916771423
1143.0	12189.487546567609	-1130.3341250814453
1144.0	12169.30331654069	-1037.4275948419593
1145.0	12146.548708529563	-1075.8818938726938
1146.0	12146.866985059394	-821.9407998266112
1147.0	12003.01760093969	-903.423812311307
1148.0	12037.112193798073	-957.8199609925874
1149.0	12270.32328468402	-884.0672803935153
1150.0	12038.024163544724	-920.697928144043
1151.0	11987.64766301272	-828.8072389527885
1152.0	11940.842041105056	-747.4079096495061
1153.0	12110.494156150868	-818.6132277587949
1154.0	11922.65724066199	-733.8467372336921
1155.0	11967.090924061093	-794.232568776848
1156.0	11980.629844496407	-694.2463918324484
1157.0	12349.722811864374	-1321.2935926830935
1158.0	12336.4368383456	-1309.0326768699294
1159.0	12383.850445337497	-1238.1774356799099
1160.0	12538.18996692774	-1126.4849825119607
1161.0	12485.792610438313	-1190.3019977808435
1162.0	12412.080746433923	-1292.098034342621
1163.0	12267.732114116108	-1170.1202150738948
1164.0	12444.02117158119	-1246.7163888596413
1165.0	12346.646236871879	-1271.164319942852
1166.0	12366.78655163938	-1281.3807444580573
1167.0	12367.530859456028	-1312.6732774337459
1168.0	12117.527493720316	-1018.8313134450649
1169.0	12068.616391572714	-1004.8787537732636
1170.0	12097.043764034252	-1044.369467505286
1171.0	12019.12246641652	-926.9922711154037
1172.0	12082.98897405164	-1024.8384603025097
1173.0	12087.746525866545	-998.1447829363575
1174.0	12008.24561707377	-867.8848337804162
1175.0	11987.544136377643	-896.4472651207816
1176.0	11961.889209793351	-738.4051604204464
1177.0	11920.24290903966	-769.5445039138862
1178.0	11919.819841781418	-710.9476467682865
1179.0	11984.160497601806	-781.9173576814774
1180.0	12008.65000402085	-817.3147976591468
1181.0	12064.462490646607	-731.3058323248351
1182.0	12033.319076511449	-753.9510276131629
1183.0	12176.71242035969	-785.2101169592648
1184.0	12110.15989133835	-966.0638304614143
1185.0	12311.082196780013	-844.459194925014
1186.0	12135.672787595075	-1006.6809494067887
1187.0	11914.675708967108	-659.8635204277228
1188.0	11902.586575623507	-703.5862500119711
1189.0	12006.816889782085	-740.668660279632
1190.0	12006.866134538026	-706.5944961615951
1191.0	12548.086498143724	-1005.6896425706358
1192.0	12473.737461009025	-913.5205297046905
1193.0	12305.121228032362	-1216.4660662488568
1194.0	12386.110300788196	-1269.5146618027727
1195.0	11949.50636016488	-784.8315502990584
1196.0	11938.817099265783	-766.0026280321672
1197.0	11983.138588358326	-754.6126534150941
1198.0	12034.008973079806	-781.5479233358668
1199.0	12023.957944565112	-831.760972210619
1200.0	12018.912155783373	-893.5042997616553
1201.0	12130.452903089945	-888.0207714707934
1202.0	12059.639708047156	-934.6250784450622
1203.0	12055.575208783426	-889.998292094307
1204.0	12037.205520791671	-902.1205100654146
1205.0	12182.535938300804	-991.1918777555651
1206.0	12097.508506027787	-1011.4441823239328
1207.0	12413.023187166022	-1224.0636366817253
1208.0	12330.361814937101	-1251.8577141199748
1209.0	12378.968829088326	-1164.356865227063
1210.0	12410.809403925332	-1183.235037437861
1211.0	12482.712799694651	-1042.3720868127937
1212.0	12090.768997001725	-789.684512465823
1213.0	12008.528695593923	-795.5702602687192
1214.0	12230.448872830666	-1157.7980255210125
1215.0	12387.607021726739	-1097.4575205977726
1216.0	12226.964623467371	-859.7515470955992
1217.0	12198.688204849235	-1092.3777451164271
1218.0	12221.070985286451	-988.9846892204254
1219.0	12280.086936835394	-1185.3391321177896
1220.0	12323.108760027173	-1166.761427529489
1221.0	12355.254423095961	-1217.3376750342638
1222.0	12482.09641831512	-1094.0625435027414
1223.0	12217.50415013781	-1104.8386127331196
1224.0	12370.607329047883	-1052.0818238012296
1225.0	12361.343179379262	-940.3873421793778
1226.0	12313.731941088561	-965.2406555908741
1227.0	12091.78489683709	-850.7021988366378
1228.0	12194.923841845439	-883.1151987974876
1229.0	12058.710006003234	-798.7511021570614
1230.0	12023.701193818013	-873.4051639574263
1231.0	12162.761704738672	-1083.7614764560087
1232.0	12257.304352931236	-1150.1612600725039
1233.0	12228.383315604988	-1046.310289477017
1234.0	12183.36868695187	-1111.468155995931
1235.0	12319.67527949952	-1046.04892876366
1236.0	12193.867688916662	-1050.0569864560257
1237.0	12061.887400746326	-850.2419950279904
1238.0	12048.53766906161	-827.2196136413859
1239.0	12082.113764767957	-925.270425109357
1240.0	12047.357652693914	-869.5287342696143
1241.0	12363.463614542443	-1124.5979865526988
1242.0	12264.570558675116	-1129.4679909691106
1243.0	12325.796052808399	-1129.3335510198394
1244.0	12352.58659008748	-1184.3457038252811
1245.0	12210.645018816305	-1131.523101548375
1246.0	12251.013022088664	-1074.4659198676593
1247.0	12133.314010582892	-979.1012140619345
1248.0	12107.74170760247	-937.7193027103889
1249.0	12158.062780577027	-862.8388395540624
1250.0	12197.199385531252	-925.6287166514867
1251.0	12134.400905923203	-920.4790030878703
1252.0	12273.312470971541	-935.5014267833025
1253.0	12290.72714771192	-1079.7508082277702
1254.0	12165.008992755467	-1014.8801982004085
1255.0	12160.781248019906	-968.0882722481771
1256.0	12232.229353440707	-953.6992113393857
1257.0	12164.286327096097	-937.8105890251385
1258.0	12238.829048566287	-1102.0085002304277
1259.0	12298.446729947042	-1114.473491982788
1260.0	12246.130339990794	-1018.0392082630005
1261.0	12297.708178262068	-1012.4929591895325
1262.0	12100.547848258539	-879.2117028211851
1263.0	12078.867908257283	-899.2210568372302
1264.0	98.20095678501825	-1262.3941413954437
1265.0	11995.662583199015	-1020.1621606232142
1266.0	7388.260831665691	-638.3900825062866
1267.0	11712.919610511863	-552.1767709612665
1268.0	11696.400337204532	-553.423446406855
1269.0	11674.832083284527	-555.0994608579721
1270.0	11203.57958338675	-591.7933032461157
1271.0	11612.38070351504	-560.2186996430383
1272.0	11781.147055213793	-659.8877588622264
1273.0	11681.200338158995	-585.6077022663036
1274.0	11802.187523682276	-699.603045877018
1275.0	11801.26741899621	-708.6231093075976
1276.0	11275.687225019754	-626.2622903904171
1277.0	11507.24685993936	-568.3988044020224
1278.0	11387.364595477875	-608.7756233684578
1279.0	11838.219107227837	-765.2622422795774
1280.0	11418.449900321104	-1151.4874458752086
1281.0	11859.655713719238	-813.3763375354696
1282.0	11867.15163760189	-826.3933757338388
1283.0	11889.987147068829	-865.196085362586
1284.0	11583.889404529233	-1268.0241246540338
1285.0	11937.308875313247	-941.8401628184635
1286.0	11727.99116603446	-1285.5788962832007
1287.0	11987.20942568587	-1016.9033156716263
1288.0	11995.793543751803	-1029.2314308904079
1289.0	12004.450203795393	-1041.5059420653633
1290.0	12013.169365421889	-1053.7294280894766
1291.0	12021.952395362854	-1065.9087553292695
1292.0	11844.028709057004	-1300.065399076849
1293.0	12005.726142044083	-1063.6465399195215
1294.0	11938.446521065556	-1309.4331692753178
1295.0	12063.616236965163	-1152.6876719565607
1296.0	12102.789750518403	-1173.9273625627968
1297.0	12014.783106627461	-1318.0013113992584
1298.0	12148.632728691728	-1233.204199220386
1299.0	12075.94166366884	-1325.2618063604382
1300.0	12125.419028828897	-1329.910805706033
1301.0	12195.213007901633	-1291.868884692779
1302.0	12165.410135555998	-1334.420747902425
1303.0	12197.27059846496	-1336.608986718141
1304.0	12214.176991405135	-1349.5004358939657
1305.0	12229.864263222136	-1349.5037652614992
1306.0	11860.342864446759	-804.3516401229016
1307.0	184.33370431528968	-1127.7282389012878
1308.0	96.58468599768649	-632.2536296753359
1309.0	1007.9457643467478	-633.3427423103191
1310.0	1146.3701386677083	-723.9611274687531
1311.0	1436.0022458569954	-724.0160376194084
1312.0	1726.1064666561804	-724.0372918718562
1313.0	2016.2984498284375	-724.0544668507928
1314.0	2306.5061915812607	-724.0723816868616
1315.0	2596.7200887560666	-724.0923408026605
1316.0	2886.9383918636845	-724.115625763851
1317.0	3177.1576314198246	-724.140581835209
1318.0	3467.3489822195806	-724.0816364974839
1319.0	3757.5188461575003	-724.0311732064383
1320.0	4047.7220211742606	-724.0788941655114
1321.0	4338.008628520904	-724.2125245547683
1322.0	4628.52464327655	-724.0787895685534
1323.0	4921.287035114029	-725.764565595693
1324.0	5213.618783527555	-727.7654066799649
1325.0	5503.444474118216	-727.9140705508904
1326.0	5793.27197307206	-728.0907102194359
1327.0	6068.206761467666	-905.5178295708683
1328.0	6360.055747803647	-906.580217789396
1329.0	6651.847163707013	-907.6682846400139
1330.0	6943.196303421049	-907.78776189772
1331.0	11730.703998071245	-554.0445608331794
1332.0	7525.894163704939	-908.1623493376889
1333.0	7817.243199020551	-908.3487072107049
1334.0	8108.593380363755	-908.5066784499795
1335.0	10713.280388835996	-713.4805537926694
1336.0	12251.204351098024	-1351.1470296161108
1337.0	11760.629433546545	-619.8783961626656
1338.0	11845.56617562603	-778.3340881770213
1339.0	11921.628815887774	-907.3930563230188
1340.0	11978.679229944022	-995.4497490627961
1341.0	12039.344406828348	-1081.086569478508
1342.0	12084.1664309345	-1141.0488609819247
1343.0	12129.645220979684	-1200.4933388092704
1344.0	12166.486313296045	-1247.7159787923672
1345.0	12185.093996053669	-1271.2243681698494
1346.0	12213.09483845432	-1306.3263182258904
1347.0	12232.241103948028	-1330.3168733945615
1348.0	12244.827217895552	-1343.4774613412567
1349.0	452.529847528776	-1263.5621229098613
1350.0	743.8143292215782	-1262.1759242281523
1351.0	182.71743352795792	-767.6131825145135
1352.0	331.3610766827412	-759.8279860677793
1353.0	821.3580901197784	-903.814905165882
1354.0	1037.5160233505196	-1262.2069380646165
1355.0	1331.7817980075818	-1262.3401707331163
1356.0	1626.1491677069137	-1262.4686028291026
1357.0	1920.529823559944	-1262.5951048326303
1358.0	2214.9088979219596	-1262.7199062388156
1359.0	2509.2861823494536	-1262.8432390044184
1360.0	2803.66086597177	-1262.9653660979209
1361.0	3098.0223693022394	-1263.0861242724013
1362.0	3392.2929583120203	-1263.1975524523416
1363.0	3686.305188075576	-1263.0768061484725
1364.0	3980.6099371474397	-1263.1924089468703
1365.0	4275.053547857982	-1263.311459180623
1366.0	4569.4975399693185	-1263.6383814392318
1367.0	4861.789856837536	-1262.0259576354747
1368.0	5156.35234833595	-1262.0989799994838
1369.0	5450.9141015124405	-1262.1660888687738
1370.0	5745.0036990897015	-1261.3498361524944
1371.0	6039.618270777343	-1261.385308352117
1372.0	6334.232840464397	-1261.4201349894408
1373.0	6628.8474033212615	-1261.4543559795886
1374.0	6923.462064563676	-1261.4554481447778
1375.0	7218.076608008635	-1261.4909131948043
1376.0	7512.69114879454	-1261.5250282276972
1377.0	7807.305673884596	-1261.5590976658004
1378.0	8101.920195666589	-1261.5930093082375
1379.0	8396.53469901903	-1261.6267571973322
1380.0	8691.149194550491	-1261.6603426166287
1381.0	8985.763767151015	-1261.6674394308452
1382.0	9280.378229039497	-1261.7028326859802
1383.0	9574.992665466636	-1261.7402018318087
1384.0	9869.60703572757	-1261.7852996873573
1385.0	10164.221452683787	-1261.8087258706662
1386.0	10458.835958522746	-1261.8161164802252
1387.0	10758.409599934796	-1261.307576633164
1388.0	11045.057323332474	-1284.2730090517362
1389.0	11767.432197412136	-633.2308010332214
1390.0	11795.121419470242	-686.3955971261298
1391.0	11296.275621142593	-1295.708560561022
1392.0	11816.527407464906	-725.932961640183
1393.0	11830.92864093707	-752.1560974896116
1394.0	11823.698845981691	-739.0582651159142
1395.0	11592.488547235838	-576.3057225611686
1396.0	11774.24392983103	-646.5820809663459
1397.0	11662.536713772557	-564.7354733545419
1398.0	11747.378743388508	-592.9800047321824
1399.0	11740.59368327337	-579.4604237558843
1400.0	11734.872278372	-565.9101035347998
1401.0	11953.79051507289	-957.9972942741077
1402.0	12005.130516305107	-1103.6632609191383
1403.0	7098.523334078952	-638.2008817756133
1404.0	7677.998323040046	-638.5899538163295
1405.0	11753.925545018357	-606.4811407678181
1406.0	11719.495376288682	-555.0765712669835
1407.0	11705.495520687962	-557.9053794329149
1408.0	11686.851525143962	-560.8370335550691
1409.0	11701.221704412475	-577.4517335389895
1410.0	11788.10491991135	-673.1535288171599
1411.0	11707.71948671848	-568.3583470884399
1412.0	11040.273156195266	-606.0116849781431
1413.0	11474.255414656718	-595.1745370898361
1414.0	11632.223191235498	-569.8695289435905
1415.0	11740.774231915442	-634.0204894208988
1416.0	11790.303199225747	-713.6582343237448
1417.0	11766.573943448393	-683.2797758090383
1418.0	11777.282854778767	-688.5140408028286
1419.0	11780.110359609696	-668.8888346996732
1420.0	11497.336921422926	-1307.0103322236591
1421.0	11787.10733150976	-682.1615553462639
1422.0	11852.941141929186	-791.3504289786744
1423.0	11809.313849640102	-712.7927965888699
1424.0	11330.754349565432	-581.9585808109377
1425.0	11798.72292442843	-728.6618816376109
1426.0	11566.326230789737	-563.7276398880559
1427.0	11430.253535761389	-574.3596541276387
1428.0	11486.150607294583	-641.5870970292696
1429.0	11882.894181480871	-843.2515762274012
1430.0	11826.919624030357	-779.3275599305167
1431.0	11182.245841263823	-1225.2379504156743
1432.0	11890.522779667697	-856.1503657482339
1433.0	11837.462296043215	-774.2963376099233
1434.0	11905.952339459474	-881.8444715559414
1435.0	11867.802020693382	-817.3545682319404
1436.0	11913.756203940793	-894.6342189038223
1437.0	11875.32274401606	-830.3241393570693
1438.0	11870.531669209477	-869.4156230658003
1439.0	11874.708519606711	-839.3647196157693
1440.0	11929.56169891505	-920.1035702505686
1441.0	11882.319745997132	-852.2966514479068
1442.0	11937.56931679919	-932.7821589066456
1443.0	11898.206116093903	-869.0123315505489
1444.0	11905.69455216868	-913.684870898666
1445.0	11897.714269986502	-878.0634785756141
1446.0	11973.563182849264	-1029.808577259255
1447.0	11905.501854607166	-890.8949309159676
1448.0	11658.649571180928	-1315.8450662592256
1449.0	11863.827954540053	-844.4512520801394
1450.0	11895.970774154142	-910.9937600972529
1451.0	11962.007044026994	-970.5271993851546
1452.0	11913.353615874776	-903.6910610890906
1453.0	11929.2550597768	-929.165534005229
1454.0	11945.148799064025	-1032.013301225238
1455.0	11945.63954088521	-945.4061419458291
1456.0	11734.826162590194	-1224.3429145265436
1457.0	11970.310599217628	-983.0228297883182
1458.0	11945.435459685737	-954.4725040981847
1459.0	11944.37684606957	-987.6037998234478
1460.0	11978.70117331107	-1004.5203676461593
1461.0	11953.635640541075	-967.0576684249341
1462.0	11959.838875279	-1036.3138304617453
1463.0	11961.913776830092	-979.5962674202539
1464.0	11788.097242081078	-1324.5962297395342
1465.0	11935.335147324766	-960.8828797645989
1466.0	12057.156615695581	-1105.128181774863
1467.0	11959.229370411294	-1008.5572674892804
1468.0	11987.141165594958	-1007.8435010819807
1469.0	11996.216952738423	-1062.2752773207496
1470.0	12004.276392785274	-1032.4485193755256
1471.0	12048.23880604315	-1093.1185594938788
1472.0	12012.941795106215	-1044.6635475568285
1473.0	12021.684405520571	-1056.8520909623828
1474.0	12066.083014658661	-1117.1601352133678
1475.0	11942.071140945112	-1169.7160445723682
1476.0	12030.47470229128	-1068.9792320153272
1477.0	11892.759549931921	-1330.3566280012164
1478.0	12021.088248460159	-1085.1502466064303
1479.0	11848.84292759916	-1251.8293134803073
1480.0	12093.21211629048	-1152.9652433067
1481.0	12075.134894122099	-1129.1208702829913
1482.0	12030.80662235171	-1078.0473392382937
1483.0	12047.323530846159	-1131.8765496647447
1484.0	12048.62395696638	-1102.1444897108238
1485.0	12057.524897083282	-1114.1912307304199
1486.0	12102.27788377366	-1164.8763832678821
1487.0	12019.871077523085	-1234.8071008364896
1488.0	12066.52412291718	-1126.2159921032874
1489.0	11978.174540121277	-1333.9843021033994
1490.0	11940.972763564068	-1269.831158468324
1491.0	12098.961164329703	-1198.9895243095634
1492.0	12120.510835159534	-1188.6449736622353
1493.0	12075.597437145903	-1138.1599382017357
1494.0	12099.358300918933	-1189.1595296350522
1495.0	12093.691191531578	-1161.999199071698
1496.0	12138.801786284266	-1212.334061413648
1497.0	12111.390409323792	-1176.7849272185138
1498.0	12148.018069095639	-1224.173842431738
1499.0	12111.92118554539	-1185.8207055417236
1500.0	12046.45168243502	-1338.941187578078
1501.0	12112.06493011987	-1204.677481267311
1502.0	12130.19385557277	-1209.5219992387772
1503.0	12123.335064080893	-1256.2398345130823
1504.0	12139.39237719945	-1221.383828266861
1505.0	12175.753243252357	-1259.4688213898273
1506.0	12136.224187912434	-1247.2815565673675
1507.0	12157.243737567687	-1235.9522891632657
1508.0	12101.530508955415	-1341.2579974505925
1509.0	12130.356484309421	-1229.0268053039115
1510.0	12155.117758139495	-1260.4367923321927
1511.0	12167.120820732967	-1256.7352870898428
1512.0	12194.483191325902	-1282.8603725395917
1513.0	12145.666495941563	-1343.6007428857065
1514.0	12166.901995318862	-1276.4116043015104
1515.0	12176.437760465778	-1268.5163178454497
1516.0	12184.370890427539	-1310.7030736018448
1517.0	12212.767209484306	-1316.4080485807388
1518.0	12203.819650650867	-1294.561740824591
1519.0	12181.530745059878	-1345.7764309320173
1520.0	12221.58291814949	-1318.8984466324127
1521.0	12168.32589519312	-1317.3643061778469
1522.0	12195.004889311553	-1313.754682500062
1523.0	11850.188525222484	-820.167368534782
1524.0	11852.229687453531	-800.3559134085809
1525.0	86.13274753027144	-947.592123389882
1526.0	578.5085976105065	-715.5749436966344
1527.0	1297.4406062932	-633.451655786084
1528.0	1190.8863399378824	-1171.9217251844798
1529.0	1587.3319295290955	-633.5312403678867
1530.0	1484.9166139392219	-1172.1208652956523
1531.0	1877.2988850854447	-633.6064979454444
1532.0	1779.0617691365296	-1172.313274741853
1533.0	2167.277970694413	-633.6820032537356
1534.0	2073.218628996521	-1172.502053498253
1535.0	2457.2606848313276	-633.7580006884258
1536.0	2367.3721174309762	-1172.6876630167278
1537.0	2747.245925862279	-633.8355502764467
1538.0	2661.5212151257315	-1172.8705982225194
1539.0	3037.2330459320056	-633.914873556529
1540.0	2955.654531723463	-1173.050958837189
1541.0	3327.2192234114796	-633.9940942547171
1542.0	3249.683753708659	-1173.220620538297
1543.0	3617.1784547248208	-633.9895161257165
1544.0	3543.363702126941	-1173.1487777610548
1545.0	3907.143145342459	-634.077218870584
1546.0	3837.077810607306	-1173.0811096022705
1547.0	4197.135687734642	-634.170824991702
1548.0	4131.223300034658	-1173.2532379811075
1549.0	4487.183810682162	-634.3444371667533
1550.0	4425.508032501482	-1173.6366858201554
1551.0	4777.40576048335	-634.1706779123996
1552.0	4717.641471125981	-1172.288659621694
1553.0	5069.700260512701	-636.1638011008055
1554.0	5009.893409137559	-1170.6867335286329
1555.0	5359.491566889935	-636.3051069035838
1556.0	5304.414783457408	-1170.7643401086186
1557.0	5649.28000909642	-636.4460528786435
1558.0	5598.463263856104	-1169.9526716083158
1559.0	6228.868218844912	-636.760900395207
1560.0	5939.073123836839	-636.6153344790417
1561.0	5892.564562765951	-1169.1093664383454
1562.0	6083.106124827489	-728.271969829087
1563.0	6519.048198046547	-637.8626963716711
1564.0	6373.32714104414	-729.3857438148038
1565.0	6808.785729452194	-638.0345465671024
1566.0	6663.490593658364	-730.5258020797868
1567.0	6953.211671697708	-730.7303995768166
1568.0	7242.932715918145	-730.9523476090884
1569.0	7234.5452915187225	-907.9589625755052
1570.0	11725.313326505717	-550.601513807501
1571.0	11733.237393074925	-574.4637577251493
1572.0	7532.6536468861805	-731.2078317428922
1573.0	7967.7359994520275	-638.7621712526247
1574.0	7822.374756679458	-731.4463325823177
1575.0	8257.474640162041	-638.9338137245927
1576.0	8112.097015808395	-731.6566045836685
1577.0	8547.223816971886	-639.0862547360874
1578.0	8401.830775335191	-731.8471001602187
1579.0	8836.972961378211	-639.2391196792686
1580.0	8691.575038558301	-732.018818207982
1581.0	9126.722084771669	-639.3924723300123
1582.0	8838.105263018648	-992.6499688203245
1583.0	8981.319248365025	-732.1914478949944
1584.0	9416.471354055486	-639.5474711754802
1585.0	9131.11022176566	-992.6733867313936
1586.0	9271.06358304924	-732.3662114842936
1587.0	9706.210028594987	-639.7511898825035
1588.0	9424.115190229655	-992.7287231687988
1589.0	9560.797468879498	-732.5913411298721
1590.0	9996.181513821104	-638.7241825547128
1591.0	9717.109472321785	-992.8424840681733
1592.0	9850.753570652056	-731.6344646021925
1593.0	10286.258871220438	-638.941777125396
1594.0	10010.336545629603	-991.7115759702143
1595.0	10141.048355284445	-730.6914639381724
1596.0	10574.068175110166	-637.1861624472849
1597.0	10303.669626688665	-991.7875625247392
1598.0	10434.456319721327	-729.0222880707983
1599.0	11155.442566545864	-748.9528650097163
1600.0	11132.827089675638	-650.3834536153436
1601.0	10830.985885446817	-623.5226344621193
1602.0	11752.71773869096	-615.4610763226236
1603.0	11836.4123567519	-796.1667104222112
1604.0	11844.840979429138	-787.3488164310014
1605.0	11911.176147145045	-935.1004691456146
1606.0	11921.270057135263	-916.447676052229
1607.0	11969.766076361053	-1012.1154059266095
1608.0	11970.267415746705	-992.0827979038007
1609.0	12030.764086378776	-1098.0769051786235
1610.0	12039.714132277635	-1090.127902597197
1611.0	12075.680226999342	-1157.4787968226744
1612.0	12084.638578024553	-1150.0795311758163
1613.0	12118.157747656265	-1212.5814852264782
1614.0	12121.051716323243	-1197.6717547133112
1615.0	12157.871137865031	-1244.9709692534182
1616.0	12127.424971860324	-1308.8546266217847
1617.0	12178.942068484348	-1290.1728089533287
1618.0	12185.844329874919	-1280.2060775734826
1619.0	12200.196905113211	-1322.601899237423
1620.0	12204.432429584542	-1303.6882839606526
1621.0	12236.186360451591	-1341.836892191139
1622.0	12222.447207583877	-1328.8122248911977
1623.0	12210.705192270441	-1340.328914320242
1624.0	342.2606814890108	-1128.8545373134968
1625.0	934.7718335148202	-992.4641415403725
1626.0	392.7033678587759	-940.9332253553566
1627.0	607.1384360402445	-1173.2377128313872
1628.0	719.6190124487831	-633.5835466772492
1629.0	438.39770114784295	-624.55749183321
1630.0	647.4321049305581	-994.2325555615735
1631.0	858.3026028163513	-724.2266062668309
1632.0	543.2662027888546	-896.6356536819076
1633.0	1110.1407205323533	-903.4942277997555
1634.0	897.5217415069336	-1171.8200033328292
1635.0	1401.0520028109797	-903.5961582143973
1636.0	1226.2609451118296	-992.5648767120753
1637.0	1692.5369937417734	-903.6596321583183
1638.0	1518.8122135686729	-992.7337012493377
1639.0	1984.1230331993381	-903.7170967362696
1640.0	1811.5539955419383	-992.8914681173834
1641.0	2275.723249746454	-903.7736005740111
1642.0	2104.3196122305067	-993.0458520263619
1643.0	2567.3278317810305	-903.8306800508993
1644.0	2397.0854860214845	-993.1975588238141
1645.0	2858.9342189432414	-903.8898797010794
1646.0	2689.8494959668	-993.348143461914
1647.0	3150.528362262128	-903.9493815424048
1648.0	2982.5996038538665	-993.4979272009532
1649.0	3442.003702503942	-903.9156519801072
1650.0	3275.2446745381444	-993.6369094445363
1651.0	3733.199196637694	-903.6582299806796
1652.0	3567.513525489377	-993.450588382581
1653.0	4024.7205211585956	-903.7353413336374
1654.0	3859.821995806988	-993.3607228129513
1655.0	4316.464139648058	-903.9018095521338
1656.0	4152.589698846132	-993.5165571571937
1657.0	4608.437546947317	-904.0087844200146
1658.0	4445.552225480084	-993.9637170155802
1659.0	4900.50565608529	-903.9959242388844
1660.0	4736.537285125378	-992.3320314070521
1661.0	5194.413296429509	-905.9835752826524
1662.0	5029.713394385915	-992.6133283466843
1663.0	5485.814140628936	-906.1131356183547
1664.0	5322.655746302608	-992.7223405737356
1665.0	5776.744637592317	-905.3873101661078
1666.0	5615.122340127399	-991.9417178927797
1667.0	5907.646424997273	-991.157794167495
1668.0	6200.697462244595	-991.2012341115806
1669.0	6187.190833785593	-1169.1171406219785
1670.0	6494.133374854704	-992.1996529064903
1671.0	6481.817095974457	-1169.123663596137
1672.0	6787.126931224185	-992.2343914482329
1673.0	6776.443449718681	-1169.0964520981609
1674.0	7080.12054140287	-992.2648590629336
1675.0	7071.069784050999	-1169.0704846600636
1676.0	7373.113924085025	-992.3512150675002
1677.0	7365.6959979268095	-1169.0775400896694
1678.0	7666.107282199898	-992.4468460395134
1679.0	7660.322193447716	-1169.0831999073525
1680.0	7959.1008063484815	-992.5146197473229
1681.0	7954.948369964711	-1169.0886563345796
1682.0	8399.95504367527	-908.6447095111113
1683.0	8249.574524744088	-1169.0937912127977
1684.0	8252.095273057485	-992.5814969417964
1685.0	8691.32720286212	-908.7638005736584
1686.0	8544.200653272937	-1169.098599867876
1687.0	8545.100249615785	-992.6288464526564
1688.0	8982.69938570164	-908.8573146703742
1689.0	8838.826851049867	-1169.0767574480756
1690.0	9274.071582706614	-908.9812591102951
1691.0	9133.453015183813	-1169.0567228641137
1692.0	9565.433305396293	-909.1575454971893
1693.0	9428.079043144382	-1169.0669606117638
1694.0	9857.017177862059	-908.1595544205453
1695.0	9722.704979477401	-1169.0869029598277
1696.0	10148.939779882941	-907.1537675353211
1697.0	10017.330896339497	-1169.092902345372
1698.0	10443.97565059106	-905.4057698729927
1699.0	10311.956948779618	-1169.0611944849265
1700.0	10735.150924269925	-889.271819230417
1701.0	10612.03102725456	-1168.4976243342724
1702.0	10876.897339198878	-930.7927304157365
1703.0	10605.458041413827	-989.3609096872273
1704.0	10910.501375891736	-1190.8934464467445
1705.0	11763.769812370958	-663.7779729438256
1706.0	11773.169320845149	-655.5826108241221
1707.0	11759.495254745038	-628.8477590854088
1708.0	10948.275016826808	-682.1994793449026
1709.0	10972.315935144941	-813.6783098607721
1710.0	11794.158147580922	-695.4047582237199
1711.0	11406.089800159534	-1247.9267918496978
1712.0	11294.204527190814	-702.0217617486924
1713.0	11812.458611317843	-753.8604226026013
1714.0	11808.475776329535	-721.8002724353001
1715.0	11812.412320276331	-767.3449894807842
1716.0	11815.683861587073	-734.9376837609594
1717.0	11830.125725771684	-761.1778498459836
1718.0	11801.146305779379	-747.3483575601398
1719.0	11822.865666676924	-748.0560790867485
1720.0	11540.963600689318	-584.5105431097971
1721.0	11549.563272840836	-620.6346875668236
1722.0	11766.313905900772	-642.2222491771942
1723.0	11647.24654803398	-557.3104344700621
1724.0	11715.593197627064	-614.8825451224529
1725.0	11741.567511281653	-620.6634946343826
1726.0	11746.126343500358	-601.9605847660733
1727.0	11730.674000916806	-612.9787120500556
1728.0	11721.697296585231	-562.2054915164954
1729.0	11739.380533141513	-588.3732640742496
1730.0	11729.47500246973	-594.1462726384422
1731.0	11723.146262326612	-577.2785631051969
1732.0	11729.132947369993	-561.1717415650392
1733.0	10947.962649773928	-1053.2569051740757
1734.0	11202.581582761317	-1109.4943560669005
1735.0	12185.191787951293	-1297.9438189306231
1736.0	12158.860693748711	-1303.5186285590528
1737.0	11717.345496838925	-569.7586588663034
1738.0	11666.307567469596	-581.6683952862641
1739.0	11720.597021853275	-588.0482377001244
1740.0	11755.343304286245	-646.7189909012692
1741.0	11596.457946399134	-658.5658062726203
1742.0	11884.183609719066	-921.9513008869011
1743.0	11637.383552602623	-591.8764369704968
1744.0	11779.054561933432	-706.588700332392
1745.0	11086.929551383626	-836.0599268883852
1746.0	11102.854338712159	-1030.8928734302935
1747.0	11402.616170840107	-668.6576403809582
1748.0	12168.655969516183	-1289.0863860057561
1749.0	12148.954398191738	-1252.5898388379137
1750.0	12144.84717963069	-1299.5161101533492
1751.0	12141.95487559127	-1279.73787638678
1752.0	12076.786960537314	-1299.6902952582902
1753.0	12154.21441551197	-1271.065613088238
1754.0	12094.18287722302	-1262.8314720992992
1755.0	12097.588804996718	-1287.06936841709
1756.0	12136.52991870977	-1236.9145970399925
1757.0	12126.889436594072	-1274.146431057501
1758.0	12018.546632721469	-1286.8031218204815
1759.0	12080.770584643587	-1175.6038261576366
1760.0	12117.729785477728	-1223.0365244383993
1761.0	12076.481163173923	-1234.215932907744
1762.0	12093.260422578993	-1181.2245606599888
1763.0	12057.936079124644	-1134.4365886531734
1764.0	12035.06711471917	-1115.5650434710399
1765.0	12081.713220340918	-1165.4294438642603
1766.0	12051.060505397501	-1282.1714868971528
1767.0	12085.68658601521	-1205.7644138489002
1768.0	12050.92297319531	-1160.0760692077347
1769.0	12064.005594201777	-1142.3994835295136
1770.0	12011.591976434489	-1071.7807778851213
1771.0	12003.636572236994	-1143.893365704577
1772.0	12047.353457063313	-1120.6870486319106
1773.0	12036.705896009938	-1106.08553350551
1774.0	11974.665099717704	-1250.5534514131002
1775.0	11985.454657140726	-1035.3925101313187
1776.0	11985.89454224894	-1090.187932398822
1777.0	12020.675987037937	-1096.1384794280712
1778.0	12010.39590947136	-1081.9541619393156
1779.0	11907.434331095174	-1210.4366788175575
1780.0	11954.171618485525	-989.254265052749
1781.0	11995.16858480541	-1049.2005599992397
1782.0	11926.537391163502	-946.8715082294044
1783.0	11975.448911947196	-1020.3886530667563
1784.0	11900.100010972588	-1242.5185315976807
1785.0	11986.012418852906	-1073.1848987752558
1786.0	11921.158022217927	-938.4063989194461
1787.0	11959.75265316399	-997.595278049835
1788.0	11811.042396283692	-1172.8559422218332
1789.0	11943.747600928216	-974.4762712307323
1790.0	11885.398564604931	-881.0044799356862
1791.0	11933.802163099057	-971.8262727463201
1792.0	11880.238680257831	-872.41284297037
1793.0	11911.985976035206	-967.4260384820227
1794.0	11924.767744374492	-956.8478630231845
1795.0	11910.981542924133	-922.2037100330581
1796.0	11799.746457178966	-1215.1241623863352
1797.0	11932.62551926662	-997.3496678477173
1798.0	11591.844126398277	-1191.568497001538
1799.0	11848.827368092612	-863.5165847176717
1800.0	11852.480585248559	-837.8830444282315
1801.0	11895.37548852661	-897.2606622998228
1802.0	11883.51026799735	-891.1512042998687
1803.0	11792.361500834479	-843.5415992781176
1804.0	11841.338653674009	-804.8368239109417
1805.0	11872.07710234991	-858.3451511576895
1806.0	11861.770972766995	-854.3866084015541
1807.0	11855.19004390104	-828.8657483406308
1808.0	11822.016460470026	-770.5623983213032
1809.0	11839.98464217048	-815.6235816245747
1810.0	11328.971462801657	-1083.5256202377593
1811.0	11673.439289605705	-1178.1534568500726
1812.0	11838.836409716258	-843.0940529725273
1813.0	11517.651743453544	-1134.1153585966742
1814.0	11869.266438776773	-896.5585441753714
1815.0	11814.585462500727	-800.8917606265555
1816.0	11540.075819662796	-1066.3843050539065
1817.0	11826.594880935938	-792.1832044888246
1818.0	11800.22485191047	-777.621709602301
1819.0	11598.97956808841	-604.4218269065004
1820.0	11527.74172472874	-650.9355087984823
1821.0	11343.559264926298	-993.9671842879828
1822.0	11260.717690549593	-919.8533623863981
1823.0	11425.899083361111	-900.220535351055
1824.0	11457.400303761484	-680.6542310795727
1825.0	11740.43761508502	-735.4264409055983
1826.0	11803.538376743842	-737.4234326893323
1827.0	11773.891507697137	-733.6445529791454
1828.0	11788.596777968536	-724.6895308073277
1829.0	11753.873819742315	-659.2741848101244
1830.0	11781.989405602537	-697.3552876629468
1831.0	11581.416923793826	-627.9678886904143
1832.0	11740.120567834623	-667.2389016638044
1833.0	11624.03208573474	-610.3417120152766
1834.0	11696.866858999567	-632.7315995927196
1835.0	11399.72002532913	-780.0116362747291
1836.0	11364.52322709872	-717.6000691817135
1837.0	11244.712362428036	-766.1221859987636
1838.0	11146.4026443758	-930.8103156995676
1839.0	11727.738185923312	-641.8852378975007
1840.0	11734.025026808116	-603.255737736552
1841.0	11750.790280523242	-637.7874340318831
1842.0	11708.298474059578	-589.6217199117806
1843.0	11656.177763098143	-596.2502644286906
1844.0	11683.684036817349	-616.2074313936246
1845.0	11704.22655157795	-602.181023198406
1846.0	11689.44892632139	-574.4123530316787
1847.0	11971.212985113054	-1056.016375127867
1848.0	11984.655887184213	-1046.3042165503127
1849.0	12105.25139949967	-1230.574659600119
1850.0	12115.031431151821	-1291.5881560196315
1851.0	11290.514393439591	-842.272294564263
1852.0	11483.215924706727	-730.2805173806415
1853.0	11688.90119376845	-601.2063860602399
1854.0	11958.88903590332	-1084.4267997118288
1855.0	11746.431206140884	-1115.4717296706337
1856.0	11713.45066199978	-630.4320761833818
1857.0	11635.030915021054	-634.3369952376166
1858.0	11764.552319044806	-711.6155428086689
1859.0	11692.609314753705	-650.6516358203522
1860.0	11665.853376836438	-615.1906167421148
1861.0	11721.06708689242	-693.7229306034982
1862.0	11787.64394926178	-753.1566262340699
1863.0	11658.057995627232	-634.8120725062612
1864.0	11761.095686065722	-727.6400989718392
1865.0	11556.48385348854	-819.7850333878426
1866.0	11612.583237030092	-720.5550896047249
1867.0	11375.203356432781	-840.5834374072074
1868.0	11547.743851087973	-689.4341962667264
1869.0	11463.62859001576	-780.6954937750428
1870.0	11826.0813241581	-823.4897821455537
1871.0	11667.990920816306	-678.2494392445193
1872.0	11625.019419980033	-659.0150277110466
1873.0	11531.968354599056	-729.7120707985827
1874.0	11759.897165359356	-763.955578403887
1875.0	11584.606421805378	-689.7312926172739
1876.0	11492.368530838508	-891.44915407802
1877.0	11563.283504799823	-767.4161669463405
1878.0	11687.868877447605	-1129.4275036284598
1879.0	11786.768786434382	-769.9454113980482
1880.0	11855.036761319026	-874.232375021842
1881.0	11818.65864350333	-864.8063049437563
1882.0	11812.960895527489	-817.0776214912912
1883.0	11825.155835505937	-837.586760934395
1884.0	11810.166847600542	-850.5237181934468
1885.0	11837.24017433337	-858.7922369405527
1886.0	11899.720567632206	-944.9632439892163
1887.0	11853.091665320913	-886.9296510506441
1888.0	11792.080742418866	-919.2891739977003
1889.0	11869.344494870958	-913.6255429649736
1890.0	11616.41029654204	-1053.5556392559404
1891.0	11871.724923054111	-956.1797568627402
1892.0	11835.508494937014	-894.8068297968402
1893.0	11881.574117658109	-996.828890502106
1894.0	11918.289587882433	-978.1865704613447
1895.0	11885.103639569032	-938.7539753321149
1896.0	11930.764492431104	-1047.5262391513945
1897.0	11931.479456147876	-1012.4292145958456
1898.0	11899.618473192086	-963.0673386776476
1899.0	11916.483698908642	-990.5824369700264
1900.0	11939.630617433415	-1060.355238521631
1901.0	11901.359173483113	-1005.0812600477742
1902.0	11911.461894477945	-1020.5260243187853
1903.0	11945.491296174505	-1017.8328303996132
1904.0	11958.2874474993	-1051.6099219113632
1905.0	11854.438082930114	-1163.6523860347327
1906.0	11971.521148848731	-1069.8223400313
1907.0	12021.104436506947	-1121.4686716491753
1908.0	11997.831564507236	-1093.5354755606556
1909.0	11968.527174163464	-1098.5102246139668
1910.0	12034.494758736071	-1141.3879828422098
1911.0	11908.845462503106	-1130.623393833029
1912.0	12004.224119510376	-1115.5091229036934
1913.0	12001.466044271794	-1258.96269811133
1914.0	12020.562006741	-1136.1021099875113
1915.0	11943.027594950638	-1201.97351363657
1916.0	12066.592965087832	-1182.5233007269642
1917.0	12035.429118932821	-1155.3086505854135
1918.0	12022.16826771265	-1168.8127225074447
1919.0	12032.364670521012	-1198.8997871167248
1920.0	12051.828933797471	-1175.7646621875065
1921.0	12053.532401924544	-1208.874692119538
1922.0	12068.853691379583	-1198.8678493595041
1923.0	12108.071130864942	-1249.443663157422
1924.0	12089.361121734551	-1222.945133195805
1925.0	12056.162659931004	-1261.9523562105885
1926.0	12042.053820506257	-1242.4283938590768
1927.0	12078.483187297117	-1255.2332682539352
1928.0	11772.887331978192	-747.8065139697501
1929.0	11769.6334190955	-778.4077795293033
1930.0	11800.285701854009	-793.9207960888252
1931.0	11768.403859877733	-672.6625962349868
1932.0	11750.563295784	-705.7384423532827
1933.0	12032.92192868569	-1182.1343058172333
1934.0	12057.48533799954	-1227.042056320873
1935.0	11853.419881465828	-924.6963495248256
1936.0	11671.631111362281	-653.7489233854036
1937.0	11643.821651684053	-714.3651963878316
1938.0	11755.003822673882	-968.0025626123328
1939.0	11786.116449273344	-809.1677258673972
1940.0	11718.207570117358	-716.0911429202309
1941.0	11986.27171627728	-1173.6684559540572
1942.0	11969.385610981686	-1214.7776593614697
1943.0	12014.134863612833	-1209.4458582954728
1944.0	11992.026918461039	-1129.8530081659403
1945.0	12004.308473011895	-1162.6833104813068
1946.0	11970.677634586573	-1133.3374797212552
1947.0	11888.969232167663	-1057.3857975952385
1948.0	11939.924042101755	-1079.3661514186635
1949.0	11824.143747482556	-1099.2124671969893
1950.0	11881.396678850933	-972.7843399762805
1951.0	11815.704779397534	-882.8633782030896
1952.0	11831.808687484541	-996.0548629656956
1953.0	11854.880279799014	-950.4478889773782
1954.0	11813.528078332725	-929.3533081710715
1955.0	11835.758654987747	-915.5065294814194
1956.0	11629.186674001832	-993.7887743173754
1957.0	11794.230060109263	-824.1924813648033
1958.0	11768.920231990924	-801.331007512128
1959.0	11740.243270097599	-757.5799593470414
1960.0	11749.080503368372	-815.0685806975252
1961.0	11607.035816513455	-757.9620894019354
1962.0	11673.171442953508	-781.0365525390747
1963.0	11496.351534096337	-1009.1233778384327
1964.0	11638.638526242103	-787.1980845897275
1965.0	11505.581368596808	-832.495913634486
1966.0	11722.489644126683	-769.8879593304773
1967.0	11676.92524465719	-732.5418426479415
1968.0	11686.132985909768	-694.060638606598
1969.0	11644.406310040236	-683.9906208388069
1970.0	11424.051694744623	-976.0232144096954
1971.0	11590.328463864718	-945.6561680829722
1972.0	11922.944502857586	-1093.2092830937988
1973.0	11911.089427871653	-1041.4425780487097
1974.0	11751.996174978764	-691.0646392991445
1975.0	11704.87905697545	-683.468545138246
1976.0	11695.651968106837	-717.9784664609955
1977.0	11737.763529582198	-683.9601616425704
1978.0	11726.260263442806	-658.0931836976021
1979.0	11964.250531627913	-1158.3629827326422
1980.0	11990.45034162553	-1197.8256635186826
1981.0	11855.83399077779	-1119.1945131165128
1982.0	11885.042946725765	-1179.5842749854103
1983.0	11710.254633052517	-1043.5920105335517
1984.0	11786.112907715993	-1130.6622399112596
1985.0	11857.100641516901	-1012.1734277159698
1986.0	11661.725608712228	-1081.3725517697883
1987.0	11611.329689610031	-900.0409054238917
1988.0	11748.103345139083	-1062.4613602855995
1989.0	11913.238631817185	-1155.9675533623056
1990.0	11958.208515752563	-1117.18810131567
1991.0	11835.384340251527	-965.7979479412752
1992.0	11680.027189645281	-973.3821175038496
1993.0	11733.471133612373	-721.0021770134414
1994.0	11707.715195273413	-664.5600582111159
1995.0	11688.693702169441	-757.3867829827699
1996.0	11665.297208248594	-854.9091302989333
1997.0	11595.682325385931	-851.2977531452652
1998.0	11771.11434181463	-858.0696678440903
1999.0	11726.021698432824	-798.8385551443025
2000.0	11721.682759151656	-861.9368803955537
2001.0	11784.21501316002	-978.6329521357075
2002.0	11787.533958301583	-1041.4672418451075
2003.0	11811.693365263318	-953.8931871783747
2004.0	11894.834280232584	-1084.6386523109904
2005.0	11823.892659069947	-1063.0278385158715
2006.0	11931.59083824825	-1116.9478080886674
2007.0	11882.045685259363	-1109.7822425379138
2008.0	11794.507603534405	-893.4989437142976
2009.0	11748.06195897588	-845.2611254907455
2010.0	11747.11549757873	-910.4151417228628
2011.0	11770.953647461714	-883.9267511917715
2012.0	11533.827800838471	-948.1621058060633
2013.0	11720.896992107419	-901.2338132799899
2014.0	11796.70913408181	-1006.5605632702778
2015.0	11858.359788882533	-1044.2397246913158
2016.0	11715.779836525782	-995.3684412061781
2017.0	11761.034838863321	-933.1986634816288
2018.0	11657.815818198855	-899.2328665583555
2019.0	11687.65510809699	-924.4414724039101
2020.0	11699.242660079639	-807.9150228020208
2021.0	11634.084686425862	-828.1648818915552
2022.0	11695.922265190966	-840.8208032600518
