0	0.92796934
1.4104705	0.98092854
2.8694099	0.92796934
4.6885812	0.9103161399999999
7.1021353	0.83970384
9.7138166	0.8220506399999999
10.884571	0.83970384
12.45158	0.80439774
14.108647	0.69847941
16.324074	0.64552021
18.845697	0.55725491
21.727553	0.5042957100000001
25.293849	0.46898961000000006
27.563309	0.5042957100000001
29.796747	0.5396018100000001
31.507851	0.5042957100000001
32.53451	0.4513365100000001
34.389705	0.4160304100000001
36.046773	0.4513365100000001
37.865943	0.4160304100000001
40.099381	0.3630712100000001
42.458902	0.2748059100000001
44.079944000000005	0.2571528100000001
45.322745000000005	0.2571528100000001
46.151279	0.2571528100000001
47.304021000000006	0.1865405100000001
48.060508000000006	0.169
48.889042	0.2041935100000001
49.303309000000006	0.2041935100000001
49.68155000000001	0.1865404100000001
51.37464100000001	0.2041935100000001
52.58141900000001	0.1865404100000001
54.77883400000001	0.23949961000000008
56.18373700000001	0.20419351000000008
56.99426000000001	0.22184661000000008
58.36314200000001	0.22184661000000008
59.91213800000001	0.22184661000000008
61.26300800000001	0.22184661000000008
63.73059600000001	0.22184661000000008
67.15280000000001	0.2394997100000001
69.47629600000002	0.25715281000000006
71.45757200000001	0.25715281000000006
72.82645400000001	0.20419361000000008
74.87977500000001	0.25715281000000006
77.31134000000002	0.31011201000000005
79.05846600000001	0.31011201000000005
80.823603	0.32776511
93.4	0.32776511
93.4                53.5
0                   53.5
0                   0.92796934               
