1.0	12262.546852185571	-1356.0146990332348
2.0	12272.077948140599	-1367.2709170700018
3.0	12274.693317854433	-1368.2977489884026
4.0	12277.90203527094	-1372.0472440710248
5.0	12281.11488621088	-1375.7619790558863
6.0	12284.328220400399	-1379.4719374907315
7.0	12287.540969182313	-1383.1766583192502
8.0	12343.37060209581	-1448.6014039019046
9.0	12348.865385209936	-1448.0681618489086
10.0	12354.594862711048	-1447.6150230797466
11.0	12362.491212930057	-1449.3210885064298
12.0	12319.345391367882	-1399.0848932151966
13.0	12367.724591391512	-1449.150600401358
14.0	12353.986300746243	-1435.140086236386
15.0	12357.42582905823	-1438.859587503176
16.0	12360.520349801787	-1442.767773635286
17.0	12364.379833434163	-1445.5269768389926
18.0	12302.29014604079	-1380.8715054609095
19.0	12305.692431970674	-1384.5450384791536
20.0	12278.587806050715	-1355.1701078009028
21.0	12309.114063884042	-1388.1886100019756
22.0	12265.044884478295	-1357.1045145242872
23.0	12312.527222148803	-1391.822558572676
24.0	12315.93445530007	-1395.4529878072387
25.0	12281.980930079297	-1358.862785583895
26.0	12285.297955694781	-1362.569748168982
27.0	12288.680352901167	-1366.2477123420397
28.0	12322.755518915112	-1402.710498426304
29.0	12292.06951979277	-1369.9190936610537
30.0	12295.465883367271	-1373.5846554304933
31.0	12326.181096777807	-1406.3356682299388
32.0	12298.868709621443	-1377.2439760657592
33.0	12290.74731815086	-1386.8768485666442
34.0	12329.596954002029	-1409.9547103062816
35.0	12296.17994500851	-1388.7487802114058
36.0	12299.378893702122	-1392.392720598281
37.0	12333.028107532955	-1413.5727459949032
38.0	12302.597632298908	-1396.0907414514113
39.0	12336.450124478639	-1417.184148387554
40.0	12306.818601854968	-1405.3690193907132
41.0	12339.89127983377	-1420.7971492912711
42.0	12343.347422977124	-1424.4056044615998
43.0	12347.058937643631	-1427.927681564157
44.0	12350.513609735395	-1431.5483560881694
45.0	12342.79509240894	-1445.8312913161963
46.0	12265.655497929038	-1359.828557504687
47.0	12268.974372048122	-1363.5055707819283
48.0	12271.494396179776	-1354.7911968926148
49.0	12276.173132644677	-1364.1775128586785
50.0	12275.269127699852	-1371.0298888204625
51.0	12279.301967899073	-1367.9176918236662
52.0	12278.461886113999	-1374.766913042339
53.0	12282.576403175372	-1371.6125886112766
54.0	12281.662239647352	-1378.486846067788
55.0	12285.882440478958	-1375.3115617590536
56.0	12284.860609380581	-1382.214729251318
57.0	12289.189121132664	-1379.0190376730698
58.0	12288.065592570698	-1385.9249734139946
59.0	12346.262060923791	-1449.745808826942
60.0	12349.772381953277	-1443.506695605419
61.0	12351.782035132428	-1449.4212718708434
62.0	12359.928770508675	-1447.7196497153327
63.0	12352.575149559229	-1443.0571288430149
64.0	12357.366807578617	-1449.087860208903
65.0	12364.911284321575	-1447.9871999077877
66.0	12361.189076287932	-1445.1911566465378
67.0	12304.118299353402	-1404.4667486907122
68.0	12336.642119334889	-1441.2308035104652
69.0	12357.712039778307	-1442.1089193568653
70.0	12354.652815330868	-1438.068225778851
71.0	12354.83861513349	-1444.3594057325308
72.0	12294.024351726766	-1378.3003374461725
73.0	12302.944692795309	-1383.6809971806242
74.0	12294.47729752396	-1393.3348905392284
75.0	12277.417806452673	-1359.811823453012
76.0	12275.972065218384	-1354.1557637970388
77.0	12270.226254276597	-1359.227442009139
78.0	12306.351314725864	-1387.3534488652824
79.0	12297.685449830504	-1397.0504786756712
80.0	12313.157653518596	-1394.624176443381
81.0	12266.982687292724	-1355.4165892410522
82.0	12272.981424586846	-1360.3469037707682
83.0	12274.01249639816	-1355.921179439654
84.0	12300.89911405815	-1400.7612531759266
85.0	12314.4033329124	-1402.6507350750871
86.0	12309.764370671046	-1390.9928512163433
87.0	12269.5077734725	-1356.5315086336673
88.0	12271.568829794533	-1364.5241246091002
89.0	12305.833569766919	-1399.790697164969
90.0	12316.544769451672	-1398.2595651349677
91.0	12279.264999682035	-1357.9663939541945
92.0	12282.60502744231	-1361.6793872730893
93.0	12283.883743017925	-1367.255158498051
94.0	12285.92740335431	-1365.3849088664517
95.0	12287.257597232237	-1370.9376004263922
96.0	12319.928708090725	-1401.8935023319598
97.0	12310.574535450616	-1411.862926499093
98.0	12289.314915067725	-1369.061520001482
99.0	12290.635336860447	-1374.6287341194047
100.0	12292.70964042788	-1372.7321906408677
101.0	12296.111071119849	-1376.3965617723873
102.0	12323.322641376079	-1405.525112736637
103.0	12313.811387120348	-1415.5533045240652
104.0	12297.969187543453	-1384.5037881110609
105.0	12299.531210659894	-1380.0288204630212
106.0	12292.48220163784	-1382.669520383608
107.0	12291.262865350664	-1389.6437887498807
108.0	12326.717899212497	-1409.1543498523822
109.0	12317.054115759916	-1419.2381575609018
110.0	12300.748472095142	-1385.4273734778078
111.0	12293.957726734234	-1390.562521390666
112.0	12304.0684128364	-1389.082018354425
113.0	12297.173539877558	-1394.2496808800727
114.0	12330.114571410499	-1412.7804257023647
115.0	12320.303090627242	-1422.9176089705377
116.0	12307.419697882242	-1392.7321162381766
117.0	12300.383026124226	-1397.9613179011803
118.0	12310.765483544397	-1396.3838471651236
119.0	12303.597896821257	-1401.6677517927992
120.0	12333.513482774562	-1416.4026146093718
121.0	12323.57308670495	-1426.5840208400307
122.0	12307.343531943608	-1408.1673778238767
123.0	12317.435627967467	-1403.6855618775946
124.0	12310.04530590286	-1409.0654093435412
125.0	12336.916417448234	-1420.020912715483
126.0	12326.847062131086	-1430.244587157082
127.0	12320.788129943097	-1407.3348245802197
128.0	12313.277729706453	-1412.7567134700312
129.0	12324.130305250239	-1410.9774621295971
130.0	12316.515891125853	-1416.4425742755764
131.0	12340.349912642063	-1423.6394491407852
132.0	12330.087318208112	-1433.922938804305
133.0	12327.475219998685	-1414.6170803773778
134.0	12319.760101740574	-1420.1228499658312
135.0	12330.822431200138	-1418.2510788490733
136.0	12323.025421827342	-1423.7901182121611
137.0	12333.36136095399	-1437.5797285795597
138.0	12348.372331341785	-1440.7737098569676
139.0	12351.213385544625	-1434.3464090688474
140.0	12344.052977220415	-1427.1726531800941
141.0	12334.173594697413	-1421.8770134219992
142.0	12326.309505315423	-1427.444032891877
143.0	12337.541273246485	-1425.4787576634233
144.0	12329.557528486679	-1431.1155123539631
145.0	12347.753898762787	-1430.7233249833425
146.0	12342.17241699234	-1429.0761217252473
147.0	12332.79921016583	-1434.788927963821
148.0	12341.391839975726	-1440.3059058861975
149.0	12339.931096166221	-1444.8935896966013
150.0	12349.25590889441	-1436.2560730809198
151.0	12336.074902710025	-1438.4408739778153
152.0	12339.35896080375	-1442.1047242661173
153.0	12345.822637064404	-1432.614941386036
154.0	12274.78104400113	-1358.7809529423355
155.0	12268.311781547563	-1360.8365655969237
156.0	12273.661409604223	-1362.9745811857251
157.0	12280.601200671217	-1363.5518781447752
158.0	12352.675560476686	-1440.0152807430243
159.0	12344.088175649335	-1441.3648556569076
160.0	12350.051569241847	-1438.9968052126317
161.0	12338.076857450485	-1436.626793171334
162.0	12340.676953247328	-1437.6179043240643
163.0	12346.624871386799	-1435.3496365029357
164.0	12334.894698963812	-1432.8173103181282
165.0	12337.458804492431	-1433.794030127386
166.0	12339.193090925537	-1432.2016086152082
167.0	12331.92061646082	-1429.1257144972944
168.0	12334.545894980232	-1429.9615233019438
169.0	12337.398395895272	-1428.123780816278
170.0	12328.671017026943	-1425.491016460095
171.0	12342.421489313385	-1435.9935128724549
172.0	12341.555679949648	-1433.409980207547
173.0	12331.571661816748	-1426.3017728686311
174.0	12334.339817687372	-1424.4925585204255
175.0	12325.372651764425	-1421.8526158275745
176.0	12328.28182835355	-1422.6935020236617
177.0	12331.016250153398	-1420.8887133337719
178.0	12322.092128087103	-1418.197356578109
179.0	12343.247115717173	-1431.7227665120038
180.0	12339.481486311959	-1429.3871463202852
181.0	12324.982346910847	-1419.0546131982292
182.0	12327.69770454672	-1417.2578649096179
183.0	12318.83202337165	-1414.5279152730263
184.0	12321.702274352241	-1415.39800517063
185.0	12324.370008627957	-1413.6144772585096
186.0	12315.578654119998	-1410.8534855305606
187.0	12318.42844377969	-1411.7354175820449
188.0	12321.058991382566	-1409.9684923507357
189.0	12312.318845177339	-1407.169716318472
190.0	12315.148999138639	-1408.0640055345536
191.0	12317.727927358867	-1406.3122698155214
192.0	12309.067008979384	-1403.4804883888376
193.0	12308.602379423479	-1400.7011630610066
194.0	12311.8654783425	-1404.383153796932
195.0	12314.095791119451	-1400.033347449223
196.0	12305.349393178492	-1397.0136220983275
197.0	12311.093306993651	-1398.986440843237
198.0	12302.105409829748	-1393.3229419441104
199.0	12307.7903793858	-1395.3214943162518
200.0	12298.904869622793	-1389.6641890781764
201.0	12304.486489205776	-1391.6564445129513
202.0	12295.709100215068	-1386.1809900319622
203.0	12301.21330938104	-1388.0199842654795
204.0	12289.733561659326	-1381.570262827522
205.0	12294.65725243119	-1381.0336580925125
206.0	12291.304860406754	-1377.3849745828156
207.0	12286.464139675467	-1377.8826414042114
208.0	12287.93789838985	-1373.691717564501
209.0	12283.199167767421	-1374.1759908336717
210.0	12279.93227077577	-1370.4789078621773
211.0	12284.579374729294	-1369.9940423985493
212.0	12281.250468587305	-1366.3124886722674
213.0	12278.129910078844	-1362.5807059543984
214.0	12276.695922548823	-1366.7538882004544
215.0	12292.971334740987	-1385.2277910279856
216.0	12297.406472862722	-1381.9147268159888
217.0	12344.915159403305	-1437.040994293811
218.0	12344.919292720078	-1444.1013756564223
219.0	12348.098126693092	-1445.1938412640968
220.0	12345.866959010857	-1439.7243355161302
