1.0	28525.500792546114	-3316.537724008989
2.0	28610.019789441445	-3275.161987721583
3.0	28445.23832605954	-3255.0161532973493
4.0	28684.614796715236	-3383.479167757567
5.0	28822.31682379991	-3401.715426462403
6.0	29097.268014879854	-3276.678613969348
7.0	29213.34672300906	-3362.1478691229713
8.0	29549.46641661473	-3346.015070272995
9.0	29895.595885646853	-3336.053715041504
10.0	30239.84522928177	-3331.5660337348763
11.0	30583.243213455396	-3333.576368100387
12.0	30907.550744073877	-3248.148164381119
13.0	31030.268918038182	-3339.4163907004836
14.0	31728.33709347551	-3355.908654348741
15.0	32074.41713566445	-3363.7349829424566
16.0	33898.019001608576	-3405.5879453608504
17.0	35031.93846465174	-3427.0178157679934
18.0	36163.381245485645	-3454.3681480421933
19.0	36851.97780903388	-3473.346444023919
20.0	37196.13767652694	-3480.9504033091102
21.0	37542.621348659886	-3486.786797168157
22.0	37866.48658552825	-3406.259165593298
23.0	37990.54163536846	-3491.9033829424466
24.0	38335.81774109509	-3494.5038195205084
25.0	38680.33967307021	-3496.032534364418
26.0	39374.37430039855	-3496.917798109489
27.0	41187.75805940482	-3414.9190280162534
28.0	44812.764396878505	-3515.5125738054176
29.0	44907.66256509543	-3432.81377251426
30.0	42482.75724219182	-3419.528886137374
31.0	28906.713038837228	-3282.168863833296
32.0	31559.38687694632	-3262.1437660835822
33.0	32409.38184003111	-3288.398295885871
34.0	29411.30635198209	-3265.702791033688
35.0	29735.928295529626	-3259.1901389132267
36.0	32733.708994354132	-3297.256162478888
37.0	30059.96770831897	-3253.355824507073
38.0	33058.29351053646	-3305.7202120982024
39.0	30382.68718440048	-3250.021388588037
40.0	33381.482245867606	-3313.702352126653
41.0	30705.86601154391	-3249.8817416899788
42.0	33703.642151319094	-3321.157968318735
43.0	31233.052818206783	-3254.0644383026342
44.0	34228.02718021385	-3332.289099628471
45.0	31379.641147099665	-3347.9798979421844
46.0	34552.17013810535	-3338.4300252804333
47.0	31884.14414862553	-3271.4425354896334
48.0	34875.87569120454	-3344.4453631731594
49.0	32207.81477312314	-3281.154714592007
50.0	35520.12953819316	-3357.5723423177947
51.0	32520.834273852928	-3375.1879613601654
52.0	35843.81255231957	-3365.4075485286535
53.0	32867.34793165769	-3383.037970322371
54.0	36045.46016188578	-3370.055136806823
55.0	33212.69394914242	-3390.851645186045
56.0	36693.01429788094	-3386.704187134847
57.0	33555.59450432565	-3398.4157081139515
58.0	34026.37152152753	-3328.0702578021396
59.0	34343.237136687014	-3414.3159188934806
60.0	34688.59179342175	-3420.588995632014
61.0	35198.01239170439	-3350.692597917708
62.0	35373.701016917	-3434.131934057896
63.0	35717.017626000095	-3442.465987787158
64.0	36369.79278577545	-3378.542007655294
65.0	36508.460493678635	-3464.2301701192896
66.0	39163.28235380531	-3412.67232089774
67.0	39689.90094170397	-3413.1841602502523
68.0	37015.79585142002	-3393.8997960213787
69.0	40013.17915499255	-3413.2422684721096
70.0	37339.6753346814	-3399.7173627747397
71.0	40336.409958912045	-3413.3941551002736
72.0	37664.79659741642	-3404.1912463206554
73.0	40661.161844089926	-3413.764048880259
74.0	38190.97339516095	-3409.0471271354777
75.0	40986.057974233234	-3414.363051220054
76.0	38514.306391320504	-3410.9155315220414
77.0	41511.06175956519	-3415.8114925071022
78.0	38838.04221725021	-3412.0633802823354
79.0	41833.938858015994	-3416.886241985236
80.0	39026.76659586544	-3496.754162957184
81.0	42157.98996337194	-3418.131178484207
82.0	39488.20007769013	-3412.9258006227014
83.0	39820.86952934959	-3496.89370698381
84.0	40164.82739514755	-3496.7205241598167
85.0	42806.438028908386	-3421.053255333298
86.0	40510.259367067694	-3496.7635960611383
87.0	40857.35698039315	-3497.113836465573
88.0	43008.136129011706	-3422.022037578368
89.0	41303.85665603651	-3498.056262448252
90.0	43330.96546508158	-3423.6993813804916
91.0	41647.487655329336	-3499.001754443101
92.0	41991.86617056197	-3500.1861082837368
93.0	43654.53248319139	-3425.4691997271807
94.0	42338.13586644384	-3501.5902201734207
95.0	42684.03621521363	-3503.180971691621
96.0	43979.381567147975	-3427.318066400225
97.0	43128.848331176465	-3505.4208412842854
98.0	44303.61653388254	-3429.2165732826215
99.0	43472.69735092262	-3507.3207327779223
100.0	43818.56644724091	-3509.340982560094
101.0	44619.57816355017	-3431.095363731894
102.0	44165.10359816111	-3511.4491638242
103.0	44502.75352232038	-3513.5569213313297
104.0	16135.621333080257	-3004.8080242081855
105.0	28298.80237573141	-3229.6694710632432
106.0	16186.332429767592	-3036.982308804203
107.0	16532.673778519773	-3002.1790856315906
108.0	16731.81146813968	-3008.9100803299966
109.0	16931.21194572691	-3013.955891373707
110.0	17430.201059637693	-3022.9788670006587
111.0	17359.159585327852	-3321.378886667704
112.0	17829.228714375666	-3027.249900064482
113.0	18028.69022225797	-3029.2471185751797
114.0	18228.14363679351	-3031.4437524208074
115.0	18432.444508145152	-3031.5589141367677
116.0	18628.960522233803	-3033.4034721778876
117.0	18827.01265943128	-3042.759530853907
118.0	19025.033273174184	-3047.633635702751
119.0	19464.353598329482	-3256.1538263226744
120.0	19723.997974753758	-3057.357429122607
121.0	20023.265632341576	-3058.9310823501733
122.0	20222.58136730018	-3060.89868078158
123.0	20423.623613899275	-3065.920916134614
124.0	20621.01000097283	-3069.103538052197
125.0	20919.21866433029	-3080.396110382811
126.0	21118.191903543513	-3090.6772054650137
127.0	21318.382498426665	-3103.1624720116574
128.0	21516.588954083603	-3112.508674834313
129.0	21815.815005850407	-3126.827016352916
130.0	22016.664342528293	-3135.927436683423
131.0	22215.18943946215	-3140.2783515898577
132.0	22515.01464498528	-3144.446415310443
133.0	22715.99981509589	-3145.5614999776776
134.0	22914.542496824983	-3142.167152967671
135.0	23213.82134601298	-3137.4866798744406
136.0	23414.955144374053	-3135.993465528005
137.0	23612.707674473448	-3132.0771275605293
138.0	23911.58804085122	-3129.248596893929
139.0	24112.466112214006	-3129.130117942135
140.0	24310.861477653572	-3127.1141511957435
141.0	24609.681805488683	-3125.9284906086723
142.0	24809.57824522916	-3124.990491015244
143.0	25008.743528887466	-3123.2976961943073
144.0	25308.038255785363	-3120.295247635348
145.0	25507.50412065683	-3118.055051887172
146.0	25706.940023025818	-3115.8479148971837
147.0	26006.072102880877	-3112.9868930276075
148.0	26207.044861300543	-3110.7638005955655
149.0	26404.990959579925	-3109.7932252867813
150.0	26706.31223613824	-3108.1790025492733
151.0	26904.64754568295	-3104.221613733665
152.0	27203.122416485057	-3099.2344223850073
153.0	27404.492207878047	-3097.267751240301
154.0	27602.108583902645	-3093.739812240927
155.0	27900.63557138109	-3093.202176572773
156.0	28375.717114829633	-3290.527262220554
157.0	15544.99933526667	-3070.7168925577894
158.0	15179.396193825014	-3194.954395703841
159.0	15347.39370897667	-3111.777611261897
160.0	15313.209938359598	-3246.200299577133
161.0	16023.676611179852	-3457.3319568514767
162.0	15074.550283598692	-3174.9252746172388
163.0	15138.594165768338	-3157.0518827011033
164.0	15240.43534909993	-3154.4202831244806
165.0	15451.901027018195	-3290.3802204984554
166.0	15407.831317042817	-3149.8747767941695
167.0	15621.907480978785	-3341.1168007351966
168.0	15811.769242001217	-3392.1374339813497
169.0	15696.913002181087	-3083.235098881678
170.0	17774.924379662083	-3311.981833984018
171.0	16087.890775776645	-3041.205431612186
172.0	16243.680766591766	-3460.287854690913
173.0	16476.856354241547	-3410.315951784103
174.0	19634.834125293117	-3261.9525001832867
175.0	16703.895687445936	-3366.3332083417704
176.0	16581.825943545362	-3037.00971307595
177.0	16940.41103273813	-3344.4620349880374
178.0	16780.718642889722	-3040.0289263911723
179.0	17147.48686113144	-3327.585253265064
180.0	17045.646409649293	-3280.8663451131506
181.0	17100.548298596696	-3130.133166284235
182.0	17250.72614322589	-3270.609424332557
183.0	17303.934359638417	-3131.4427544970035
184.0	17568.306203803422	-3317.7929407682045
185.0	17479.706762403894	-3057.5825899716474
186.0	17651.26439372827	-3173.330711237426
187.0	17707.52737525135	-3133.1301670704675
188.0	17978.082969549494	-3303.3411245663015
189.0	17878.72613208638	-3061.806022945455
190.0	18177.774991462073	-3292.9760120294663
191.0	18077.775750739373	-3062.93811197554
192.0	18372.398007897264	-3281.0962967768724
193.0	18277.53309420503	-3061.7161867035825
194.0	18558.57610845782	-3261.9059307605426
195.0	18488.896340404277	-3084.7241365796503
196.0	18739.574490377167	-3254.1634695576736
197.0	18678.033283260796	-3083.4628497948056
198.0	18926.943537463667	-3254.4133038879977
199.0	18876.772398236342	-3094.418408231016
200.0	19111.0084684891	-3245.1536191517953
201.0	19294.296615514748	-3256.0640277839616
202.0	19178.771302096196	-3185.515180205401
203.0	19385.306837704815	-3204.5852948756915
204.0	19439.392008908635	-3062.6152460059843
205.0	19547.139059766967	-3207.1130603906945
206.0	19673.09558130143	-3103.3022378860746
207.0	19821.278617416167	-3252.966107645925
208.0	20006.95554952126	-3251.1295254573356
209.0	19885.20944053651	-3191.5251296898755
210.0	20192.39164547915	-3251.537280127055
211.0	20077.81038816374	-3189.2797582643343
212.0	20398.144562521138	-3195.966996014886
213.0	20272.61830641549	-3097.698716534594
214.0	20531.84791926393	-3266.3422906317787
215.0	20475.479946363626	-3112.8361570858688
216.0	20712.735822452345	-3260.8179012510427
217.0	20896.349264537737	-3265.8797843000834
218.0	20777.648493494085	-3203.5065837602087
219.0	21080.015423864326	-3275.0408026410296
220.0	20968.601038872275	-3210.0586181561243
221.0	21286.392860689757	-3230.669302653146
222.0	21166.65759340268	-3129.3237635066666
223.0	21415.572654278527	-3305.060909402966
224.0	21367.67330466825	-3151.196653799973
225.0	21598.173315955017	-3303.3763779494107
226.0	21782.561089753588	-3311.986010857332
227.0	21668.268871642125	-3247.5245183564516
228.0	21988.099532757784	-3264.1394364244884
229.0	21864.971233765787	-3164.8403781129296
230.0	22120.193570180098	-3335.4674420220986
231.0	22067.41778958541	-3182.8059837897417
232.0	22302.93014634208	-3328.541569893752
233.0	22487.799503961647	-3330.9241436379375
234.0	22371.379124059302	-3270.4415411691734
235.0	22691.66312455886	-3275.2412823908294
236.0	22565.61003173894	-3180.5236524270185
237.0	22825.386887502707	-3342.028927898799
238.0	22768.163199395523	-3190.6166464549083
239.0	23008.03633165945	-3328.3842878792934
240.0	23192.643143364094	-3325.3350409531126
241.0	23074.527406261244	-3267.604649179318
242.0	23394.232528015214	-3265.6217472331223
243.0	23265.028641264693	-3172.6552304855795
244.0	23530.457666540507	-3329.7966678374455
245.0	23468.29568530132	-3180.438873403091
246.0	23711.117660036383	-3315.117346023282
247.0	23894.58491233284	-3311.710457416341
248.0	23774.52078491697	-3255.9852162112584
249.0	24092.447527058666	-3254.4785553834286
250.0	23966.60231480681	-3255.2205859491964
251.0	24229.658348637236	-3314.656265573803
252.0	24165.817523362046	-3171.842653054077
253.0	24408.210532196823	-3303.0639483819245
254.0	24589.56415341716	-3300.731675749872
255.0	24471.411352052997	-3248.2485782787444
256.0	24785.76351143666	-3245.8280129593113
257.0	24661.696227683806	-3246.7029550291277
258.0	24920.266860723295	-3305.144653272187
259.0	24861.70105530496	-3166.334675680378
260.0	25099.48473595346	-3296.3564519744646
261.0	25280.668605021554	-3295.5731451809156
262.0	25166.267963486927	-3242.9669313359195
263.0	25480.85804437664	-3240.9729800915798
264.0	25358.284967186653	-3153.748407632261
265.0	25611.990824710974	-3304.118696370142
266.0	25558.637303288313	-3160.7618079431127
267.0	25793.328735710038	-3294.2878275155304
268.0	25975.639048742985	-3293.516765221182
269.0	25862.470811131574	-3238.259446945433
270.0	26129.25785541225	-3302.1209687533624
271.0	26060.468619097486	-3156.001957980217
272.0	26308.255387892757	-3303.790301348308
273.0	26257.867258401733	-3156.861267454558
274.0	26490.06554375941	-3289.5801868712383
275.0	26687.742452568385	-3234.0567297845114
276.0	26560.92815475837	-3234.228525180874
277.0	26826.814651014836	-3294.8168242372653
278.0	26760.85949201448	-3150.9253925180624
279.0	27005.36758061402	-3287.4627273042206
280.0	27187.71278257105	-3279.7441951284295
281.0	27067.340537572953	-3230.4199188161288
282.0	27385.805702009427	-3223.368407040387
283.0	27259.150954762477	-3224.0861435257925
284.0	27523.882652800297	-3284.280760204813
285.0	27458.784239520577	-3140.2231135088655
286.0	28163.841093950065	-3209.311622886484
287.0	27701.9215662082	-3277.2692099655465
288.0	27883.793770959837	-3271.189887031778
289.0	27763.749200223963	-3221.212639792981
290.0	28087.841538866032	-3222.119040979293
291.0	27957.97355877912	-3220.755113377716
292.0	28106.195605250366	-3095.5947169329775
293.0	28226.783677072006	-3260.7749284209144
294.0	15936.952030441558	-3016.714208519381
295.0	16334.104257196499	-3004.478191599073
296.0	16234.905354054279	-3006.2755200652355
297.0	16433.383236558846	-3004.1015444263844
298.0	16351.99998015108	-3375.4653782549117
299.0	16681.245949436427	-3041.769378922871
300.0	16579.18110163615	-3329.6022754213477
301.0	17031.025645975013	-3017.394892938628
302.0	16831.401923810903	-3007.299004320637
303.0	16777.594057313614	-3282.5959440490915
304.0	17330.444418805022	-3021.626554963352
305.0	17506.192586456516	-3132.6712495814186
306.0	17447.380289356646	-3174.1778424916843
307.0	17230.61131329743	-3020.078905725745
308.0	17729.498033403917	-3026.2704502688207
309.0	17978.45864824044	-3062.82905606824
310.0	17907.560541809708	-3133.1548245607732
311.0	18128.004491702435	-3029.3908214492117
312.0	18106.661847511667	-3131.8428235021615
313.0	18382.109967387205	-3060.405135453431
314.0	18305.649157942225	-3126.720943431892
315.0	18585.691691609998	-3084.7675928822846
316.0	18776.368760251018	-3090.7624160404835
317.0	18926.445860738244	-3060.70667695185
318.0	18863.78748089157	-3191.854113810076
319.0	19124.415796450947	-3053.6326356473005
320.0	19053.579160251753	-3183.565495075885
321.0	19223.83868998681	-3051.196459868064
322.0	19073.33434619462	-3087.997882478144
323.0	19505.87756106477	-3063.458174480447
324.0	19321.90138389234	-3064.344916495979
325.0	19823.74650543372	-3059.684210385259
326.0	19554.70787347246	-3110.3381822469096
327.0	19759.144259128934	-3190.735504425095
328.0	19923.460855061632	-3059.064071886172
329.0	19773.546977199254	-3094.002553335118
330.0	20122.945573842106	-3059.810802016936
331.0	19873.27461048374	-3094.976183519186
332.0	20072.81044793015	-3093.39014548251
333.0	20322.898669028174	-3064.388370502023
334.0	20270.67283125244	-3192.7720293014568
335.0	20524.159659210272	-3078.0040188844546
336.0	20466.44880376794	-3206.9962120160194
337.0	20720.24018314293	-3073.959737528709
338.0	20653.0361279486	-3199.803802841683
339.0	20819.774706365864	-3075.9161692761622
340.0	20669.547996568563	-3106.603015188632
341.0	21018.689306004093	-3085.3647543810653
342.0	20867.971474124137	-3112.104891769763
343.0	21066.63128036956	-3121.9686446944684
344.0	21267.264243072877	-3136.2809994575505
345.0	21160.342683795086	-3222.1854600662896
346.0	21418.298737209756	-3118.5526954426045
347.0	21353.606638845657	-3243.7343035792
348.0	21616.325211823383	-3117.599020204227
349.0	21542.851322445422	-3241.2711430517516
350.0	21716.054061069033	-3122.380314775446
351.0	21564.71130586334	-3149.031301772415
352.0	21764.420230940243	-3158.6083071889066
353.0	21966.158039202255	-3170.101324249148
354.0	21861.219241297862	-3258.0029262709163
355.0	22166.248204329528	-3184.2833115208523
356.0	22056.132887596057	-3275.711440044631
357.0	22315.11253560535	-3142.307664166415
358.0	22245.513836891954	-3268.1667466925196
359.0	22415.06201956459	-3143.704391925235
360.0	22264.461859029034	-3175.3286260785476
361.0	22364.61349118549	-3177.0457560558084
362.0	22615.620863325054	-3146.5531301495243
363.0	22564.872969503398	-3273.961874154724
364.0	22816.659169711016	-3154.790622496296
365.0	22759.72209435252	-3284.3035202608166
366.0	23014.344067761635	-3140.7331315961833
367.0	22948.857320424868	-3269.46157495853
368.0	23114.097704118223	-3139.140626270393
369.0	22964.931294423917	-3175.4665361805987
370.0	23064.761168364377	-3173.9485316741393
371.0	23314.335919269866	-3137.816676875287
372.0	23267.325257580436	-3266.295513702013
373.0	23566.319489973583	-3177.7856505748987
374.0	23462.84880378407	-3273.799012629271
375.0	23712.20730708154	-3130.8001246357035
376.0	23649.61422601531	-3258.334315509192
377.0	23811.915510353563	-3129.959800882794
378.0	23662.87464159752	-3165.602490452106
379.0	24012.18519756082	-3130.2797747299624
380.0	23762.35001637992	-3164.3998198807662
381.0	24264.476583487267	-3170.2716212267187
382.0	23962.53150104065	-3164.599631302893
383.0	24161.34568725667	-3261.4384689044905
384.0	24410.206776551186	-3126.8169708281494
385.0	24347.702247673195	-3249.535958385643
386.0	24509.943010915875	-3126.3849375752375
387.0	24360.882330939185	-3160.9235650141286
388.0	24709.464485251145	-3125.4093556504013
389.0	24559.966622879467	-3160.1673573949724
390.0	24659.7524186668	-3159.679053781985
391.0	24910.98707296701	-3131.7992777133236
392.0	24854.306086882116	-3253.0790558510816
393.0	25108.540978125977	-3122.378752562529
394.0	25042.38318314114	-3243.739365061168
395.0	25208.277614287425	-3121.3666017156283
396.0	25058.952851808106	-3156.8465394544387
397.0	25258.520294278816	-3154.840389984341
398.0	25407.773334163296	-3119.1813976902467
399.0	25356.645855989427	-3241.591501505464
400.0	25608.1214406178	-3126.18976096955
401.0	25548.23159651383	-3249.483284344465
402.0	25806.662853481073	-3114.8160598479876
403.0	25738.182963489704	-3238.9092162309935
404.0	25906.356678644577	-3113.859982437328
405.0	25757.151726900924	-3149.34565688465
406.0	25956.51250844258	-3147.4374275817245
407.0	26161.707424596065	-3154.5750417230884
408.0	26057.645247929508	-3246.3197020316074
409.0	26356.079364634035	-3156.682550986297
410.0	26246.657414151297	-3247.340075316608
411.0	26504.761215174236	-3108.9343000046388
412.0	26435.447040994943	-3233.8626247109883
413.0	26605.461403584293	-3109.6010123707115
414.0	26455.166675363274	-3143.3641250697783
415.0	26657.72335862	-3144.3393807624034
416.0	26808.32765757971	-3115.0387530825574
417.0	26757.635088288287	-3241.02211978163
418.0	27003.76975493837	-3107.4454671493804
419.0	26943.652559539532	-3232.362169249293
420.0	27103.400240308078	-3100.975905070183
421.0	26955.183156758736	-3142.1813826488674
422.0	27303.72853224286	-3099.1522538749646
423.0	27054.212114678096	-3140.5834452617146
424.0	27254.4483187219	-3134.0016233395213
425.0	27506.14555205157	-3104.3407123688335
426.0	27455.253516293236	-3230.425312058526
427.0	27701.34392880202	-3097.9480966919023
428.0	27640.157390673096	-3222.0832783377377
429.0	27800.904240280415	-3093.1347112877315
430.0	27652.1343949282	-3132.1078289440848
431.0	28004.015793693252	-3098.233476947438
432.0	27850.74968831081	-3127.1865042813624
433.0	15453.683921530217	-3106.8013524797043
434.0	15642.995010830828	-3053.717369487662
435.0	15291.63140925233	-3174.590523920558
436.0	15561.257082126765	-3194.721695551057
437.0	15619.726285818904	-3165.2358224275417
438.0	15599.02936549043	-3093.8521118217104
439.0	16172.782654190369	-3106.602710576768
440.0	15397.070350045293	-3229.1900529100694
441.0	15507.840746158783	-3129.2246848286936
442.0	15926.933374054954	-3363.6025392574898
443.0	15548.615615413437	-3269.7435287090807
444.0	15839.960910846392	-3033.0780499534753
445.0	15728.573647892275	-3312.1690696728815
446.0	16052.85017487924	-3234.82930073077
447.0	15684.744153609841	-3159.6250931932623
448.0	15741.449423640182	-3045.02731803525
449.0	15746.358362785073	-3211.8057347698777
450.0	15812.039694084351	-3165.5771553293275
451.0	15794.961906368217	-3075.1887329062843
452.0	15950.872613814698	-3265.131189839234
453.0	17853.080903639173	-3171.650933724753
454.0	17667.258007228953	-3264.51237640828
455.0	16036.830228671193	-3014.791240784851
456.0	15891.277077854958	-3057.151165627292
457.0	15885.953456931251	-3188.940151431356
458.0	15984.535187693566	-3115.147390763823
459.0	15988.756637710763	-3046.984839325149
460.0	16133.748733923969	-3408.4609980851696
461.0	16432.924604978572	-3150.652718892458
462.0	16138.983057863616	-3284.429691382719
463.0	16566.759539567593	-3109.6571609914085
464.0	16299.73083125625	-3112.3799350018708
465.0	16285.121519771332	-3039.26820380689
466.0	16482.713950672245	-3035.7085545929526
467.0	16337.066526063501	-3275.829659416726
468.0	16383.875864925276	-3038.2004647291437
469.0	16500.889960125405	-3108.800349540987
470.0	19691.938079744836	-3200.2921698734554
471.0	19623.560440555204	-3068.1876900521215
472.0	16902.363628753392	-3169.2975719384854
473.0	16556.711797569184	-3245.5364139740686
474.0	16632.223460398644	-3006.6343174894955
475.0	16680.14127891851	-3132.9191863362266
476.0	16745.332797280716	-3171.5089509945014
477.0	16880.419371544587	-3042.539842806986
478.0	16868.15465979247	-3278.751806121192
479.0	16970.094651174255	-3134.9877131983853
480.0	16980.338468145685	-3050.2169383408254
481.0	17041.121059124504	-3180.846257506206
482.0	17130.795532785287	-3017.3600177112367
483.0	17080.209068475775	-3051.452576574217
484.0	17241.647077315076	-3174.7208280677405
485.0	17279.99896491536	-3054.853569301109
486.0	17180.073702365353	-3052.241386269075
487.0	17167.174071659945	-3130.2941234151754
488.0	17370.552786523647	-3132.415670964154
489.0	17379.85938085731	-3056.3053550828995
490.0	17460.256365114237	-3267.77360951186
491.0	17629.763233296202	-3025.2434672569584
492.0	17572.769244315783	-3133.4193007432564
493.0	17530.02580441491	-3024.1803848881104
494.0	17679.264591620242	-3059.755530815359
495.0	17579.530867514826	-3058.7066930178967
496.0	17774.014055029893	-3133.8340772137312
497.0	17778.996275489713	-3060.7818451687795
498.0	18053.166657142643	-3169.1801988780785
499.0	17871.241357246457	-3258.9788326372113
500.0	17974.04898635282	-3133.857424844517
501.0	17928.959705280515	-3028.2524078499614
502.0	18072.284366447882	-3251.703131878574
503.0	18251.904365530205	-3164.983105616431
504.0	18173.149547794263	-3132.546080176611
505.0	18177.50488279476	-3064.011483709297
506.0	18270.2427570252	-3242.3248824899133
507.0	18450.529076140112	-3148.717017600808
508.0	18327.756950552302	-3028.3514864518315
509.0	18376.9838856257	-3124.9383824916745
510.0	18460.73530500866	-3223.5550420945224
511.0	18634.764452636995	-3134.826970499203
512.0	18534.266874314944	-3054.2876719775873
513.0	18642.813174526935	-3206.690819281684
514.0	18796.622301328185	-3188.908673731121
515.0	18726.326890495267	-3054.9341779012575
516.0	18988.56143792799	-3193.4341321072898
517.0	18975.07884385779	-3097.163210750203
518.0	19386.019648860787	-3108.1965026584294
519.0	19172.423444115182	-3089.561809298648
520.0	19243.29753062488	-3193.7539632893327
521.0	19270.189487846495	-3098.423644218612
522.0	19951.749214961026	-3189.786270926496
523.0	19973.05923801493	-3093.4774406011584
524.0	20144.149999360776	-3189.9247716342247
525.0	20172.394246018754	-3094.3594850556124
526.0	20373.936180501933	-3101.166658626469
527.0	20345.161575884325	-3254.262020657303
528.0	20589.878807283156	-3207.7830780821205
529.0	20573.159404633814	-3113.604861264947
530.0	20768.640985564707	-3109.8492076909265
531.0	20843.76306473536	-3204.357187721828
532.0	20967.262029276055	-3116.827240190916
533.0	21034.769710297966	-3213.4705453108604
534.0	21218.30486047851	-3098.1267277214697
535.0	21231.118568487796	-3285.3767274766888
536.0	21477.627762593314	-3249.131227690524
537.0	21466.28717970195	-3155.16066350939
538.0	21734.91830731135	-3250.6047535353355
539.0	21664.560784092577	-3153.9870018906045
540.0	21934.440711857154	-3320.0609344260515
541.0	21916.25121076955	-3132.8602740927236
542.0	22180.53675035726	-3277.8989714567892
543.0	22117.189926141724	-3148.946325831272
544.0	22438.307793099975	-3271.155027825424
545.0	22464.785871888074	-3178.1155212256367
546.0	22639.687701064948	-3333.464439160378
547.0	22666.859224583426	-3181.7681951076815
548.0	22884.143198903203	-3281.7750107945703
549.0	22866.974376068512	-3188.223579197975
550.0	23141.039694103212	-3266.535705518065
551.0	23164.514513067847	-3172.3276276558267
552.0	23366.436999422807	-3172.748772411064
553.0	23344.428064178006	-3324.3299349137797
554.0	23586.30251127936	-3270.160636381856
555.0	23515.921526751987	-3144.061542804308
556.0	23840.922791609835	-3255.4634666043003
557.0	23861.99673389438	-3163.622560728191
558.0	24063.673975422502	-3165.044301064148
559.0	24045.029562963144	-3310.334983695546
560.0	24284.542103992324	-3258.7463710643183
561.0	24214.064664237554	-3136.5856998857903
562.0	24537.90516179093	-3247.9466412890306
563.0	24460.227513141366	-3160.6139940964836
564.0	24737.258351829467	-3298.9642696295123
565.0	24759.913453875353	-3159.297000227343
566.0	24977.806890647484	-3251.9997256052516
567.0	24961.132134468357	-3165.3987302170913
568.0	25232.789754712237	-3242.275193656706
569.0	25158.754536992474	-3155.882057530714
570.0	25428.972145493306	-3295.3684959327366
571.0	25458.020121849404	-3152.628975722293
572.0	25672.61705313394	-3248.8664624792655
573.0	25658.341962266277	-3159.659003480026
574.0	25856.83616549139	-3148.351238624234
575.0	25928.902825472673	-3237.649555723909
576.0	26183.742300042522	-3244.7976274033595
577.0	26110.046351133773	-3121.580639021701
578.0	26369.604301354182	-3246.905986846556
579.0	26305.940295423057	-3123.0880576259983
580.0	26640.50446048618	-3289.4657486182095
581.0	26555.90419180487	-3144.081137955485
582.0	26881.178103541566	-3237.9625943719657
583.0	26859.46670638025	-3148.281250480825
584.0	27133.7301345601	-3224.5304917932426
585.0	27153.842404514686	-3134.1052392360925
586.0	27356.094158350053	-3133.6416970839364
587.0	27338.142711942808	-3278.9634840176873
588.0	27577.93772814516	-3227.5168357100015
589.0	27556.66990416909	-3137.7789864236825
590.0	28169.193125942806	-3121.539498862147
591.0	28059.947977734773	-3134.211010535142
592.0	27751.19455856268	-3131.8669759129903
593.0	27830.059106961944	-3216.54568109977
594.0	27954.124777851506	-3132.126579737118
595.0	28035.758135752123	-3274.770041032187
596.0	15920.191836223681	-3122.6248446821287
597.0	16107.55636658833	-3109.412447793247
598.0	16795.34464254868	-3111.477989642322
599.0	16861.814871542498	-3113.1107485142043
600.0	16439.453596086998	-3226.614371498639
601.0	16616.05238590295	-3170.4315728183096
602.0	16365.241223891848	-3111.6598442471827
603.0	16233.981636443828	-3236.6208291502767
604.0	16052.274369465677	-3151.1608084045856
605.0	16235.964889961977	-3149.0076530327806
606.0	14973.45594578896	-3170.894802987645
607.0	85.3234900512959	-3063.120021992969
608.0	355.0032520886444	-3063.142618405542
609.0	661.1344285771396	-3063.1669948722442
610.0	981.199321272761	-3063.1915518214514
611.0	1303.2859463678715	-3063.2161109590033
612.0	1625.3741649334288	-3063.2406700965553
613.0	1945.6288307784062	-3063.2652292341077
614.0	2464.8665840808194	-3063.3143475092115
615.0	2785.2802092167944	-3063.338906646764
616.0	3107.314943031284	-3063.3634657843154
617.0	3429.008509787717	-3063.388024921867
618.0	3748.9808580604226	-3063.412584059419
619.0	4268.248881628954	-3063.461702334523
620.0	4589.037823199714	-3063.486261472075
621.0	4910.996363558402	-3063.510820609627
622.0	5232.116588412424	-3063.5353797471794
623.0	5751.46911351431	-3063.5844980222832
624.0	6071.266760596482	-3063.6090571598356
625.0	6392.591521014342	-3063.6336162973876
626.0	6714.546917633567	-3063.6581754349395
627.0	7035.16875051328	-3063.682734572492
628.0	7554.398874867439	-3063.7318528475957
629.0	7874.442053084786	-3063.756411985148
630.0	8196.349533108276	-3063.7809711227
631.0	8518.464981612635	-3063.805530260252
632.0	8838.742271124476	-3063.8300893978035
633.0	9357.917852752891	-3063.8792076729073
634.0	9678.259554121423	-3063.9037668104593
635.0	10000.235753587149	-3063.928325948011
636.0	10321.981709983536	-3063.9528850855636
637.0	10641.984271195095	-3063.9774442231155
638.0	11161.196276949364	-3064.02656249822
639.0	11481.822653593345	-3064.051121635772
640.0	11803.75864227886	-3064.0756807733237
641.0	12125.081980056668	-3064.100239910875
642.0	12621.472639565598	-3064.1471116760554
643.0	12884.808236680763	-3064.1671062325513
644.0	13110.727690782407	-3064.184277732695
645.0	13306.10075118331	-3064.199092596536
646.0	13578.836180737773	-3027.4249075697458
647.0	13614.13589456375	-3175.737980865304
648.0	13960.7861800609	-3012.3057387137983
649.0	14086.123633478268	-3010.0993088292694
650.0	14408.407416424894	-2994.706928966749
651.0	14474.08758688334	-2991.9733785317553
652.0	14539.07932192735	-2990.831010771912
653.0	14666.761282566795	-3034.002240938013
654.0	14736.413938080708	-3072.803090516491
655.0	14794.368862850612	-3149.6287660073904
656.0	15040.152853068947	-3198.254488
657.0	171.33698052177462	-3137.833235659636
658.0	463.68967027577764	-3137.8453347459067
659.0	791.9412164133495	-3137.8576121263377
660.0	1134.6812283471102	-3137.869891695114
661.0	1479.4267790297781	-3137.8821712638896
662.0	1822.3403704623124	-3137.894450832666
663.0	2262.5937323057037	-3137.9190099702178
664.0	2145.2483594304063	-3063.2897883716596
665.0	2603.1962891140925	-3137.931289538994
666.0	2946.2153550865573	-3137.94356910777
667.0	3290.5143626794793	-3137.9558486765454
668.0	3632.750984730618	-3137.9681282453216
669.0	4072.752299267855	-3137.9926873828736
670.0	3948.6003867124236	-3063.4371431969707
671.0	4413.760442777147	-3138.0049669516497
672.0	4757.078631728594	-3138.0172465204255
673.0	5100.728103963305	-3138.0295260892017
674.0	5541.961796615214	-3138.0540852267536
675.0	5431.7361170644235	-3063.5599388847313
676.0	5882.063147169271	-3138.06636479553
677.0	6223.756261691303	-3138.078644364306
678.0	6567.60712575039	-3138.0909239330817
679.0	6910.755062271329	-3138.103203501858
680.0	7351.367962201202	-3138.12776263941
681.0	7234.788279165281	-3063.707293710044
682.0	7691.592443142707	-3138.140042208186
683.0	8034.113808405545	-3138.1523217769623
684.0	8378.707443955394	-3138.164601345738
685.0	8721.670888993596	-3138.176880914514
686.0	9161.884702829851	-3138.2014400520657
687.0	9038.36179977648	-3063.854648535355
688.0	9502.353164196795	-3138.213719620842
689.0	9845.241772053056	-3138.2259991896176
690.0	10189.534634937167	-3138.238278758394
691.0	10531.853859567114	-3138.25055832717
692.0	10971.829369228939	-3138.275117464722
693.0	10841.603799847095	-3064.0020033606675
694.0	11312.618929997194	-3138.287397033498
695.0	11655.752002348694	-3138.299676602274
696.0	11999.582035834013	-3138.31195617105
697.0	12433.335578529084	-3138.3361485211085
698.0	12321.72021727295	-3064.124432260934
699.0	12737.077042529598	-3138.346915154947
700.0	12999.24768880134	-3138.3561430776044
701.0	13225.117636123685	-3138.364086655091
702.0	13446.490935990916	-3169.4430577244643
703.0	13388.157383016942	-3095.2780636659095
704.0	13666.490050630799	-3134.544417604498
705.0	13792.578776041339	-3172.2583861390262
706.0	13923.699776855128	-3179.3362718821622
707.0	13863.929463880477	-3139.058706021188
708.0	14043.500661598193	-3183.2087656484796
709.0	13997.193913654171	-3031.8690927953544
710.0	14148.913030750919	-3184.0154301731604
711.0	14114.23151340303	-3027.101990026614
712.0	14242.946231948845	-3188.9018691337483
713.0	14204.336985548702	-3016.659842146421
714.0	14326.65694523643	-3191.608384170313
715.0	14275.169371274382	-3010.6323332761726
716.0	14303.728561716334	-3008.096631158945
717.0	14400.519901150756	-3194.845452576179
718.0	14350.574926478264	-3004.039071699602
719.0	14401.864587822653	-2999.639023027792
720.0	14469.383066486169	-3195.8912697213036
721.0	14414.84858459663	-2998.562934944463
722.0	14426.432612763676	-2997.4248581439447
723.0	14436.6279147765	-2996.5622048838354
724.0	14474.923820564198	-2999.985545275216
725.0	14471.644664765749	-2993.7469665032186
726.0	14537.114084687846	-3196.0693362797388
727.0	14476.6117051704	-2993.580808630595
728.0	14481.586666301366	-2993.36736034901
729.0	14486.590946028608	-2993.3431205003412
730.0	14491.592343854698	-2993.2657105438216
731.0	14496.593741680785	-2993.188300587302
732.0	14535.195744657938	-2996.490796508449
733.0	14877.843991916887	-3146.2881787336373
734.0	14536.60492428948	-2992.5690209351283
735.0	14605.581153239536	-3195.6274045108203
736.0	14541.606322115565	-2992.491610978604
737.0	14546.607719941652	-2992.4142010220817
738.0	14551.609117767739	-2992.3367910655616
739.0	14556.610515593826	-2992.2593811090396
740.0	14594.052366131831	-2994.439884730867
741.0	14579.260177343145	-2990.229979662368
742.0	14589.668343681718	-2994.2824400513377
743.0	14569.087708883873	-2990.3665510327805
744.0	14564.086311057783	-2990.4439609893016
745.0	14574.089106709958	-2990.289141076259
746.0	14596.393681850037	-2998.7947869716554
747.0	14650.548875367438	-3033.9607934190967
748.0	14677.527370901555	-3193.953955885648
749.0	14676.108964281002	-3050.6783921353017
750.0	14754.996040401717	-3188.516854261398
751.0	14838.021473406692	-3173.6478637459927
752.0	14934.27486376268	-3185.1762669876457
753.0	13515.593875451746	-3058.486002549505
754.0	13693.540910429263	-3023.0388366168495
755.0	13641.486573186725	-3060.390428349203
756.0	13796.873929692223	-3023.963137646129
757.0	13739.645728788373	-3131.0648228782197
758.0	13895.249696631732	-3031.0482945869885
759.0	13750.620450223129	-3056.91526001117
760.0	13857.249896096602	-3064.9130203953405
761.0	14027.029427290714	-3009.6809275498817
762.0	14013.896726307457	-3076.6812428506364
763.0	14182.949781032703	-3004.208365034692
764.0	14126.27446482687	-3072.71595530678
765.0	14137.83579630598	-3007.1349082725887
766.0	14258.474648386493	-3001.1242786510516
767.0	14197.338658712908	-3117.3121205813472
768.0	14223.014097075225	-3002.595010493587
769.0	14339.572536938475	-2997.5201252381703
770.0	14296.138283046219	-3070.239043165508
771.0	14316.059334153608	-2998.592147532799
772.0	14378.690091371946	-2995.7947225680655
773.0	14456.915004624987	-2992.433955400751
774.0	14449.590544020815	-2992.7718240111867
775.0	14504.069537144738	-2991.3728804675616
776.0	14477.982546454004	-2997.485655666007
777.0	14708.736806801733	-3073.226636963016
778.0	14641.89073346591	-3177.0454083964682
779.0	14786.09009996186	-3101.824064164923
780.0	14717.160094756087	-3169.934858147046
781.0	14749.018679850988	-3103.470008616024
782.0	13442.22169198031	-3021.118979625646
783.0	13525.890111833643	-3132.645086589768
784.0	13978.763817668407	-3098.060500320568
785.0	13938.040287238604	-3053.245395002763
786.0	14093.850484742507	-3100.522838213461
787.0	13985.330213155064	-3150.009085530641
788.0	14054.778875936885	-3074.464422452531
789.0	14059.094976096487	-3029.6548583485055
790.0	14097.209491557565	-3154.68824382164
791.0	14175.585869626173	-3052.268297633676
792.0	14162.21389939221	-3021.205036997033
793.0	14203.516113113248	-3047.7213566414025
794.0	14196.703208616857	-3160.381347306909
795.0	14275.573837988151	-3077.329667243605
796.0	14242.074859264996	-3013.571106838997
797.0	14306.47023762439	-3028.5746725151034
798.0	14286.054850063447	-3167.974301304061
799.0	14288.473088341227	-3131.3280881500255
800.0	14289.283089672384	-2999.6603183782913
801.0	14328.610729448557	-3005.953312167976
802.0	14372.763817456827	-3016.27777387579
803.0	14364.698112930471	-3173.917884746492
804.0	14368.510517687857	-3140.77463123764
805.0	14360.339337461797	-2996.680652572139
806.0	14387.193779559466	-3000.7286677980696
807.0	14370.104365779678	-3002.311259108899
808.0	14406.998091266767	-3015.453936208871
809.0	14394.60996831193	-2995.10017506188
810.0	14408.683421877286	-3026.9377362757773
811.0	14437.66045781008	-3003.7623637375527
812.0	14435.202520719473	-3178.2007702974824
813.0	14434.010976431937	-3148.3875049066705
814.0	14420.740722747172	-2994.025704420652
815.0	14431.552740791973	-2993.570274549429
816.0	14441.152842895928	-2993.164308132962
817.0	14445.660168842587	-2995.762646395273
818.0	14463.333359379038	-2992.1702135327646
819.0	14453.509500884873	-2995.031320149729
820.0	14500.417183709302	-3077.5271808220864
821.0	14460.33968669133	-2994.4288592123303
822.0	14466.341672479219	-2993.9184637425255
823.0	14468.983735766653	-2991.9243063210142
824.0	14503.182127465523	-3179.424654001042
825.0	14509.070934970827	-2991.29547051104
826.0	14504.54771008952	-3152.1839323927543
827.0	14479.05966611315	-2991.7067601423173
828.0	14484.06394584039	-2991.682520293649
829.0	14488.15043190032	-2997.2457622825573
830.0	14489.06534366648	-2991.605110337127
831.0	14514.072332796915	-2991.21806055452
832.0	14494.066741492568	-2991.5277003806077
833.0	14519.073730623	-2991.140650597999
834.0	14498.34453675926	-2997.0027930698493
835.0	14499.068139318653	-2991.4502904240853
836.0	14501.59513950687	-2993.1108906307777
837.0	14507.722052241965	-2999.079000859243
838.0	14506.596537332958	-2993.033480674254
839.0	14515.16678778649	-2996.821895308029
840.0	14524.075128449089	-2991.0632406414766
841.0	14511.597935159045	-2992.956070717734
842.0	14517.930334552419	-2998.973489128535
843.0	14516.599332985132	-2992.8786607612146
844.0	14542.027745363543	-3006.48373111762
845.0	14529.076526275176	-2990.9858306849546
846.0	14521.600730811218	-2992.8012508046922
847.0	14527.956495771692	-2998.797210241997
848.0	14534.077924101259	-2990.9084207284336
849.0	14526.602128637305	-2992.7238408481703
850.0	14531.603526463392	-2992.6464308916493
851.0	14694.061112503286	-3094.0456111664357
852.0	14571.263641724334	-3179.160788790559
853.0	14588.132960216402	-3069.6157533240726
854.0	14571.738955627452	-3150.906507733076
855.0	14544.080719753436	-2990.7536008153875
856.0	14580.840742965302	-3024.084831966306
857.0	14549.082117579523	-2990.6761908588683
858.0	14551.833747218421	-2996.2423207743673
859.0	14554.083515405606	-2990.598780902346
860.0	14645.816236943128	-3063.2727408323462
861.0	14559.084913231694	-2990.5213709458244
862.0	14612.434120760818	-3004.3847748039757
863.0	14584.671952206854	-2990.157147547889
864.0	14586.778134474336	-2997.4595480325875
865.0	14588.141737580221	-2990.9529981887003
866.0	14582.367227376088	-2991.9134062537355
867.0	14579.916611964762	-2998.1209466067526
868.0	14566.613311246001	-2992.104561195995
869.0	14576.785779705277	-2991.9679898255836
870.0	14561.611913419913	-2992.1819711525172
871.0	14593.15969894611	-3003.2112438026993
872.0	14571.61470907209	-2992.0271512394743
873.0	14625.903993794886	-3011.7774178781815
874.0	14602.118945870483	-2998.761901051852
875.0	14561.638536356228	-2996.187935169337
876.0	14571.242540309426	-2995.9676462693405
877.0	14605.25584253553	-3004.4246510351063
878.0	14557.669033009997	-2998.45866799029
879.0	14602.76230685594	-3017.6201666493635
880.0	14613.086658320315	-3028.8253811029736
881.0	14643.432783732254	-3021.27773173779
882.0	14616.546436769606	-3011.7976276363956
883.0	14623.893748866163	-3030.939283521622
884.0	14631.171214868431	-3021.3312334396082
885.0	14655.31607218997	-3105.899795792602
886.0	14719.461497094111	-3132.6927143441385
887.0	14641.671623773627	-3147.6763996196078
888.0	14697.175324003847	-3050.487510148909
889.0	14641.400571087928	-3046.6501284922383
890.0	14541.871533203694	-2996.3909834689443
891.0	14567.908275092035	-2996.019252907021
892.0	14611.006567297305	-3019.2375407791737
893.0	14582.783269690677	-3047.088705254843
894.0	14576.862638160908	-2995.8859981479077
895.0	14601.123898102951	-3010.220129737716
896.0	14545.205798421084	-2996.339376831263
897.0	14587.928174020526	-3002.0334495431603
898.0	14589.447681632075	-3013.3418133606096
899.0	14582.946803542072	-2995.886364875796
900.0	14583.606322722078	-3005.3020752637317
901.0	14573.793796402928	-2998.1476444284494
902.0	14594.75301853398	-3008.973836585505
903.0	14575.140081452542	-3002.9818985296024
904.0	14531.861479440544	-2996.5424031461293
905.0	14565.407897840128	-2998.364616717147
906.0	14556.92184854114	-3003.490642007709
907.0	14521.889879939277	-2996.690854788414
908.0	14555.168012435812	-2996.190714136686
909.0	14616.939627501655	-3069.263603042204
910.0	14692.181061025381	-3122.844770448026
911.0	14537.935353383931	-2998.6521588355736
912.0	14501.678801976648	-2996.9511864321653
913.0	14491.484697117712	-2997.1941556448783
914.0	14525.224145156672	-2996.6392481507323
915.0	14481.290374976275	-2997.298010703263
916.0	14511.8325225691	-2996.8735019457085
917.0	14507.007968781867	-3004.262849307092
918.0	14467.581689600926	-2998.0260017821815
919.0	14461.172103310475	-2999.076349348659
920.0	14505.01306719404	-2996.8995797944826
921.0	14454.369207417347	-3000.530048960756
922.0	14495.709889834056	-2999.270637964212
923.0	14446.466901606642	-3002.048482424118
924.0	14485.327140387011	-2999.515812430118
925.0	14616.68194758329	-3133.7298946158876
926.0	14471.110057163	-2997.8542862112668
927.0	14475.443767499133	-3004.488566459658
928.0	14427.429446992983	-3005.674560472069
929.0	14465.405793119891	-3000.9252417087487
930.0	14458.607127776604	-3002.5801743481065
931.0	14415.210591165314	-3008.0103181586524
932.0	14439.612961699366	-3035.3507412732015
933.0	14451.256983317346	-3004.556388851059
934.0	14435.269880640146	-3047.0047560070775
935.0	14442.992118693563	-3006.650303015525
936.0	14390.383271514575	-3012.0289021548215
937.0	14437.334165819231	-3017.545758642704
938.0	14433.58211805486	-3009.020135731271
939.0	14551.191029876587	-3134.0979035846353
940.0	14527.21518866584	-3003.823207055742
941.0	14459.690531224887	-3013.100660549213
942.0	14400.09325609584	-3010.938647055725
943.0	14352.37922515803	-3019.8888453302175
944.0	14320.770349630591	-3111.758402637493
945.0	14384.966527286908	-3050.3918119030163
946.0	14384.539035004205	-3021.0614716917084
947.0	14483.953329917704	-3136.208742726398
948.0	14403.140761620605	-3131.888933676515
949.0	14453.31529810107	-3011.6955535568372
950.0	14278.328613207195	-3032.758094450993
951.0	14330.862682512443	-3023.660698774463
952.0	14328.662660511516	-3059.265332774426
953.0	14391.672983432325	-3036.402598871147
954.0	14315.034210543323	-3079.037352050324
955.0	14231.094419906432	-3099.2746480694277
956.0	14163.250717963789	-3083.812134189397
957.0	14244.818357269613	-3041.142302535634
958.0	14665.40432378392	-3130.717905474073
959.0	14664.312222936851	-3067.259556956493
960.0	14670.70288836125	-3087.8876491735205
961.0	14620.486036933968	-3108.8669585352927
962.0	14627.007013450477	-3043.575116892946
963.0	14635.387461530358	-3097.9953538575423
964.0	14547.14923606343	-3003.557822940376
965.0	14547.904825509635	-2998.5068963768554
966.0	14422.099563545169	-3011.7227899629647
967.0	14425.036279666101	-3022.5808654342636
968.0	14364.332260932542	-3087.3551683851624
969.0	14364.803087818713	-3026.4969409696464
970.0	14321.052963125549	-3036.7775754954437
971.0	14343.552233197393	-3054.639012234325
972.0	14343.628788682125	-3031.0772854752727
973.0	14295.184007513251	-3042.2641209092694
974.0	14224.936722644388	-3061.2277206852045
975.0	14264.37738832392	-3050.8212355225082
976.0	14262.172504195887	-3105.697661640954
977.0	14348.279696815584	-3115.261362282676
978.0	14369.871849220674	-3045.2698518174348
979.0	14632.278291707917	-3075.9963911143136
980.0	14604.338523940663	-3036.106284643673
981.0	14443.529104594287	-3015.5826778932296
982.0	14566.339720104153	-3003.1842755164125
983.0	14406.152957716777	-3107.6786433854863
984.0	14403.685018900527	-3038.459437286551
985.0	14357.37143107526	-3062.2234829370577
986.0	14419.832637896769	-3030.3521936968577
987.0	14485.987359462692	-3004.7429709046414
988.0	14466.542568018973	-3006.620958517875
989.0	14434.118210878296	-3025.058258854802
990.0	14496.616166166772	-3004.498052203781
991.0	14449.062202291096	-3018.1200220076007
992.0	14461.870136800419	-3008.0116212307857
993.0	14463.755640401427	-3019.8598751283444
994.0	14480.832726974471	-3007.243202113986
995.0	14527.064363672287	-3017.0069504354137
996.0	14517.283414262498	-3004.061140584452
997.0	14491.38405991741	-3007.6745316778124
998.0	14532.031973940751	-3006.6102210450267
999.0	14501.870994849269	-3007.3624491195847
1000.0	14497.12664833809	-3112.6725705820395
1001.0	14512.138651427775	-3007.119198530634
1002.0	14522.1687851522	-3006.7786997392354
1003.0	14533.764696181415	-3025.6082122943158
1004.0	14537.180022381295	-3003.719783239567
1005.0	14551.998105912056	-3006.2994180364662
1006.0	14595.914294318085	-3023.216379954398
1007.0	14579.42609159858	-3002.9627554841154
1008.0	14571.85351501437	-3005.647362488599
1009.0	14561.823174151396	-3006.039567986021
1010.0	14577.634608755825	-3013.802959781347
1011.0	14604.222616135456	-3048.11001133032
1012.0	14551.882946916397	-3012.67949795939
1013.0	14583.532510745756	-3010.847846298375
1014.0	14588.970548663192	-3020.1843198178544
1015.0	14561.839263338488	-3012.4515390289775
1016.0	14616.084015099417	-3053.4649411609444
1017.0	14572.445855211889	-3073.9406906415757
1018.0	14595.410420379798	-3032.114657624908
1019.0	14458.809599772585	-3133.636198943874
1020.0	14430.688054863256	-3099.528349036121
1021.0	14512.276324235156	-3013.894776288007
1022.0	14529.57325456178	-3135.11146303383
1023.0	14592.272822759523	-3054.607859117439
1024.0	14541.914680855234	-3013.022726650063
1025.0	14586.40531715608	-3110.038162680365
1026.0	14594.35444595341	-3134.8446223352653
1027.0	14387.575277900987	-3088.658147049097
1028.0	14528.648066131102	-3094.5302206718497
1029.0	14601.375605604442	-3096.520960168073
1030.0	14585.80495950574	-3036.5992304489587
1031.0	14531.90147741702	-3013.1206976872895
1032.0	14572.252003974929	-3010.893505724805
1033.0	14578.179027746139	-3031.6014649269
1034.0	14566.754298251812	-3014.8423897955745
1035.0	14568.288391443217	-3021.1998576704677
1036.0	14575.419973944254	-3020.197438992033
1037.0	14548.114899155373	-3024.9681310334436
1038.0	14565.694440212936	-3033.8850130075148
1039.0	14546.921012559464	-3016.476898395742
1040.0	14502.0342742208	-3014.6214398672837
1041.0	14491.299315656395	-3014.73308340979
1042.0	14522.148456682378	-3013.4519664766444
1043.0	14473.617553962298	-3014.0758069122744
1044.0	14517.400758600057	-3017.509985079234
1045.0	14508.720784624993	-3027.229870397261
1046.0	14507.308920960779	-3018.297417812164
1047.0	14452.468063219494	-3027.115134786782
1048.0	14496.694701277287	-3018.8155946834577
1049.0	14485.04708245044	-3017.8062085666465
1050.0	14475.879518249223	-3026.5979392618324
1051.0	14452.474482107735	-3108.9873333643536
1052.0	14460.786268206008	-3027.44988091515
1053.0	14464.213985138902	-3077.0864909390507
1054.0	14449.018645318809	-3035.9194012953008
1055.0	14413.641926787552	-3066.93891168604
1056.0	14566.179000369977	-3108.849512160817
1057.0	14600.938365994569	-3078.916567418213
1058.0	14570.364514283983	-3050.1090003490117
1059.0	14536.936461349253	-3016.7692554142723
1060.0	14556.822778732574	-3016.282692973589
1061.0	14561.224572931062	-3027.370798725355
1062.0	14424.57148804974	-3044.483601851272
1063.0	14444.956238058163	-3056.1038224481654
1064.0	14520.110202049758	-3111.3972243310363
1065.0	14469.645860466844	-3094.954136449335
1066.0	14466.608101008162	-3035.73250233042
1067.0	14430.043175725083	-3078.7983426991977
1068.0	14454.284793164896	-3047.8072368600097
1069.0	14470.900505218486	-3008.2993969737236
1070.0	14395.709126109936	-3068.648421686574
1071.0	14414.911363432722	-3050.7391403178863
1072.0	14474.387618344845	-3034.7328949281214
1073.0	14446.397727641619	-3070.389681517146
1074.0	14505.242060847922	-3045.5495302710738
1075.0	14554.673995133742	-3024.8444847950736
1076.0	14496.239586033718	-3028.6174162538887
1077.0	14463.556043867735	-3047.2855917667616
1078.0	14472.164675285363	-3054.542655423265
1079.0	14515.411193876702	-3026.5902412939427
1080.0	14527.212839825052	-3025.8359282680253
1081.0	14547.629698341048	-3047.0753597382895
1082.0	14502.991022641443	-3033.3557140228118
1083.0	14539.936802283302	-3030.3529161678084
1084.0	14520.307368111788	-3031.3612005239647
1085.0	14544.602264354695	-3088.903118544476
1086.0	14560.901616565849	-3041.903073623742
1087.0	14541.629870237282	-3070.1405085661154
1088.0	14564.166962348323	-3061.953091529111
1089.0	14483.497587330769	-3025.2245258194143
1090.0	14479.977194223238	-3013.2478880440135
1091.0	14471.069373107954	-3020.007540877326
1092.0	14489.154296552084	-3096.066829884497
1093.0	14484.338221174005	-3047.3447950470068
1094.0	14560.899245888513	-3091.2958366678704
1095.0	14523.88946915906	-3050.2125402663023
1096.0	14549.647958907532	-3060.5456275770453
1097.0	14537.693847318753	-3041.915770326145
1098.0	14516.92739957665	-3077.2659178604426
1099.0	14492.18193834062	-3066.1252415857543
1100.0	14525.807231511106	-3064.9670106675167
1101.0	14515.867997066562	-3044.194645875545
1102.0	14475.487175855465	-3066.7972451378805
1103.0	14496.148455637282	-3052.464392618425
1104.0	14489.294705293154	-3031.953222232989
1105.0	14483.509107093058	-3039.088123988204
