1.0	12346.713152053575	-1452.4636086056407
2.0	12360.05426579814	-1466.7648924277476
3.0	12362.801450097832	-1467.6153370096902
4.0	12366.138268304974	-1471.3565199258928
5.0	12369.528599912386	-1474.99999907994
6.0	12372.925697491113	-1478.6379771883824
7.0	12376.328752893547	-1482.2697531701897
8.0	12379.738390583998	-1485.8961404916215
9.0	12383.153818828097	-1489.5164659071877
10.0	12386.575643345872	-1493.1315137669399
11.0	12390.00309555379	-1496.7406448778377
12.0	12393.43675596966	-1500.34460851672
13.0	12396.875885360641	-1503.9428050930048
14.0	12400.321031221434	-1507.5359358671058
15.0	12403.771500692405	-1511.1234632233297
16.0	12407.227662497642	-1514.70553279329
17.0	12410.689615210254	-1518.2827948051543
18.0	12414.156579821576	-1521.8545977463336
19.0	12417.629151727828	-1525.4217101827608
20.0	12421.106580229674	-1528.983518012092
21.0	12567.969867615097	-1674.380517272058
22.0	12570.912933168102	-1674.9851486404484
23.0	12574.759102424132	-1678.2050156939088
24.0	12578.456687748056	-1681.484136496779
25.0	12582.073463566698	-1684.9054198227461
26.0	12585.696036098838	-1688.3279853375304
27.0	12589.321436905986	-1691.7489356326357
28.0	12592.948663585828	-1695.168453941117
29.0	12596.576560764146	-1698.5868249682137
30.0	12600.205899607841	-1702.0037278326145
31.0	12603.837242699718	-1705.4187058204
32.0	12607.469772181066	-1708.8324993031645
33.0	12611.102794816608	-1712.2454409548864
34.0	12614.737137058097	-1715.6569403925143
35.0	12618.373190005083	-1719.0668994258895
36.0	12622.010096372635	-1722.476108018138
37.0	12625.647549872463	-1725.8848644728023
38.0	12629.286080724487	-1729.2926010825086
39.0	12632.925585563396	-1732.6991698066115
40.0	12636.56546408576	-1736.1051698105057
41.0	12640.205842127418	-1739.5110298543161
42.0	12643.846334376309	-1742.9158294802428
43.0	12647.465151822136	-1746.322295596083
44.0	12771.467307249062	-1865.2584228226222
45.0	12775.186173819304	-1868.7901822110882
46.0	12780.277658440018	-1868.403323490219
47.0	12785.53413634889	-1868.55263852412
48.0	12790.757707213386	-1868.598624011338
49.0	12802.70783702808	-1870.5189062640802
50.0	12788.074655614733	-1857.3820413776775
51.0	12791.72677521644	-1860.8323155624405
52.0	12795.362419558296	-1864.4204701382198
53.0	12798.601946241813	-1868.2408391440165
54.0	12799.40719480586	-1870.4959313751913
55.0	12441.47926786592	-1524.5732115197259
56.0	12444.999793774905	-1528.1312081693889
57.0	12371.19714186363	-1453.0134735026638
58.0	12448.52239914139	-1531.6883119487475
59.0	12349.510970169476	-1453.4785313042632
60.0	12452.047961502672	-1535.2438986583904
61.0	12352.61614643092	-1457.0088690883358
62.0	12455.574125296012	-1538.7962935219766
63.0	12356.111828145118	-1460.2700741212655
64.0	12459.10147085913	-1542.3475335089952
65.0	12374.938603076349	-1456.6326388457476
66.0	12462.632099805878	-1545.8984654740545
67.0	12378.371508833114	-1460.2553705842658
68.0	12466.164494037663	-1549.4465102740724
69.0	12381.86441231057	-1463.8411393005708
70.0	12469.697244352486	-1552.99146103142
71.0	12385.359960468651	-1467.425996015378
72.0	12473.231680333709	-1556.5356487330753
73.0	12388.855961749023	-1471.0080825967816
74.0	12476.76975842109	-1560.0792224630484
75.0	12392.35291567895	-1474.5892495862993
76.0	12480.309236495123	-1563.6193774447186
77.0	12395.851928706492	-1478.169769267772
78.0	12483.849739282074	-1567.15748935798
79.0	12399.35303418257	-1481.748630440847
80.0	12487.39216030597	-1570.69495131188
81.0	12402.854753330119	-1485.3251290765118
82.0	12490.938457636847	-1574.231330535166
83.0	12406.357478307931	-1488.9006547383979
84.0	12494.484645138844	-1577.7626261679627
85.0	12409.862929772098	-1492.4756489266294
86.0	12498.032721834059	-1581.2931472243697
87.0	12413.369852061247	-1496.0481748606624
88.0	12501.582776892361	-1584.822500536912
89.0	12416.877564286217	-1499.6187981426829
90.0	12505.136803276577	-1588.350606853375
91.0	12420.386636252768	-1503.188697294617
92.0	12508.691374783833	-1591.8745718429388
93.0	12423.899181822257	-1506.7582207464595
94.0	12512.247296951653	-1595.3971954423062
95.0	12427.412243069344	-1510.3241346581738
96.0	12515.80664939279	-1598.9194024643175
97.0	12430.926276172788	-1513.888647356617
98.0	12519.36849892672	-1602.4387331503294
99.0	12434.441678708483	-1517.4521390187804
100.0	12522.93051822086	-1605.953959888929
101.0	12437.960281270265	-1521.0145347304751
102.0	12526.49454959015	-1609.468383345957
103.0	12424.589430945576	-1532.5407516908128
104.0	12530.062302502594	-1612.981951900427
105.0	12428.076986541846	-1536.0928387853994
106.0	12533.632219849562	-1616.4921516066297
107.0	12537.203162740954	-1619.9995353412298
108.0	12540.776360572609	-1623.5062337034815
109.0	12544.353435832696	-1627.0114684595271
110.0	12547.930867773242	-1630.5114001700676
111.0	12551.510387629969	-1634.0100347364842
112.0	12555.092405326985	-1637.5079297922114
113.0	12558.678810630476	-1641.0042403721884
114.0	12562.2649112023	-1644.4946184550845
115.0	12565.853272822125	-1647.9841882919602
116.0	12569.444999948899	-1651.473125672652
117.0	12573.040116885602	-1654.9594128681329
118.0	12576.635224632117	-1658.4406305371824
119.0	12663.471038725613	-1741.4815561312182
120.0	12667.019330402038	-1744.943596025015
121.0	12670.656093748932	-1748.3645052567451
122.0	12674.299670014576	-1751.7898530926411
123.0	12677.945603079701	-1755.2195358679746
124.0	12681.594233154881	-1758.646835411496
125.0	12565.365146419814	-1666.116520172386
126.0	12580.232523900006	-1661.9209870123132
127.0	12685.243435651084	-1762.069236021608
128.0	12583.833231566057	-1665.400284918271
129.0	12587.38028808266	-1668.9262239852617
130.0	12688.894524269459	-1765.4915357961338
131.0	12590.996481034135	-1672.3915947478765
132.0	12594.60482027591	-1675.8638587767473
133.0	12692.546706653093	-1768.9130380301724
134.0	12598.216061983949	-1679.3330436549716
135.0	12601.829407258476	-1682.7964647455283
136.0	12696.200098668087	-1772.3335275608788
137.0	12605.442275944859	-1686.258829473416
138.0	12609.056146861833	-1689.7237808654063
139.0	12699.854226569974	-1775.7525976418626
140.0	12612.675501081903	-1693.1858832163514
141.0	12616.296530728721	-1696.640573534077
142.0	12703.510590366297	-1779.1720389506124
143.0	12619.916519259868	-1700.0953568407667
144.0	12623.546520220247	-1703.545246218139
145.0	12707.16829732269	-1782.5892455790818
146.0	12627.172435080092	-1706.9993420218962
147.0	12630.798776379082	-1710.4481492884508
148.0	12710.827487996756	-1786.001879526215
149.0	12634.42701013723	-1713.8964249404082
150.0	12638.057216917608	-1717.3436343851288
151.0	12714.485925934126	-1789.4137647888708
152.0	12641.689690893218	-1720.7889346131597
153.0	12645.323121725902	-1724.231776314218
154.0	12718.142047739731	-1792.829104089665
155.0	12648.958690906378	-1727.6744942275684
156.0	12652.596249495444	-1731.11493744132
157.0	12721.803022224965	-1796.2449032613913
158.0	12656.235226752111	-1734.5511050484386
159.0	12659.875226156379	-1737.9866594198793
160.0	12725.467904105813	-1799.653887516445
161.0	12651.00083314527	-1749.749509517712
162.0	12729.128186804128	-1803.0616710907582
163.0	12732.78595670894	-1806.475726195448
164.0	12736.45129009973	-1809.8886525345158
165.0	12740.119700193614	-1813.29240950808
166.0	12743.781060529609	-1816.6974655187157
167.0	12747.428401339299	-1820.110265450978
168.0	12751.096254753189	-1823.5191275792922
169.0	12754.765498907664	-1826.9197105833907
170.0	12758.42838736785	-1830.323930114766
171.0	12762.092260354513	-1833.7340744930273
172.0	12765.762219278962	-1837.1393232019354
173.0	12769.431087823426	-1840.5392650020349
174.0	12773.09647551129	-1843.9427139354964
175.0	12776.77280597118	-1847.34495587349
176.0	12780.70876001814	-1850.6157171807683
177.0	12767.047589517873	-1859.0625457239933
178.0	12784.34297165335	-1861.3933554311207
179.0	12784.373704059553	-1854.0390912393766
180.0	12351.976528962188	-1452.113841547499
181.0	12362.12419941974	-1461.4645000900452
182.0	12356.820547360165	-1462.9339340934594
183.0	12363.390073107883	-1470.511432181395
184.0	12364.676763129455	-1462.5778714755254
185.0	12366.778550512596	-1474.1594866710693
186.0	12370.174329844798	-1477.8022964787172
187.0	12373.575963783858	-1481.4389091654211
188.0	12376.983989694367	-1485.069625324717
189.0	12380.39841125133	-1488.6950270817852
190.0	12383.81834454557	-1492.313922981105
191.0	12387.245186617625	-1495.9283486712065
192.0	12390.676690709814	-1499.5357013900132
193.0	12394.115588056651	-1503.1393897195421
194.0	12397.5583289661	-1506.735479859983
195.0	12401.008916357001	-1510.328665595455
196.0	12404.462572157941	-1513.913786938608
197.0	12407.924354297485	-1517.4962141387878
198.0	12411.389215789037	-1521.071293268739
199.0	12414.86134216618	-1524.6430982554882
200.0	12418.337051667992	-1528.208385916593
201.0	12421.819196872262	-1531.7698610979196
202.0	12564.347793170236	-1670.9596167115371
203.0	12576.501999155118	-1665.93376634146
204.0	12571.736823305284	-1677.740237878581
205.0	12579.689978917058	-1669.6139750117684
206.0	12575.44117724664	-1681.018107909038
207.0	12582.871233679676	-1673.45192585169
208.0	12579.06117518162	-1684.4353123985009
209.0	12586.551975310846	-1676.9325255690212
210.0	12582.68631911739	-1687.853699139592
211.0	12590.173050874917	-1680.3994207587846
212.0	12586.31358199627	-1691.2705655893435
213.0	12593.79284561384	-1683.860747644033
214.0	12589.943004233812	-1694.6858487618435
215.0	12597.415564315912	-1687.315584232065
216.0	12593.573410835617	-1698.0998196068624
217.0	12601.035150355585	-1690.7685334762143
218.0	12597.204796813829	-1701.5126176165786
219.0	12604.654207720594	-1694.22510619485
220.0	12600.837788685467	-1704.9237908178477
221.0	12608.28126364143	-1697.6798917292151
222.0	12604.472309738545	-1708.3334711524922
223.0	12611.910996087956	-1701.1266419012973
224.0	12608.10756134115	-1711.7423616998512
225.0	12615.538590946197	-1704.5722212440353
226.0	12611.74360117364	-1715.150195881696
227.0	12619.175575194102	-1708.012117374253
228.0	12615.381049639725	-1718.556659482444
229.0	12622.808708221884	-1711.4578476948536
230.0	12619.01960013921	-1721.9620445739117
231.0	12626.442308120735	-1714.8997585492114
232.0	12622.65867518453	-1725.3669722803206
233.0	12630.075740025886	-1718.3408891540373
234.0	12626.29844389198	-1728.7711726951518
235.0	12631.25085233733	-1724.0893584024677
236.0	12629.93913416018	-1732.174371812481
237.0	12634.88991534363	-1727.51695067935
238.0	12633.580337465783	-1735.5767716061662
239.0	12638.529558009353	-1730.942514126092
240.0	12637.221880704996	-1738.978934795831
241.0	12642.169324597699	-1734.3678141282696
242.0	12640.864041561515	-1742.3808555950218
243.0	12645.810596970283	-1737.7923137931614
244.0	12644.506079848243	-1745.7816952827625
245.0	12649.448762447159	-1741.2122513671166
246.0	12648.126869550631	-1749.1850954382026
247.0	12767.860718798327	-1861.8210903969386
248.0	12778.037463463937	-1869.9486487795373
249.0	12774.375328195907	-1866.0303430808851
250.0	12780.809222670463	-1863.4425922264334
251.0	12783.073096985972	-1869.9475420258025
252.0	12787.038905323507	-1862.011628442963
253.0	12788.244906029584	-1870.1324261649845
254.0	12795.743024841977	-1867.795872504068
255.0	12790.435744993743	-1865.7289600393267
256.0	12793.247631183802	-1870.0279898463534
257.0	12788.933991693948	-1860.140571927952
258.0	12779.762319027499	-1855.4363079651
259.0	12792.545063680474	-1863.7829235084944
260.0	12785.333562698217	-1865.9392849394308
261.0	12442.213066376018	-1527.3677121670407
262.0	12432.29358022184	-1542.4235214988796
263.0	12368.24222100027	-1451.8855948353269
264.0	12362.6683556517	-1452.091005734282
265.0	12445.734694601097	-1530.925790467535
266.0	12435.79479696182	-1545.9652253671118
267.0	12349.957379848898	-1456.0009413464077
268.0	12357.373120241382	-1452.1868256847636
269.0	12449.259635716173	-1534.4831577088953
270.0	12439.300924194424	-1549.5026745307666
271.0	12354.795669203568	-1453.406558232263
272.0	12353.179023085926	-1459.672035261002
273.0	12357.362029435977	-1457.8164320858632
274.0	12452.78640159797	-1538.037541508342
275.0	12442.811198609628	-1553.0349420791847
276.0	12359.612810688552	-1463.6973038046224
277.0	12365.606056651972	-1453.492111569609
278.0	12456.313194138209	-1541.5893177484038
279.0	12446.326762939409	-1556.5636335379104
280.0	12371.966017255576	-1455.7784272237143
281.0	12364.912558697957	-1465.6611197720451
282.0	12459.842232313487	-1545.140941867994
283.0	12449.84577954382	-1560.086767559788
284.0	12375.64954369455	-1459.4331972658883
285.0	12368.218795188115	-1469.4412811324135
286.0	12463.374978545262	-1548.6916012341771
287.0	12453.370433199843	-1563.6069668034406
288.0	12379.083151928658	-1463.0559014408045
289.0	12371.61688231562	-1473.0677357516363
290.0	12466.908038038355	-1552.2380769008605
291.0	12456.897878881486	-1567.1212723583412
292.0	12382.578018147637	-1466.6420737643018
293.0	12375.01465366243	-1476.699312250045
294.0	12470.44176617834	-1555.78296669467
295.0	12460.431271937274	-1570.6332330518933
296.0	12386.074585089584	-1470.225931126666
297.0	12378.421110842128	-1480.3145143517274
298.0	12473.978528053854	-1559.3278622528667
299.0	12463.966853912827	-1574.1390351971534
300.0	12389.571138321138	-1473.8074799512167
301.0	12381.829716952057	-1483.9354167169404
302.0	12477.518477990234	-1562.8705866107264
303.0	12467.508521583659	-1577.6426556024687
304.0	12393.06926940434	-1477.3888652731605
305.0	12385.243677171049	-1487.5414353477872
306.0	12481.058969974043	-1566.4097186992728
307.0	12471.05239306603	-1581.140719298622
308.0	12396.570097833692	-1480.9693643523624
309.0	12388.663318874656	-1491.1523470094462
310.0	12484.599893160696	-1569.9474366028044
311.0	12474.601644123171	-1584.636213126787
312.0	12400.072161483571	-1484.5472818348396
313.0	12392.086146815926	-1494.7591023337807
314.0	12488.145316632945	-1573.4859513448475
315.0	12478.153464697805	-1588.12681205806
316.0	12403.574356052583	-1488.1233221225987
317.0	12395.518268104925	-1498.358465554609
318.0	12491.692586845988	-1577.0202421793201
319.0	12481.709993639774	-1591.614491912392
320.0	12407.07877486386	-1491.699333311344
321.0	12398.952274231619	-1501.954957893581
322.0	12495.240306708753	-1580.5512422682395
323.0	12485.269424748367	-1595.0979019232552
324.0	12410.585868343049	-1495.273842172987
325.0	12402.40571896448	-1505.5482289549816
326.0	12498.789314374522	-1584.081657500113
327.0	12488.832928203345	-1598.5780821334213
328.0	12414.093677180928	-1498.845491243601
329.0	12405.862910941747	-1509.1372877095243
330.0	12502.342283631448	-1587.611642126306
331.0	12492.399633108223	-1602.0545811173972
332.0	12417.601779936895	-1502.4157461294035
333.0	12409.319257279387	-1512.7136939161908
334.0	12505.897779218007	-1591.1382571244228
335.0	12495.969809767732	-1605.5275776360556
336.0	12421.1131046619	-1505.9864192810835
337.0	12412.779731226552	-1516.2883370982242
338.0	12509.453150783573	-1594.6614151828262
339.0	12499.543453511948	-1608.9974454270202
340.0	12424.62679321976	-1509.5546479232016
341.0	12416.257559846126	-1519.8590141299637
342.0	12513.010669510937	-1598.184270834334
343.0	12503.12000406177	-1612.4635757303934
344.0	12428.140630031317	-1513.119734251018
345.0	12419.729370403193	-1523.4230546598749
346.0	12435.17309364855	-1520.2482440980123
347.0	12516.572671118842	-1601.706500866322
348.0	12506.700253425122	-1615.9270939963462
349.0	12423.206186963182	-1526.981111143243
350.0	12431.655181468654	-1516.6840113680391
351.0	12520.13527594117	-1605.2238425474773
352.0	12510.282880473778	-1619.386676988727
353.0	12437.28085958645	-1528.6134114716122
354.0	12438.692948264186	-1523.809332982777
355.0	12523.698586729857	-1608.7389862554899
356.0	12513.869403925046	-1622.8441291280162
357.0	12426.688116478837	-1530.5360866263843
358.0	12425.305398677729	-1535.325611245213
359.0	12440.115116306748	-1529.3883273322624
360.0	12527.264924028248	-1612.2540008033754
361.0	12517.457811929919	-1626.2974850500289
362.0	12428.797239835398	-1538.8770518329384
363.0	12430.178061930354	-1534.0839380229518
364.0	12443.635650734104	-1532.9473472766765
365.0	12530.835033328689	-1615.7669432414707
366.0	12521.050279575624	-1629.7491560900908
367.0	12431.56977805167	-1539.6404676006289
368.0	12433.680895816595	-1537.6334316766743
369.0	12447.160375112375	-1536.50598419196
370.0	12534.406195869202	-1619.275866532016
371.0	12524.644174765708	-1633.1966064293856
372.0	12435.06712605509	-1543.1831110696337
373.0	12437.177388035338	-1541.1740169672946
374.0	12450.677285416721	-1540.0547077471867
375.0	12537.977698104289	-1622.7827026509951
376.0	12528.242177902239	-1636.6425309383728
377.0	12438.569522692385	-1546.7214118514084
378.0	12440.67898222481	-1544.7104962331043
379.0	12454.203478880621	-1543.605753489629
380.0	12541.55395531573	-1626.2903722460933
381.0	12531.841584963093	-1640.0847013222021
382.0	12442.076330508971	-1550.2548914113104
383.0	12444.184319072387	-1548.2422474386804
384.0	12457.732153710887	-1547.1575881451583
385.0	12545.13227046171	-1629.7935112933308
386.0	12535.444566548746	-1643.5251397490672
387.0	12445.587998932222	-1553.7841437883917
388.0	12447.69459916675	-1551.7699493570442
389.0	12461.265266814262	-1550.707616952651
390.0	12548.711616675182	-1633.29306993108
391.0	12539.049165501301	-1646.9623240921537
392.0	12449.103936040972	-1557.3087416416156
393.0	12451.20851204989	-1555.2938949189884
394.0	12464.799742776891	-1554.2534628772155
395.0	12552.291797701999	-1636.791361340931
396.0	12542.656758984145	-1650.3972879653672
397.0	12452.624545204097	-1560.8292279079312
398.0	12454.727626669866	-1558.8131620694278
399.0	12468.333726976714	-1557.79698236904
400.0	12456.149283132188	-1564.3452286248087
401.0	12458.260177343263	-1562.3349226729226
402.0	12471.87118620601	-1561.3419196968316
403.0	12555.877367162262	-1640.2903357840398
404.0	12546.266310639598	-1653.8289151045976
405.0	12459.678500401436	-1567.8572194845995
406.0	12461.787330646728	-1565.8465279336408
407.0	12475.40356718613	-1564.8759868249956
408.0	12559.464777478075	-1643.7841102477776
409.0	12549.879281567897	-1657.2595183339079
410.0	12463.21172658028	-1571.3649133487017
411.0	12465.317749538282	-1569.35492911086
412.0	12478.94556491831	-1568.4130858705594
413.0	12563.052615334707	-1647.2741926021429
414.0	12553.493633398955	-1660.6885914934903
415.0	12466.749130204777	-1574.868349276953
416.0	12468.85284503787	-1572.8580422605683
417.0	12482.487566700016	-1571.9487327429297
418.0	12566.642364128902	-1650.7637893891479
419.0	12557.108864777992	-1664.114215971742
420.0	12470.290860703157	-1578.3681084704228
421.0	12472.391342850131	-1576.358499215904
422.0	12486.03411907069	-1575.485928420477
423.0	12570.23726629891	-1654.253128559322
424.0	12560.726927819565	-1667.5373637672221
425.0	12473.836239577577	-1581.8636763494187
426.0	12475.9337888389	-1579.85455931281
427.0	12489.585076918687	-1579.018690663167
428.0	12573.83327320795	-1657.7371044213166
429.0	12563.52597385285	-1668.2023588576742
430.0	12477.385760748415	-1585.3556876592322
431.0	12479.480035955741	-1583.3479991087097
432.0	12493.134917017522	-1582.5470666977271
433.0	12480.938793706124	-1588.8436798378018
434.0	12483.039074679435	-1586.8447399891693
435.0	12496.677475655795	-1586.066336144905
436.0	12484.495784244042	-1592.3282358898716
437.0	12486.592329368223	-1590.3308448613989
438.0	12500.233258108075	-1589.5945354876565
439.0	12488.056151994062	-1595.8089465722671
440.0	12490.148963085221	-1593.813332895741
441.0	12503.792281437403	-1593.1183026181754
442.0	12491.62029264829	-1599.2863419848807
443.0	12493.709324746504	-1597.2928078046668
444.0	12507.350448193492	-1596.6382427016306
445.0	12495.18767772825	-1602.7600671308749
446.0	12497.272673750043	-1600.7681924207973
447.0	12510.91080918468	-1600.1586158663977
448.0	12498.758651244985	-1606.2305984037287
449.0	12500.83940416589	-1604.2407733962418
450.0	12514.47593332176	-1603.677971044012
451.0	12502.332737970764	-1609.6976356316727
452.0	12504.409138153429	-1607.7102583249164
453.0	12518.043118068737	-1607.192790520041
454.0	12505.910229032053	-1613.1616010380933
455.0	12507.982369083531	-1611.1765045035809
456.0	12521.609747155717	-1610.7046109158127
457.0	12509.490703444375	-1616.6222495308668
458.0	12511.558176723758	-1614.6393628252692
459.0	12525.179656819537	-1614.2173999422403
460.0	12513.074398603863	-1620.0799490132279
461.0	12515.137270004574	-1618.099447869764
462.0	12528.754297829793	-1617.727735735799
463.0	12516.660948411894	-1623.5345094269398
464.0	12518.719000673153	-1621.556919055316
465.0	12532.329726617048	-1621.2334229008784
466.0	12520.250536027614	-1626.986244495225
467.0	12522.303982450858	-1625.0109370227935
468.0	12535.904973803	-1624.7370525689191
469.0	12523.84285054986	-1630.4350188706414
470.0	12525.891151721617	-1628.462261087371
471.0	12539.48494529375	-1628.2424278246906
472.0	12527.437949793713	-1633.8808495732649
473.0	12529.481412118861	-1631.910576195127
474.0	12543.071797160099	-1631.7459549060598
475.0	12531.035956266373	-1637.3241922379414
476.0	12539.496285967378	-1639.5836166887293
477.0	12533.074433285583	-1635.3569157126003
478.0	12654.876309623693	-1739.5397049337878
479.0	12664.139031499746	-1744.3563976021185
480.0	12655.273792087619	-1756.0744298675918
481.0	12534.636345433557	-1640.7646983432962
482.0	12542.946562641562	-1643.0033986100782
483.0	12538.239466962505	-1644.2028474355793
484.0	12546.397355720454	-1646.3019658799722
485.0	12667.681023364092	-1747.8069159315237
486.0	12658.9175478049	-1759.4727681752393
487.0	12541.84476839458	-1647.6380266711374
488.0	12553.974593281811	-1642.371408353305
489.0	12545.4527072255	-1651.070114202589
490.0	12671.316836472724	-1751.2223188907685
491.0	12662.561150885062	-1762.870593822163
492.0	12557.57860386326	-1645.8708186537153
493.0	12549.063754615296	-1654.5002004373462
494.0	12561.170808980307	-1649.356424261451
495.0	12552.677430544942	-1657.930034340928
496.0	12674.959236159397	-1754.6469623341163
497.0	12666.204636445864	-1766.2687228764964
498.0	12564.76362165134	-1652.8414007337858
499.0	12556.291260244929	-1661.3571027407954
500.0	12568.362015024004	-1656.3264763834502
501.0	12559.906772788825	-1664.7803833987193
502.0	12572.896047192628	-1662.5627121227596
503.0	12678.606413718318	-1758.07613409844
504.0	12669.848019566669	-1769.6670796796855
505.0	12567.147300973409	-1671.6240606397648
506.0	12571.963339843134	-1659.8053988506592
507.0	12577.42989592747	-1661.2181486533655
508.0	12572.849923791844	-1672.9127769142515
509.0	12682.255460735914	-1761.4994866039785
510.0	12673.491255659188	-1773.0656511321647
511.0	12581.029201620868	-1664.6989044226705
512.0	12577.216598379237	-1675.6416638125781
513.0	12584.576067886816	-1668.2275142292392
514.0	12580.961150583176	-1678.956557170128
515.0	12685.906748749834	-1764.9203552542701
516.0	12677.134285455975	-1776.4644994527318
517.0	12588.136254963503	-1671.74444114628
518.0	12584.579876547488	-1682.396073548557
519.0	12591.754697913188	-1675.209050048892
520.0	12588.198881122278	-1685.8342886266362
521.0	12689.558551190079	-1768.3406719836778
522.0	12680.777038176448	-1779.8638902752655
523.0	12595.366977644107	-1678.6805166246786
524.0	12591.821578833484	-1689.269715897717
525.0	12598.982189980203	-1682.1452974480444
526.0	12595.44561752855	-1692.7028572141062
527.0	12693.211369625596	-1771.760573800845
528.0	12684.419198032438	-1783.2638124781004
529.0	12602.597878188913	-1685.606243747464
530.0	12599.06952256727	-1696.1352503591577
531.0	12606.21031419097	-1689.0691264032257
532.0	12602.695533776825	-1699.5671467827044
533.0	12696.864855544738	-1775.1793898694866
534.0	12688.060718622584	-1786.6641135472003
535.0	12609.828125898037	-1692.5346515844365
536.0	12606.325092526464	-1702.9958552863257
537.0	12613.45114225051	-1695.9919545968096
538.0	12609.955001154069	-1706.4226171889047
539.0	12700.518789196329	-1778.5972821557696
540.0	12691.70189276427	-1790.0649540749057
541.0	12617.073744936371	-1699.444786350191
542.0	12613.586542642624	-1709.848185063971
543.0	12620.701698902967	-1702.893149194716
544.0	12617.219104685288	-1713.2720185765447
545.0	12704.176389930675	-1782.0158187107324
546.0	12695.342861297417	-1793.46746339887
547.0	12624.334573485286	-1706.343592836624
548.0	12620.853770866388	-1716.6947958555738
549.0	12627.961953303145	-1709.7948744373123
550.0	12624.488777868879	-1720.116293445809
551.0	12707.835663601058	-1785.428837385567
552.0	12698.98220534713	-1796.8708581692845
553.0	12631.590706137147	-1713.2430450391764
554.0	12628.124292112501	-1723.5376343175637
555.0	12635.220696554927	-1716.6906664325886
556.0	12631.761746929798	-1726.9580169450637
557.0	12711.495803179065	-1788.838970992342
558.0	12702.620393594123	-1800.2747815677203
559.0	12638.853186887683	-1720.1371485250713
560.0	12635.400700541533	-1730.376332810926
561.0	12642.487187747845	-1723.5810664099927
562.0	12639.039569651193	-1733.793749326117
563.0	12715.150418575142	-1792.2517681828692
564.0	12706.258004204785	-1803.6794914312807
565.0	12646.121556470522	-1727.0231885086587
566.0	12642.679180454681	-1737.2113296711432
567.0	12649.759446072958	-1730.4656467488646
568.0	12646.319551457816	-1740.6269878615556
569.0	12718.806468778645	-1795.6696447064107
570.0	12709.895405953745	-1807.0865580100806
571.0	12657.040686820705	-1737.338677734122
572.0	12653.399118335316	-1733.9032678196024
573.0	12649.934617339546	-1744.041693299124
574.0	12660.636476373576	-1740.8334785650816
575.0	12658.823869606007	-1745.9371207654501
576.0	12722.470237119824	-1799.0823298245516
577.0	12713.541037071016	-1810.4857708475583
578.0	12655.505017386415	-1742.3733763044177
579.0	12651.68598872929	-1752.6065629450684
580.0	12661.697693953089	-1746.6262725514764
581.0	12654.503527901557	-1753.2413643896782
582.0	12726.132298700524	-1802.4881306006025
583.0	12717.175376796256	-1813.8943173072064
584.0	12665.197525688447	-1750.0577453004316
585.0	12658.09093616125	-1756.7101883081523
586.0	12668.827733330638	-1753.4595585729223
587.0	12661.734288842677	-1760.108984465167
588.0	12729.786185780356	-1805.9000316948113
589.0	12720.808778985904	-1817.3041183323528
590.0	12672.467931188885	-1756.8758728952544
591.0	12665.377453635656	-1763.5073788171483
592.0	12676.112090843477	-1760.2971245216584
593.0	12669.020557900245	-1766.9060358512518
594.0	12733.444161933592	-1809.3181413930326
595.0	12724.441243265332	-1820.716303888711
596.0	12679.760421902543	-1763.714756193421
597.0	12672.663649290453	-1770.304790886936
598.0	12683.409662822254	-1767.1287234909523
599.0	12676.30670111347	-1773.7036171210111
600.0	12737.111853889734	-1812.726995976891
601.0	12728.071299751666	-1824.1293555653049
602.0	12687.059104392378	-1770.5426662876234
603.0	12679.949695809062	-1777.1027994597546
604.0	12690.709214751661	-1773.9567860468321
605.0	12683.59236011414	-1780.502550268574
606.0	12740.774675360393	-1816.128990875968
607.0	12731.700189451783	-1827.5434706320266
608.0	12694.35951184205	-1777.370246853886
609.0	12687.234408975413	-1783.9026300199905
610.0	12698.00996706698	-1780.7831511920065
611.0	12690.876130615741	-1787.302937928978
612.0	12744.415466664128	-1819.5409229700217
613.0	12735.328129321833	-1830.9596811673764
614.0	12701.663110693053	-1784.1962664203693
615.0	12694.51801890717	-1790.7046722494372
616.0	12705.320403486383	-1787.607043549556
617.0	12698.158880832603	-1794.1081104413581
618.0	12748.061916767147	-1822.9576155486673
619.0	12738.954449539187	-1834.3783468522652
620.0	12708.976153940226	-1791.013553316724
621.0	12701.797843332302	-1797.5120364437669
622.0	12712.62509817926	-1794.4233461906588
623.0	12705.436011155776	-1800.9162574019392
624.0	12751.72946288407	-1826.3630132038572
625.0	12742.578547254676	-1837.7982118589746
626.0	12716.275689403825	-1797.8398442492307
627.0	12709.074411070382	-1804.322528034725
628.0	12719.934690467411	-1801.2504704668283
629.0	12712.721928181507	-1807.7221331431467
630.0	12755.391247218091	-1829.7646426507893
631.0	12746.209763921868	-1841.212462943433
632.0	12723.591785327944	-1804.6540054695313
633.0	12716.36756013229	-1811.1219765906596
634.0	12727.237842694281	-1808.0654311448054
635.0	12720.002206593466	-1814.5310808954594
636.0	12759.046827524724	-1833.1766170591509
637.0	12749.831509480244	-1844.636290159745
638.0	12730.888582344718	-1811.4851449809369
639.0	12723.636297257457	-1817.942420197485
640.0	12734.549193402681	-1814.8956777633166
641.0	12727.268435267899	-1821.3555266418268
642.0	12762.708760629686	-1836.5904536574524
643.0	12753.4505905654	-1848.0623475285267
644.0	12738.203367005683	-1818.298040468149
645.0	12730.89846675068	-1824.7690011697603
646.0	12741.833433615275	-1821.712466746627
647.0	12734.527924838336	-1828.1839953642314
648.0	12766.37499856203	-1839.994888343992
649.0	12757.067107653575	-1851.4897450480596
650.0	12745.470292694323	-1825.134075976416
651.0	12738.156430982317	-1831.6018224074262
652.0	12749.12834311281	-1828.5435074281647
653.0	12741.782788172806	-1835.02150883178
654.0	12770.035954439787	-1843.39824803035
655.0	12760.681211005969	-1854.9183876254567
656.0	12752.779890157797	-1831.9466990362228
657.0	12745.415809890916	-1838.4349074961876
658.0	12756.425659331906	-1835.3632964571425
659.0	12749.04832256285	-1841.8503172753053
660.0	12777.13885377356	-1854.739952593107
661.0	12773.70368122917	-1846.8045936538645
662.0	12764.251770489876	-1858.3852039923274
663.0	12760.076173347561	-1838.7844265282563
664.0	12752.670619277123	-1845.2755057017127
665.0	12763.729921980563	-1842.1950187291188
666.0	12756.289680602029	-1848.7021573430172
667.0	12781.567103637024	-1853.3751436136233
668.0	12777.641372913597	-1850.0789630419424
669.0	12767.374636259266	-1845.6017986261631
670.0	12759.905836319558	-1852.1292129427948
671.0	12771.01290948051	-1848.9989513268235
672.0	12763.478177682053	-1855.5934244473692
673.0	12775.876251278538	-1852.1420341028045
674.0	12768.982213688862	-1856.9357531583871
675.0	12770.655295136108	-1862.4997369139753
676.0	12785.257203044212	-1856.7440846671159
677.0	12776.330318303719	-1864.1603093893739
678.0	12359.907927298364	-1456.845521321453
679.0	12354.988876992882	-1455.779175730955
680.0	12360.112225893083	-1453.5885324190451
681.0	12365.435859054189	-1456.432325325918
682.0	12787.722370159267	-1864.6494086082837
683.0	12765.690703277396	-1853.3791019014873
684.0	12772.521519386717	-1860.5232973788143
685.0	12768.39892025621	-1854.044088880839
686.0	12771.091876356308	-1851.8328536696179
687.0	12762.12723519734	-1849.9346854309315
688.0	12771.661567219926	-1857.7178582961715
689.0	12780.732321859085	-1858.2405131292853
690.0	12765.115135479095	-1850.5095375677117
691.0	12767.744385582113	-1848.3406222042686
692.0	12758.507716173197	-1846.513857231121
693.0	12761.506542102527	-1847.1069174243005
694.0	12764.124693061438	-1844.942945982975
695.0	12754.88249370747	-1843.0897518036247
696.0	12773.242387552958	-1852.8344356864516
697.0	12775.639196141645	-1856.7280289676949
698.0	12757.880500566918	-1843.6882935185429
699.0	12760.484555415367	-1841.5334264578662
700.0	12751.253818740195	-1839.6649659901632
701.0	12754.248880087931	-1840.2651849765145
702.0	12756.83850487957	-1838.1147267618226
703.0	12747.614196106375	-1836.2516730544169
704.0	12750.613646314669	-1836.8438772165198
705.0	12753.195862114737	-1834.6926658981913
706.0	12743.97539852743	-1832.842555307573
707.0	12746.969543824758	-1833.4360238929967
708.0	12749.553022076108	-1831.2822611931308
709.0	12740.343415663583	-1829.4237964902593
710.0	12743.334044575075	-1830.0213674108911
711.0	12745.903510909107	-1827.8760822313486
712.0	12736.710144356146	-1826.005045103655
713.0	12739.697333520913	-1826.6027049896331
714.0	12742.254744217624	-1824.4582696553323
715.0	12733.077898344709	-1822.590682708539
716.0	12736.061840563627	-1823.1862019102289
717.0	12738.627719126045	-1821.038058887502
718.0	12729.4438451755	-1819.1791296420927
719.0	12732.426141253296	-1819.7746401043496
720.0	12734.98573135185	-1817.6301408866868
721.0	12725.806935979706	-1815.7658038784666
722.0	12728.787291895176	-1816.3632905699594
723.0	12731.333050023803	-1814.2243379088459
724.0	12722.168934682917	-1812.353414351888
725.0	12725.146145797604	-1812.9498354697632
726.0	12727.68203403399	-1810.808129233347
727.0	12718.531765817077	-1808.9445482073727
728.0	12721.506310570492	-1809.539222380348
729.0	12724.039330345471	-1807.3929454096817
730.0	12714.881529770633	-1805.5459594737003
731.0	12717.864844344933	-1806.1321687948255
732.0	12720.391844080821	-1803.9879030276504
733.0	12711.229938764352	-1802.146610380276
734.0	12714.210535236845	-1802.7344666861852
735.0	12716.736696197733	-1800.583243446488
736.0	12707.588837547462	-1798.7391081567303
737.0	12710.566358290445	-1799.3264245316223
738.0	12713.085947969026	-1797.1708816402745
739.0	12703.948908692682	-1795.3345483170222
740.0	12706.924285346193	-1795.9201441957664
741.0	12709.440956299404	-1793.7599251210424
742.0	12700.307614473999	-1791.9301843389792
743.0	12703.28200434891	-1792.5154439401606
744.0	12705.792578643239	-1790.3546680145864
745.0	12696.663967220702	-1788.5253992695034
746.0	12699.637543252342	-1789.110264316557
747.0	12702.139757970393	-1786.9478994527078
748.0	12693.01984978297	-1785.122380515777
749.0	12695.991560245026	-1785.7051236817708
750.0	12698.488488999325	-1783.538355696486
751.0	12689.376843393837	-1781.720858886976
752.0	12692.34687220823	-1782.3017850009846
753.0	12694.840060737943	-1780.129323662499
754.0	12685.733847836245	-1778.319256409358
755.0	12688.703120172962	-1778.8987474858698
756.0	12691.192600091468	-1776.7205967912657
757.0	12682.090387895061	-1774.9177672917328
758.0	12685.059217984546	-1775.4955642480274
759.0	12687.545104981458	-1773.3112445801053
760.0	12678.446885615273	-1771.5168295092506
761.0	12681.415162043771	-1772.092679672949
762.0	12683.897991544176	-1769.9018983367623
763.0	12674.803572313018	-1768.1161258963766
764.0	12677.771363183552	-1768.6901985298446
765.0	12680.251310890131	-1766.4928738477336
766.0	12671.160584874735	-1764.7147616071272
767.0	12674.127969563722	-1765.2871404450016
768.0	12676.604871446672	-1763.0830954241574
769.0	12667.518161363862	-1761.3129591017314
770.0	12670.485371148556	-1761.8830289169555
771.0	12672.959975234351	-1759.669436852331
772.0	12663.876526392165	-1757.9123078362056
773.0	12666.844096162751	-1758.4794974777853
774.0	12669.319261901981	-1756.2560033359325
775.0	12660.23860253882	-1754.5159261911122
776.0	12663.207451731956	-1755.0818294292383
777.0	12665.683492931197	-1752.8525743078073
778.0	12656.693682665726	-1751.0544227516577
779.0	12659.611613229355	-1751.6932261125319
780.0	12662.094495179737	-1749.4643003432823
781.0	12653.427429920841	-1747.4662334070456
782.0	12651.236637968717	-1736.1092392994376
783.0	12656.302740269028	-1748.1363451963819
784.0	12651.9083691885	-1738.9581037279395
785.0	12647.593753683954	-1732.67345069793
786.0	12648.268076739843	-1735.5287128702205
787.0	12643.954976010558	-1729.2344264100218
788.0	12644.626418057413	-1732.093536077997
789.0	12640.31851739091	-1725.7955214546807
790.0	12640.987870909004	-1728.6574692602692
791.0	12636.68158564476	-1722.3549430561513
792.0	12637.34941929336	-1725.2211841889275
793.0	12633.046267982807	-1718.9112885203576
794.0	12633.711187102565	-1721.7820510039774
795.0	12627.614098920814	-1720.6599275527533
796.0	12629.41386459792	-1715.4668871650367
797.0	12623.978862496762	-1717.2301264312675
798.0	12625.782326584022	-1712.0226415722125
799.0	12620.343598128222	-1713.7996340961588
800.0	12622.150473346204	-1708.5743313746816
801.0	12616.709316626848	-1710.3680181748107
802.0	12618.514854015904	-1705.1292818127722
803.0	12613.076538140167	-1706.935223694676
804.0	12614.882661509757	-1701.6855181354038
805.0	12609.445388538295	-1703.5007385041579
806.0	12611.256691036358	-1698.2372911788168
807.0	12605.815272681197	-1700.0643592338631
808.0	12607.628339671714	-1694.7833235152928
809.0	12602.187392785936	-1696.624461957613
810.0	12604.00816127605	-1691.321779801813
811.0	12598.563326581461	-1693.1826482707959
812.0	12600.392905514556	-1687.8632943516752
813.0	12594.94010010403	-1689.7410322999142
814.0	12596.773319711996	-1684.4073663303705
815.0	12591.31656894721	-1686.2976491435309
816.0	12593.152631542202	-1680.9461517314141
817.0	12587.695577121625	-1682.8506561545084
818.0	12589.537274614098	-1677.4789769241934
819.0	12584.072050997529	-1679.3983867976606
820.0	12585.909172539306	-1674.015445092123
821.0	12580.403136036863	-1675.927176701056
822.0	12582.294095908032	-1670.4822121498246
823.0	12576.13130988413	-1673.1045142710525
824.0	12579.167920950655	-1666.6578965955832
825.0	12568.99265134198	-1669.545294889376
826.0	12561.745763241839	-1662.686538491791
827.0	12575.295176992711	-1668.2416053286397
828.0	12564.405090839544	-1663.3576801750053
829.0	12569.294932245883	-1659.101055121604
830.0	12558.134308762244	-1659.2577416723434
831.0	12560.790903748326	-1659.921009996361
832.0	12565.691006196432	-1655.6240848414184
833.0	12554.52500064201	-1655.8248527686012
834.0	12557.184252013343	-1656.4840488527122
835.0	12562.092723990163	-1652.144031295906
836.0	12550.91486865525	-1652.3886867257963
837.0	12553.57796570492	-1653.0428230500313
838.0	12558.496931233081	-1648.6635585203303
839.0	12547.314352432892	-1648.9587109092047
840.0	12549.97906988694	-1649.6059980996633
841.0	12554.889863135211	-1645.172021347392
842.0	12550.272938681184	-1638.8572791488004
843.0	12543.7237199235	-1645.6541078791263
844.0	12551.170772425716	-1641.6549201693463
845.0	12546.671473250462	-1635.2653180618738
846.0	12540.257912573847	-1642.2278407455149
847.0	12547.45138518443	-1638.0482006751479
848.0	12658.430644800625	-1743.0191682499544
849.0	12653.02293184361	-1744.6212170305773
850.0	12536.669619240847	-1638.798181973023
851.0	12543.83025104691	-1634.4360919135904
852.0	12535.913335789592	-1636.150908426588
853.0	12540.223952509106	-1630.9159676508532
854.0	12532.324117246599	-1632.7049810348935
855.0	12536.634626249339	-1627.4126392000026
856.0	12528.73593826261	-1629.253575267977
857.0	12533.053969187515	-1623.9114416280165
858.0	12525.152027170623	-1625.8010908343888
859.0	12529.475015098515	-1620.410500469821
860.0	12521.569310614419	-1622.3445872059738
861.0	12525.896299794987	-1616.90614353362
862.0	12517.990327587017	-1618.8860376129285
863.0	12522.3204428073	-1613.3974071451446
864.0	12514.41322515387	-1615.4232891396653
865.0	12518.74952077429	-1609.8885325218155
866.0	12510.83986675598	-1611.9591107562362
867.0	12515.179603257207	-1606.3791513005835
868.0	12507.26854429591	-1608.4911018891246
869.0	12511.610051269448	-1602.865217674071
870.0	12503.700606615515	-1605.020243112777
871.0	12508.044734035311	-1599.3483679931742
872.0	12500.135558710432	-1601.545877918491
873.0	12504.48317441315	-1595.8314448554956
874.0	12496.573661228233	-1598.0691722271058
875.0	12500.922279972605	-1592.3135457084782
876.0	12493.014771392713	-1594.5889342766811
877.0	12497.361912650262	-1588.7900725430545
878.0	12489.458780963703	-1591.1048972182562
879.0	12493.815493424097	-1585.2736502986493
880.0	12485.906819737267	-1587.6181610352867
881.0	12490.271745520315	-1581.7568990812972
882.0	12575.560651852798	-1663.2719358095999
883.0	12568.032316105773	-1666.79501227586
884.0	12482.34802087844	-1584.120183658905
885.0	12486.719750147293	-1578.2297560946424
886.0	12565.711233742406	-1661.0098996903628
887.0	12571.588666378471	-1664.884640981821
888.0	12478.79346859182	-1580.6194075396554
889.0	12483.168636283037	-1574.6962245276347
890.0	12562.101090673992	-1657.5550533393289
891.0	12567.973064090345	-1661.4357619198188
892.0	12475.250424474327	-1577.1219930074942
893.0	12479.624007765664	-1571.1621526693916
894.0	12558.498862464303	-1654.1012312301516
895.0	12564.362093070371	-1657.9728013501165
896.0	12471.712718563731	-1573.6227393315655
897.0	12476.080920635288	-1567.6281448302746
898.0	12554.896957180317	-1650.6442172961763
899.0	12560.759106138874	-1654.5089673927512
900.0	12468.176591703925	-1570.118743942927
901.0	12472.547505769142	-1564.0986801212828
902.0	12551.291754873273	-1647.1814662457198
903.0	12557.15860256837	-1651.043429392186
904.0	12464.646125140565	-1566.6125572630926
905.0	12469.01629928424	-1560.5637218514103
906.0	12461.117603337852	-1563.1002748554965
907.0	12465.480909889397	-1557.0208626821452
908.0	12547.601570336637	-1643.8392371158668
909.0	12553.546545116982	-1647.5655491179975
910.0	12457.584408876688	-1559.5805950130514
911.0	12461.9464870452	-1553.4779119689017
912.0	12545.35299112043	-1641.6851631381387
913.0	12549.831252035407	-1644.0714502911553
914.0	12454.053437018507	-1556.0558549986572
915.0	12458.41230947228	-1549.9311274696931
916.0	12541.888683948395	-1638.1509169276142
917.0	12545.05673903373	-1639.4769055124605
918.0	12450.537939182854	-1552.534592383936
919.0	12454.881676998943	-1546.380615527385
920.0	12538.293426463273	-1634.678412156698
921.0	12541.442107895542	-1635.892985942018
922.0	12447.025787407574	-1549.0081036752072
923.0	12451.355293857174	-1542.8298955020466
924.0	12534.703318250982	-1631.2120924652472
925.0	12537.833724963648	-1632.3915308730639
926.0	12443.518372290264	-1545.4791149398325
927.0	12447.839584717627	-1539.2838913802998
928.0	12531.118551891392	-1627.7426282608449
929.0	12534.243226752027	-1628.9067406183483
930.0	12440.014518474492	-1541.9452156464686
931.0	12444.3240946706	-1535.7326952409537
932.0	12527.537208593441	-1624.2726926557468
933.0	12530.658946773217	-1625.4229159015965
934.0	12436.514959967013	-1538.407391472586
935.0	12440.802799838644	-1532.1733801437513
936.0	12523.957666229946	-1620.8003443129312
937.0	12527.077519489205	-1621.9382959511092
938.0	12433.009432988832	-1534.8611151465363
939.0	12436.592490053985	-1525.8289177694421
940.0	12433.074490296725	-1522.270344049788
941.0	12520.380135102787	-1617.3243180801192
942.0	12523.497163804452	-1618.4509566294646
943.0	12516.806204714614	-1613.8450729898898
944.0	12519.920057081086	-1614.9595121871791
945.0	12429.505159599497	-1531.312045418336
946.0	12433.761219708242	-1525.0562194689162
947.0	12429.567679232772	-1518.7065027222934
948.0	12513.235074530874	-1610.3648536346002
949.0	12516.346364059398	-1611.466889553858
950.0	12428.369763738452	-1525.939078459959
951.0	12430.255573120776	-1521.4967303248104
952.0	12426.05509435769	-1515.1410904779248
953.0	12509.665683871717	-1606.8817118902798
954.0	12512.774716434236	-1607.9728573831
955.0	12424.888229583417	-1522.3831442104965
956.0	12426.75323826328	-1517.9324949377772
957.0	12422.542844839913	-1511.5750966229205
958.0	12506.099017528655	-1603.3946272245278
959.0	12509.204688642376	-1604.4752524378225
960.0	12421.401365621901	-1518.8226293973112
961.0	12423.24275901587	-1514.365939584799
962.0	12419.029589978623	-1508.005518440251
963.0	12502.536048637761	-1599.9050649980516
964.0	12505.63830500636	-1600.974344587553
965.0	12417.906648105769	-1515.2557953497678
966.0	12419.731718759134	-1510.7977686053455
967.0	12415.529962859355	-1504.4361785553274
968.0	12498.975701437228	-1596.414083284286
969.0	12502.07520388637	-1597.472290557538
970.0	12414.41555775614	-1511.684116153827
971.0	12416.23130449195	-1507.2282288797087
972.0	12412.023644298342	-1500.865007881539
973.0	12495.417076936421	-1592.9196960873812
974.0	12498.513670499206	-1593.9684806725472
975.0	12410.950258114586	-1508.1153961294538
976.0	12412.735714326089	-1503.658747206545
977.0	12408.524149087541	-1497.2983857423985
978.0	12491.861853286784	-1589.4211006905255
979.0	12494.954340952007	-1590.4602981787102
980.0	12407.471305689805	-1504.5365494416212
981.0	12409.238099923154	-1500.092235068012
982.0	12405.014880412027	-1493.7227445574354
983.0	12488.318860799307	-1585.9293019102324
984.0	12491.407442753343	-1586.9581892086142
985.0	12403.994987708216	-1500.953776792626
986.0	12405.737316064762	-1496.5236037421325
987.0	12401.510523382827	-1490.144498277782
988.0	12484.760645109824	-1582.4188981786276
989.0	12487.863739972856	-1583.454595383838
990.0	12400.524294878778	-1497.3639742093376
991.0	12402.229751186345	-1492.9452421396727
992.0	12398.008359260153	-1486.5684268530458
993.0	12481.204132290584	-1578.9049612187855
994.0	12484.303323885886	-1579.9322673075628
995.0	12397.069999728657	-1493.7736676225088
996.0	12398.727118436947	-1489.3674502499018
997.0	12394.505856498346	-1482.9801617468959
998.0	12477.661047701002	-1575.394626128577
999.0	12480.755075764338	-1576.4127461130229
1000.0	12393.619547398046	-1490.1820550869077
1001.0	12395.224990623808	-1485.780572853587
1002.0	12391.005867795495	-1479.3963358629055
1003.0	12474.121801772271	-1571.8831314642296
1004.0	12477.211049285346	-1572.891524469651
1005.0	12390.173696324928	-1486.5754444851657
1006.0	12391.724285762299	-1482.1880372520507
1007.0	12387.514076796106	-1475.801638146608
1008.0	12470.584779427081	-1568.3691281733802
1009.0	12473.670115969568	-1569.3688186236857
1010.0	12386.730446324587	-1482.9835298752157
1011.0	12388.23245254507	-1478.590878371436
1012.0	12384.021556582666	-1472.216900728635
1013.0	12467.059710554939	-1564.858391598036
1014.0	12470.13952267581	-1565.8511476762562
1015.0	12383.296078092253	-1479.3786872266644
1016.0	12384.745871717068	-1474.9932103941426
1017.0	12380.533362727358	-1468.6197028205763
1018.0	12463.529494003253	-1561.335638784553
1019.0	12466.6128067265	-1562.3277261976407
1020.0	12379.859117143118	-1475.7819060678964
1021.0	12381.262276541454	-1471.3945946736221
1022.0	12377.044194811015	-1465.0278453865994
1023.0	12459.992510341699	-1557.8058231625
1024.0	12463.080169473675	-1558.7955147514278
1025.0	12376.429430173797	-1472.1715262036907
1026.0	12377.780799772649	-1467.7907123026405
1027.0	12373.636681533595	-1461.394893736201
1028.0	12456.457703909356	-1554.2730849646841
1029.0	12459.539995025727	-1555.255620184903
1030.0	12372.997404833206	-1468.5648502644783
1031.0	12374.31968955451	-1464.1890110003735
1032.0	12370.241083953451	-1457.620398938373
1033.0	12452.936398828957	-1550.7423547646456
1034.0	12456.011238586847	-1551.7188872657246
1035.0	12449.419721597164	-1547.208014288294
1036.0	12452.486993002445	-1548.1776223508405
1037.0	12445.906339598501	-1543.6721063653215
1038.0	12448.966220570213	-1544.6351494772562
1039.0	12442.405281127814	-1540.1377640110998
1040.0	12445.457712186368	-1541.096036023225
1041.0	12362.293859459198	-1458.2882083929983
1042.0	12371.200807613264	-1460.4363070307188
1043.0	12438.897682495653	-1536.5931565578283
1044.0	12441.950873217298	-1537.5523304171684
1045.0	12435.383867697094	-1533.041472633308
1046.0	12438.438053053496	-1533.9995542486884
1047.0	12431.867020722828	-1529.4881325763333
1048.0	12434.914357761945	-1530.4403826677208
1049.0	12775.288521607485	-1861.41194959595
1050.0	12783.155269667719	-1863.8692263461483
1051.0	12783.42060545327	-1858.8843422055477
1052.0	12779.308641061909	-1860.322892235143
1053.0	12779.3813589032	-1865.3748232302594
1054.0	12773.228784983927	-1855.827776035457
1055.0	12776.838980598412	-1859.5067634455454
1056.0	12577.282322816178	-1670.761018825071
1057.0	12571.752208607415	-1670.2293797954715
1058.0	12573.046448876235	-1667.901703655841
1059.0	12569.33409087344	-1664.4620345079354
1060.0	12426.017489139032	-1527.7627891646418
1061.0	12431.402252201588	-1526.8884630796986
1062.0	12422.536877076864	-1524.207323524858
1063.0	12427.909814069155	-1523.3332211241986
1064.0	12419.0625408661	-1520.6488591162324
1065.0	12424.419547665546	-1519.7726456265918
1066.0	12415.580311829885	-1517.0812519454394
1067.0	12420.922720877812	-1516.207327815371
1068.0	12412.106065095528	-1513.5099175547587
1069.0	12417.415560163046	-1512.6370791016207
1070.0	12408.645577189032	-1509.9357725477032
1071.0	12413.933430865553	-1509.0675160970095
1072.0	12405.185014349388	-1506.354783169525
1073.0	12410.453883207718	-1505.4986775633704
1074.0	12401.719405580121	-1502.7599257484346
1075.0	12406.967592432991	-1501.923846271269
1076.0	12398.273489062893	-1499.1653995580066
1077.0	12403.478662175601	-1498.3473835891034
1078.0	12394.841254107212	-1495.5680158838447
1079.0	12399.997819542254	-1494.762691944604
1080.0	12391.415913408542	-1491.9676393696557
1081.0	12396.518526426868	-1491.1791697896972
1082.0	12387.995878417309	-1488.3597256642106
1083.0	12393.044770771776	-1487.5824815476533
1084.0	12384.579595962341	-1484.7592727477038
1085.0	12389.57234544091	-1483.981411296254
1086.0	12381.167674011007	-1481.1536627315738
1087.0	12386.10897139555	-1480.3846983395426
1088.0	12377.757277903756	-1477.545005408622
1089.0	12382.651354162736	-1476.7764395060922
1090.0	12374.351568419353	-1473.9313682120762
1091.0	12379.194354656234	-1473.1763709009338
1092.0	12375.744789104303	-1469.5607594584433
1093.0	12370.947359798973	-1470.3119845492859
1094.0	12367.581708591146	-1466.6419761502702
1095.0	12372.308910245047	-1465.95596872245
1096.0	12366.920818411776	-1460.833183426192
1097.0	12369.621778613844	-1464.9037980251142
1098.0	12367.510254297056	-1457.8639289736313
1099.0	12369.196684002978	-1462.1782535975556
