1.0	11682.286756887477	-1952.0866539525605
2.0	12451.44436435613	-1894.2061148677246
3.0	12487.209363502407	-1913.4105044734415
4.0	12914.765650162002	-2004.3243900990194
5.0	12916.428537070744	-2010.1328368849909
6.0	12924.112565369303	-2016.535743432425
7.0	12931.868284279748	-2022.9328635140503
8.0	12939.663527778184	-2029.2684824084163
9.0	12955.365603214064	-2041.7515677151075
10.0	12971.096181109358	-2054.165942909055
11.0	13027.25724680631	-2096.3084735127327
12.0	12977.920716026982	-2075.0697133068393
13.0	12991.306763739869	-2085.1864290220237
14.0	13008.519968785664	-2092.206809024201
15.0	13073.937116282	-2164.294286372678
16.0	13028.944520927966	-2107.1042947397896
17.0	12615.453546781175	-2628.446901394758
18.0	12953.12230750706	-2698.8184132392234
19.0	13055.212845348984	-2125.993755419489
20.0	12768.553496459941	-2850.9083413015137
21.0	13081.93304294596	-2144.66996291919
22.0	13137.48816012774	-2207.4821409365136
23.0	13097.176987863955	-2155.049384474301
24.0	13114.436936637447	-2172.7607461478256
25.0	13131.792958031836	-2178.679422867433
26.0	12776.967972447885	-1877.0900216563562
27.0	13200.48982224334	-2215.3043529142037
28.0	13289.767030223747	-2270.5559934357243
29.0	13281.46009007559	-2264.996634665998
30.0	13286.30468469122	-2282.0428537375324
31.0	13239.855686651776	-2237.335468696307
32.0	13231.523847891442	-2231.8134591208495
33.0	13256.517677751413	-2248.3844501617764
34.0	13223.191408507382	-2226.2916933424085
35.0	13248.187217897452	-2242.858953271493
36.0	13292.001643165328	-2276.1913109490965
37.0	13300.300128903376	-2281.7629588412233
38.0	13214.85903792547	-2220.76937914984
39.0	12998.664683293428	-2874.5405798686497
40.0	13380.954178776994	-2331.9685564077363
41.0	13356.134055705203	-2315.171455201999
42.0	13364.373308435965	-2320.7972609628846
43.0	13339.555649221466	-2303.9972367511587
44.0	13331.263254092286	-2298.4140534819085
45.0	13347.846025007851	-2309.5827033902265
46.0	13383.174812612686	-2337.5926019542003
47.0	13322.966014593143	-2292.832016783314
48.0	13399.7134957328	-2348.82377641824
49.0	13407.982112549864	-2354.4399517140173
50.0	13416.250673570705	-2360.0565905513254
51.0	13424.519526240003	-2365.6737745536243
52.0	13379.336024964721	-2350.449052108397
53.0	13197.850765721894	-2806.16248382033
54.0	13397.752439299877	-2357.0005260678076
55.0	13196.70807907285	-2890.9837529806573
56.0	13457.46701526216	-2421.838005389983
57.0	13436.469749418093	-2383.1546584561597
58.0	13456.951314373626	-2402.495624575211
59.0	13487.75343914977	-2423.576611044842
60.0	13516.925249717393	-2437.8844766935467
61.0	13512.989070414571	-2483.871498195329
62.0	13527.607747505119	-2445.208243386605
63.0	13378.135866846393	-2832.915024843134
64.0	13590.067891465907	-2477.8213812619565
65.0	13367.709621435313	-2904.790596650446
66.0	13565.078731823129	-2475.4736340419536
67.0	13615.022875080555	-2494.5122576600297
68.0	13577.530981578728	-2478.520573988774
69.0	13614.848686465959	-2509.2801686121707
70.0	13615.904000996657	-2827.862184058126
71.0	13643.88352164383	-2522.941593996469
72.0	13517.446119230217	-2853.872766940424
73.0	13515.543518463717	-2916.882948572825
74.0	13677.49486931076	-2545.1848325642454
75.0	13688.755870317002	-2552.342476650001
76.0	13715.355019847024	-2575.1811030716676
77.0	13745.642029217372	-2594.593462392468
78.0	13649.523347803972	-2868.4402036679476
79.0	13644.75756048064	-2923.3388054848524
80.0	13780.6284394404	-2652.19104178767
81.0	13825.290330703368	-2629.9406696148485
82.0	13791.568077042291	-2623.481124337996
83.0	13829.765874674804	-2641.98077391603
84.0	13760.538186914462	-2884.3442346678385
85.0	13756.720332800607	-2931.948604140324
86.0	13863.591368200287	-2668.1208269312697
87.0	13893.536310938338	-2705.119766700905
88.0	13936.38535807764	-2697.541803733154
89.0	13916.09188127774	-2694.466033281584
90.0	13854.292255209039	-2939.6061592368355
91.0	13989.872493051435	-2738.1322506667198
92.0	13942.570229855863	-2910.022465355392
93.0	13939.648337861523	-2946.076673646134
94.0	14018.892204228257	-2755.181799908074
95.0	14014.664571204647	-2869.304761322885
96.0	14074.513483537094	-2778.4190792383292
97.0	14013.9680468937	-2951.286971436375
98.0	14135.3422928266	-2813.0761551260152
99.0	14116.743900919479	-2811.489715464548
100.0	14078.972242335285	-2955.8518384392178
101.0	14136.144773562846	-2961.005239343897
102.0	14198.815363423419	-2857.47474317797
103.0	14222.636503693457	-2861.873854072315
104.0	14210.450932078236	-2863.9690874314547
105.0	14186.318055765427	-2965.5544738442513
106.0	14266.377225881211	-2886.1304919126674
107.0	14230.055165718732	-2968.889886958204
108.0	14268.620908636038	-2970.912193296585
109.0	14282.20151655813	-2944.7008773546045
110.0	14318.99198237143	-2914.941352808421
111.0	14303.330258506443	-2972.221678528977
112.0	14330.25257401747	-2951.214176950775
113.0	14333.16293081394	-2974.8659245016593
114.0	14371.645641128183	-2943.705451907417
115.0	14358.334091536986	-2977.9511201385353
116.0	14395.227597219542	-2952.65074393467
117.0	14381.245553082234	-2979.383237388181
118.0	14401.669497668643	-2980.268317974362
119.0	14410.612794884632	-2985.58230234998
120.0	14430.290921698195	-2971.7515065299813
121.0	14427.048567890175	-2986.0385328856796
122.0	14443.017138910473	-2985.4111947975402
123.0	14454.581778875969	-2987.0000902018196
124.0	85.13274863681498	-2904.27356333514
125.0	192.0560684171228	-2791.082950136539
126.0	96.6305202447715	-1954.383843467064
127.0	1014.2620624821502	-1950.5940408853785
128.0	1883.7218075315761	-1951.9607562367048
129.0	2028.0239439653185	-2045.102865828628
130.0	2317.77981458329	-2045.7056760516982
131.0	2609.0021213641817	-2046.3099090329235
132.0	2901.3227479169814	-2046.8676019410816
133.0	3192.7457554340276	-2047.2586356022218
134.0	3483.5915672220162	-2047.5341455497366
135.0	3774.418710460634	-2047.845267744371
136.0	4065.26409956776	-2048.2621734344143
137.0	4356.06277521478	-2048.775487508666
138.0	4646.811351769511	-2049.3036182511473
139.0	4937.5625413194975	-2049.814468478774
140.0	5228.325632361422	-2050.3571899394306
141.0	5519.081034818245	-2051.032276305289
142.0	5808.363767023798	-2051.942371978577
143.0	6091.827486272304	-2046.185678823762
144.0	6372.517456450118	-2046.800694512218
145.0	6657.578813562376	-2053.722700288377
146.0	6946.733654278349	-2053.8127889832253
147.0	7237.274608124383	-2053.9613405546215
148.0	7527.903585530997	-2054.139905878322
149.0	7818.545460669845	-2054.316071050104
150.0	13372.68214298172	-2326.35662278438
151.0	13264.845590349854	-2253.9125903736326
152.0	14465.064209721628	-2988.588701106791
153.0	12891.975677660119	-1984.7403378301553
154.0	11792.224870721524	-2006.5750338744085
155.0	12172.949541906593	-1911.362400261236
156.0	12969.225841819874	-2048.4214980604634
157.0	13140.002167958302	-2170.831451137175
158.0	13314.667430038966	-2287.2579163685705
159.0	13471.895233183552	-2393.7728375103593
160.0	13604.41254365037	-2483.355312082459
161.0	13712.997363937951	-2554.867086494153
162.0	13814.327247486624	-2619.162519743364
163.0	13899.544802857059	-2671.4579100875508
164.0	13976.816095076407	-2717.624143576486
165.0	14045.868358827234	-2757.99751674978
166.0	14106.562587291965	-2792.8606261444857
167.0	14158.776640078895	-2822.4170490756246
168.0	14202.426394923956	-2846.800585817185
169.0	14246.120829755537	-2871.0642652967454
170.0	14281.158422060507	-2890.378535557826
171.0	14307.456639627046	-2904.788503212845
172.0	14342.54015267965	-2923.9682115651945
173.0	14360.088642140077	-2933.546291938332
174.0	14386.596418060784	-2947.5498784306096
175.0	14404.04333941524	-2957.358579978883
176.0	14419.18356966651	-2968.119599616763
177.0	14438.852659627655	-2979.0609608061745
178.0	14449.334005858613	-2982.237407807535
179.0	14459.205317477406	-2985.413416136369
180.0	375.34666826202965	-2875.2387218546173
181.0	692.1083971573713	-2893.3531626257077
182.0	998.1899446284315	-2894.628889176843
183.0	87.40269201771905	-2307.60636017966
184.0	233.13517997739086	-2042.8168626319275
185.0	1297.1072723344705	-2894.634168857743
186.0	1596.0245800488801	-2894.6291697197994
187.0	1448.5248920037757	-2043.9351285340647
188.0	1894.9419426853121	-2894.692326214452
189.0	2193.859272062175	-2894.708584610953
190.0	2492.776607471074	-2894.7271374753163
191.0	2791.693947721931	-2894.7510578077013
192.0	3090.6191103896235	-2894.787365282753
193.0	3389.5422533212354	-2894.818950024857
194.0	3688.467481269882	-2894.8550184721475
195.0	3987.390596918083	-2894.885422005644
196.0	4286.313717973251	-2894.9154162744576
197.0	4585.2628273570635	-2895.044286482306
198.0	4884.202525855392	-2895.1290780500053
199.0	5183.126648341131	-2895.1607077221342
200.0	5482.0510747618855	-2895.1930547363404
201.0	5780.975473037313	-2895.2247006838275
202.0	6079.899824988962	-2895.2561742767607
203.0	6378.823480680733	-2895.284270352453
204.0	6677.746896563686	-2895.3117721377002
205.0	6976.670300337774	-2895.3389929552563
206.0	7275.59364984988	-2895.3658834652965
207.0	7574.516950353663	-2895.3925055809596
208.0	7873.440232272554	-2895.4188955679656
209.0	8172.3605901462115	-2895.437379125202
210.0	8471.28716230696	-2895.465175885687
211.0	8770.214471705134	-2895.4925428266056
212.0	9069.13961462442	-2895.5140483287446
213.0	9368.065361551702	-2895.5393506704127
214.0	9666.978264601132	-2895.5333828697853
215.0	9965.889917579885	-2895.525029940727
216.0	11460.57633447361	-2895.712148068804
217.0	10264.777536003603	-2895.4569280021146
218.0	10563.743606007629	-2895.583573045867
219.0	10862.62065114599	-2895.517696903917
220.0	11161.597676560967	-2895.6109734635825
221.0	11015.182582617303	-2056.704865626002
222.0	11759.459637717007	-2895.5496800201204
223.0	12418.041617327122	-1921.8355267346715
224.0	12061.782002500715	-2891.7588300991924
225.0	11965.238658565608	-1973.4555590947555
226.0	12358.326839898984	-2909.9483775935755
227.0	12899.521783731732	-1991.2941369332336
228.0	12907.09902541832	-1997.818923382255
229.0	12544.75776417197	-1906.3785574451003
230.0	12592.677877311742	-1900.677365267409
231.0	12885.96886993764	-1983.977320503361
232.0	12784.340752225065	-1883.8619108637174
233.0	12743.450491412217	-1876.8927284365973
234.0	12725.300156853038	-1877.7916678987242
235.0	12758.623651089702	-1875.7086167622256
236.0	12785.443950790317	-1889.7302959572805
237.0	12703.72753360407	-1879.3859376021182
238.0	12792.352425312858	-1896.7626577234462
239.0	12799.528200062918	-1903.5404421343885
240.0	12678.542495551936	-1880.5949768225107
241.0	12788.839145645661	-1911.0776989820595
242.0	12648.449807185216	-1882.5618468013918
243.0	12638.623360984586	-1922.0326375328302
244.0	12872.155581423693	-1988.4342780557083
245.0	12599.621649153642	-1932.2669337366722
246.0	12878.558153475351	-1977.3852165221642
247.0	11434.967220957784	-1958.9174980942223
248.0	12283.45828751282	-1904.252241002502
249.0	12953.484178169792	-2036.0305528411627
250.0	12514.98776500253	-1890.3267651477988
251.0	12912.117866716517	-2016.7748729034422
252.0	12862.626543990023	-1958.4007015151474
253.0	12985.087557804245	-2060.669689244605
254.0	12993.044969075921	-2066.717594489475
255.0	12922.430931667082	-2010.7384104263672
256.0	13001.035750111188	-2072.747049498113
257.0	12552.816700764954	-1943.9041502670545
258.0	12930.129204398874	-2017.1259799266797
259.0	13009.069235791432	-2078.743850960415
260.0	12937.90324919342	-2023.489418395371
261.0	13017.102693010364	-2084.6898912042857
262.0	12945.676870586069	-2029.7717145192128
263.0	13025.177553334282	-2090.6206349241274
264.0	12947.45742107036	-2035.5422137046328
265.0	12637.449118630066	-2914.9414714499467
266.0	12961.405445906146	-2042.2067904518356
267.0	12918.148161324643	-2027.7165077575683
268.0	13041.408024868577	-2102.3515370898067
269.0	12977.130429605924	-2054.56095970337
270.0	13049.53318269145	-2108.1746175034145
271.0	12979.044558044545	-2060.306894129793
272.0	13057.668882663163	-2113.979585698739
273.0	12987.017142918674	-2066.3935765211204
274.0	13065.815956728315	-2119.7674850246513
275.0	12994.99589582185	-2072.437126432018
276.0	13074.010321038084	-2125.547325836167
277.0	13003.024310816401	-2078.4645242369807
278.0	13082.23256427494	-2131.281836508162
279.0	13011.070381094925	-2084.442501939114
280.0	13090.449468920682	-2136.9746049991186
281.0	13019.13344175125	-2090.38690758621
282.0	13098.67480100073	-2142.6550523450164
283.0	13033.294900576186	-2096.5124149897524
284.0	13106.907099814778	-2148.3225702087852
285.0	13035.397102755358	-2102.1685450182463
286.0	13115.14794255016	-2153.977549653549
287.0	13043.523970553402	-2107.989112424721
288.0	13123.426401547944	-2159.6272798720424
289.0	13051.653400927375	-2113.803331092543
290.0	13131.715367214158	-2165.2409432241675
291.0	13059.78579909793	-2119.6089841092503
292.0	13074.962409459331	-2145.251185977924
293.0	13067.958911461938	-2125.4148966639077
294.0	13148.294165914844	-2176.4134998875406
295.0	13076.190236926874	-2131.1915786294244
296.0	13156.59072335623	-2181.98797449726
297.0	13084.428052019464	-2136.9040538433533
298.0	13164.891824639248	-2187.5552372128154
299.0	13092.653919968672	-2142.5841232465013
300.0	13173.216671919168	-2193.1191909475733
301.0	13100.881109028194	-2148.2593582274035
302.0	13181.542619492355	-2198.6606497365174
303.0	13109.110605365857	-2153.928236122078
304.0	13189.868844199962	-2204.1920971396175
305.0	13117.374032165948	-2159.5972092340817
306.0	13198.19714776035	-2209.7201056993513
307.0	13125.674288248696	-2165.2414984887596
308.0	12886.363287246286	-2925.9324569648966
309.0	13039.287888596247	-2114.500180714463
310.0	13397.49429393207	-2343.197608870932
311.0	13147.022371738887	-2189.0348004210696
312.0	13142.264112894292	-2176.4247393798173
313.0	13152.548582187	-2192.756152281279
314.0	13150.556942218185	-2182.0043741721292
315.0	13168.67092981167	-2203.5395781803654
316.0	13158.851115689095	-2187.580734575375
317.0	13170.333447647396	-2210.0320842544547
318.0	13167.166784340565	-2193.156865894515
319.0	13179.453377453841	-2210.7987066248334
320.0	13175.50137105803	-2198.7162018924078
321.0	13190.30620565617	-2217.9749706183793
322.0	13183.832108052438	-2204.250648394854
323.0	13195.858713404756	-2221.6591638884142
324.0	13192.160726904402	-2209.7779059810073
325.0	12812.511189269384	-1911.269556024522
326.0	12770.958093405614	-1874.8236898001387
327.0	13273.149327990375	-2259.4423018065063
328.0	13206.527404529332	-2215.245725230787
329.0	13288.160672637976	-2288.868382138596
330.0	13206.656588738828	-2229.0021867161613
331.0	13283.701507307655	-2270.6208088060725
332.0	13275.400314100416	-2265.05297360884
333.0	13258.212868784833	-2268.588748944141
334.0	13229.689054554292	-2249.6612733853976
335.0	13233.811135698788	-2237.4049377403876
336.0	13258.801198387351	-2253.9821817848147
337.0	13242.141347168557	-2242.9298861744705
338.0	13222.33739927772	-2239.1929779313136
339.0	13208.819695239901	-2220.830275048624
340.0	13225.480677036272	-2231.880258080758
341.0	13250.47177985758	-2248.4556408739086
342.0	13299.828176490788	-2296.4414523693963
343.0	13298.071773216188	-2276.1203836346513
344.0	13306.372261491242	-2281.688012700945
345.0	13212.20899612928	-2232.687299331494
346.0	13217.15008538719	-2226.3555025979
347.0	13099.55368278906	-2938.6022521006325
348.0	13306.263557645436	-2295.190299742566
349.0	13011.812932583838	-2777.842546612728
350.0	13529.786605394149	-2433.0784022033836
351.0	13438.832160589538	-2371.2921539314343
352.0	13377.698173878221	-2343.449637308666
353.0	13374.905201333575	-2331.9778495339665
354.0	13358.328823610813	-2320.832635568901
355.0	13299.181581993582	-2314.984002845185
356.0	13347.224178928574	-2323.0545941496107
357.0	13350.081900192541	-2315.2177908224044
358.0	13328.567170264761	-2315.7098116467673
359.0	13316.889299501154	-2292.9037991890395
360.0	13333.490663776667	-2304.0604912900512
361.0	13341.786818815575	-2309.6387772394014
362.0	13327.09259873066	-2309.1147656320445
363.0	13447.097951672868	-2376.912503651653
364.0	13389.22457582254	-2337.5822096154793
365.0	13321.55646906488	-2305.3964338573514
366.0	13325.191218445956	-2298.4804321493266
367.0	13455.363244039383	-2382.532598151662
368.0	13391.44414190505	-2343.2078986564197
369.0	13463.62871267021	-2388.1526146820793
370.0	13405.76296355789	-2348.814400916589
371.0	13414.183223664195	-2368.2105665064614
372.0	13414.030618714643	-2354.432388732519
373.0	13480.162436526953	-2399.3927467456692
374.0	13422.298322288458	-2360.051661690392
375.0	13488.430009519381	-2405.0112673243316
376.0	13430.565642934802	-2365.6718479297956
377.0	13496.69791231012	-2410.628494244014
378.0	13432.787902937236	-2371.2909528646733
379.0	13504.96651699504	-2416.243916304794
380.0	13441.05592539857	-2376.908130501433
381.0	13513.238045640077	-2421.8578295682314
382.0	13449.323613111805	-2382.5252971147784
383.0	13521.51178323914	-2427.4695276502857
384.0	13457.591015876076	-2388.1423090373833
385.0	13284.277337964171	-2942.4002201104563
386.0	13387.032229781697	-2350.217705794872
387.0	13654.381191193796	-2516.557448732321
388.0	13479.881784656478	-2412.774580618591
389.0	13465.858718277914	-2393.759529284906
390.0	13538.062795592477	-2438.6848241583875
391.0	13482.395287878759	-2404.9941405699715
392.0	13546.34054611157	-2444.2893868705246
393.0	13490.663799050342	-2410.610537262663
394.0	13554.620474415637	-2449.890691810991
395.0	13498.932522543304	-2416.2262264550855
396.0	13562.915750094182	-2455.490172061456
397.0	13507.203327949444	-2421.8410601330065
398.0	13571.212241560956	-2461.0747700724605
399.0	13515.47712273802	-2427.454780568419
400.0	13579.508729270121	-2466.650418923334
401.0	13523.751781931735	-2433.0664389141198
402.0	13587.807162861622	-2472.2224940481697
403.0	13532.026359659516	-2438.6762867974576
404.0	13554.969310113047	-2463.634404943991
405.0	13540.301219663097	-2444.285772493138
406.0	13548.137560758367	-2464.3797516610393
407.0	13548.576885981069	-2449.8944567632957
408.0	13612.737868224525	-2488.916277970269
409.0	13556.866893110331	-2455.502763174532
410.0	13629.385919273018	-2499.990006132382
411.0	13565.170043163062	-2461.0994672918146
412.0	13637.713575553775	-2505.518538099316
413.0	13573.470699175705	-2466.677810718094
414.0	13646.045738622735	-2511.0404844244663
415.0	13581.769354237345	-2472.24950155801
416.0	13596.107721183178	-2477.7920679025774
417.0	13442.838315607196	-2952.4302917132477
418.0	13594.263083530112	-2489.9878813668224
419.0	13531.819538706237	-2453.4399989379276
420.0	13755.067263525447	-2581.861570770216
421.0	13662.747973677331	-2522.070882963866
422.0	13606.688885166119	-2488.959183691812
423.0	13671.106457677017	-2527.5540988424136
424.0	13621.061082272005	-2494.4570410397228
425.0	13679.468830949098	-2533.030400640559
426.0	13623.351123626533	-2500.0451121325573
427.0	13687.835109087542	-2538.5001054982786
428.0	13631.678356287715	-2505.5739373745064
429.0	13696.205799441102	-2543.963027938545
430.0	13640.007209081945	-2511.1003369743103
431.0	13704.584842930395	-2549.419266473344
432.0	13648.337899950866	-2516.624150160496
433.0	13666.416024280561	-2537.7252956512693
434.0	13656.697022512495	-2522.148835372013
435.0	13721.400190021746	-2560.2810818204325
436.0	13665.072737593111	-2527.649544549774
437.0	13729.807976120035	-2565.6874870838424
438.0	13673.43735268829	-2533.123281302791
439.0	13738.220251651093	-2571.086161112851
440.0	13681.802846265016	-2538.5940718294864
441.0	13746.63719026508	-2576.477180280126
442.0	13690.169498932128	-2544.0624408549215
443.0	13698.541512282856	-2549.5286913279892
444.0	13581.160985707955	-2954.5109095840494
445.0	13701.696844403921	-2566.2150613673616
446.0	13648.474018076233	-2531.137561510766
447.0	13848.323950982342	-2640.2065638946037
448.0	13763.524639016307	-2587.2330969598
449.0	13706.947722529614	-2554.9915877281114
450.0	13771.974174327412	-2592.573812477182
451.0	13723.779267381376	-2565.8281123069555
452.0	13780.428100645933	-2597.9076851554314
453.0	13732.19008658948	-2571.2289983135856
454.0	13788.886384045116	-2603.2341004544887
455.0	13740.6020952705	-2576.626914709173
456.0	13797.348675391719	-2608.553625886257
457.0	13749.024025860395	-2582.0228727608014
458.0	13805.828153550372	-2613.866312270724
459.0	13757.478588179654	-2587.411560868615
460.0	13772.274014640343	-2606.02906705108
461.0	13765.944904401129	-2592.7687118245917
462.0	13822.820105455807	-2624.43397565484
463.0	13774.40014789505	-2598.1002542882593
464.0	13839.818639277883	-2634.9560864877217
465.0	13782.856586003385	-2603.429439439094
466.0	13797.825986783499	-2622.0195329696267
467.0	13791.313929989146	-2608.7561334614343
468.0	13856.848908626116	-2645.451656223701
469.0	13799.78509294753	-2614.0808613657814
470.0	13701.561210855421	-2958.9020820650653
471.0	13803.50065978724	-2625.5673358198674
472.0	13753.144186385753	-2594.086058885912
473.0	13925.257827157848	-2686.9383930442186
474.0	13865.386741128656	-2650.676763118542
475.0	13808.285752581794	-2619.393932287226
476.0	13873.920340450759	-2655.881941536284
477.0	13831.31726023835	-2629.698615952704
478.0	13882.457913006925	-2661.0806914677632
479.0	13833.789542644023	-2635.201386015535
480.0	13890.99950431085	-2666.2725940286778
481.0	13842.289937124084	-2640.459226532357
482.0	13888.817635070125	-2694.9405710615415
483.0	13850.807016805136	-2645.7158816051
484.0	13908.11233277164	-2676.6380927525747
485.0	13859.349798588628	-2650.9582608932747
486.0	13916.66481551451	-2681.825728060326
487.0	13867.894479464436	-2656.1717235889555
488.0	13883.291758752754	-2674.6827141889967
489.0	13876.43224178791	-2661.369734521637
490.0	13933.833125550373	-2692.0745621806964
491.0	13884.971417200388	-2666.5652801499723
492.0	13806.045076799595	-2963.1346009193553
493.0	13845.996318346064	-2651.9873097752366
494.0	13994.040377443322	-2727.772295841327
495.0	13950.994761360647	-2702.3279403260444
496.0	13902.071700796943	-2676.9498121165134
497.0	13959.601699852295	-2707.446542580528
498.0	13910.632432776802	-2682.1543665179793
499.0	13968.209017823303	-2712.541286859426
500.0	13919.21236159411	-2687.301820647303
501.0	13932.800628920486	-2704.3653348640432
502.0	13927.808904751064	-2692.40813415188
503.0	13985.426488766147	-2722.701167886279
504.0	13942.412171170596	-2697.2043530688993
505.0	13954.17180884159	-2722.550533039844
506.0	13944.963044696271	-2702.6730188889496
507.0	14002.657632703891	-2732.8375906823057
508.0	13953.562645583603	-2707.8030790610815
509.0	14011.30088928226	-2737.898030222965
510.0	13962.18107209236	-2712.9142342053997
511.0	13897.52767838033	-2966.5717426163087
512.0	13966.589081616721	-2724.533137719496
513.0	13857.373599394312	-2898.411298413401
514.0	14063.194406793044	-2768.013750536167
515.0	14019.939295689815	-2742.9333692865753
516.0	13979.403847274809	-2723.0767466219304
517.0	14028.579171860925	-2747.9602229926936
518.0	13988.015019998324	-2728.1519288148265
519.0	14037.222126972521	-2752.9815564064224
520.0	13996.627437971047	-2733.2249256800314
521.0	14037.470588474675	-2782.9345315231835
522.0	14005.263679323703	-2738.2966802736373
523.0	14054.517760435161	-2763.008000764401
524.0	14013.91560172123	-2743.347828943646
525.0	14022.55874339617	-2748.3746426973576
526.0	14071.861670051328	-2772.993583079884
527.0	14024.654394234494	-2758.5283591905677
528.0	14031.201100856762	-2753.396601478126
529.0	13977.223223425104	-2969.615673994374
530.0	14001.484856991172	-2745.1845517158813
531.0	14115.265702937659	-2797.812852514519
532.0	14089.20493984638	-2782.9371815772156
533.0	14039.844554538744	-2758.4167210150786
534.0	14097.880990243793	-2787.901396050307
535.0	14057.159269506235	-2768.451818330766
536.0	14076.54109535722	-2788.384279442161
537.0	14065.842081242978	-2773.4467946481745
538.0	14078.944066495227	-2794.8405507530406
539.0	14080.531886748044	-2777.967980563117
540.0	14123.961020358838	-2802.743219519154
541.0	14083.185757531022	-2783.38928998604
542.0	14093.466032585631	-2845.5788938979153
543.0	14132.659097798545	-2807.6687346039766
544.0	14091.859016860266	-2788.3577772904514
545.0	14046.79566385554	-2971.7912612730797
546.0	14096.096491725242	-2805.072145126265
547.0	14016.874802625702	-2919.0962548181706
548.0	14167.511317352337	-2827.317574258963
549.0	14109.235422101934	-2798.28780826063
550.0	14150.063328375409	-2817.505719175493
551.0	14127.467281654337	-2822.506595215294
552.0	14117.94387359336	-2803.230258079098
553.0	14134.248647394912	-2821.2985764830555
554.0	14126.642700014047	-2808.1540545809753
555.0	14176.236734672098	-2832.1949112276957
556.0	14141.359747495515	-2812.5894728387852
557.0	14146.971020197589	-2874.7002111832558
558.0	14184.964490829423	-2837.067511750854
559.0	14144.042961380828	-2817.996860777303
560.0	14107.954572598415	-2974.18862739147
561.0	14145.18200091351	-2832.5235586281283
562.0	14211.160530207346	-2851.6603641179736
563.0	14161.487708507557	-2827.826961656769
564.0	14193.694362500612	-2841.93608670568
565.0	14175.438631081704	-2844.450718741482
566.0	14170.231346463597	-2832.7115416063384
567.0	14178.96391996782	-2837.5755915074637
568.0	14219.8976570796	-2856.5165393376897
569.0	14187.696930930115	-2842.438089585497
570.0	14161.774030413631	-2976.9517740143147
571.0	14177.483367602616	-2862.1409860749986
572.0	14227.772601671188	-2873.6447631860647
573.0	14237.378018588288	-2866.2187202409846
574.0	14196.430315147712	-2847.2994758559976
575.0	14216.274737047082	-2867.2091748694597
576.0	14213.899484369576	-2857.01642972017
577.0	14254.865669804181	-2875.9066132799803
578.0	14228.63702417013	-2861.3698009146337
579.0	14263.626044886647	-2880.745764469375
580.0	14231.37398083829	-2866.7301441248037
581.0	14208.755925718448	-2978.7440906499337
582.0	14233.594871307063	-2876.8859580505855
583.0	14262.615040438084	-2893.0321910665225
584.0	14240.111637821428	-2871.584634450836
585.0	14253.132062863546	-2892.978687003147
586.0	14289.922971515674	-2895.1844360940036
587.0	14257.602874599374	-2881.290941022516
588.0	14298.689006857181	-2899.9877988759476
589.0	14272.395244962683	-2885.56970465487
590.0	14249.78503781539	-2980.2926341341026
591.0	14271.048920932635	-2903.3756210963434
592.0	14283.918665741512	-2895.7458224936395
593.0	14316.225552693124	-2909.5866298686074
594.0	14268.747519173558	-2953.787275209493
595.0	14292.686064540108	-2900.5460233442936
596.0	14286.040186431665	-2980.7711605172676
597.0	14288.615414281414	-2912.5850567448797
598.0	14319.252551147925	-2929.5620116019963
599.0	14333.767505375159	-2919.1765349663833
600.0	14301.454136629416	-2905.3454173040095
601.0	14324.995869032466	-2914.38265710496
602.0	14351.31387158887	-2928.758164896584
603.0	14327.761846617354	-2919.7384452740957
604.0	14318.577307819405	-2981.6063125791
605.0	14304.541462078027	-2957.9320745966547
606.0	14336.947849522587	-2961.259079931911
607.0	14336.532119414238	-2924.5347023773224
608.0	14368.87464118105	-2938.332854205352
609.0	14345.834414206693	-2983.419092652155
610.0	14362.855389867533	-2938.9201115836718
611.0	14367.403232805553	-2950.3238622732456
612.0	14349.57563385906	-2941.1785502070347
613.0	14389.370721504843	-2952.916291323237
614.0	14377.65941062826	-2943.109074360707
615.0	14369.97890538521	-2984.694735339648
616.0	14359.51686029759	-2967.0943421932584
617.0	14406.662433352047	-2962.433800979124
618.0	14391.735317073593	-2984.8540382866563
619.0	14371.871920120744	-2956.7225197903967
620.0	14380.475163652998	-2970.4938093904334
621.0	14412.641414433036	-2961.8993964858087
622.0	14421.87980072505	-2973.5132508366987
623.0	14395.09203366571	-2965.3450509790127
624.0	14404.218352766484	-2972.6394127713047
625.0	14413.016847009707	-2968.42732576353
626.0	14419.095727416563	-2981.450611937938
627.0	14432.761714698965	-2979.689514136026
628.0	106.92331978030779	-2609.8784310792407
629.0	724.4429657223478	-1950.158704668086
630.0	426.3962204669337	-1945.7483908646875
631.0	1304.0814201459764	-1951.0534091398304
632.0	379.93931825753924	-2463.9577780028435
633.0	1158.7772396908704	-2043.3469872259118
634.0	1593.9012755293695	-1951.5105458933556
635.0	2173.5430615739406	-1952.4276634906928
636.0	2463.369238883862	-1952.8919301595995
637.0	2325.64855383006	-2233.745963636948
638.0	2754.656929089146	-1953.360260171742
639.0	2619.8553008544477	-2234.3367746239787
640.0	3045.581426170976	-1953.7779867675818
641.0	3335.9714973405075	-1954.0796575327067
642.0	3626.318798693279	-1954.381860414921
643.0	3916.6902013134386	-1954.7191434271651
644.0	4207.055748534719	-1955.1271298047886
645.0	4497.380437694773	-1955.5608212012405
646.0	4787.695885823764	-1955.983624247094
647.0	5078.023187979073	-1956.4000351286916
648.0	5368.350537600002	-1956.854709407575
649.0	5658.6701511702095	-1957.4034851943745
650.0	5947.524830539867	-1958.0931687806867
651.0	6232.025431153029	-1951.975155739384
652.0	6518.106361451994	-1959.0365481689669
653.0	6806.978348999602	-1959.2255252153673
654.0	7097.1527629022785	-1959.4550005636393
655.0	7387.410863579952	-1959.7024404865879
656.0	7677.673301043204	-1959.9619295871644
657.0	8258.912799359781	-1960.5885755648476
658.0	7967.944299453114	-1960.2069693581936
659.0	8109.893398252108	-2054.614353327963
660.0	8549.811410320282	-1961.1043882099148
661.0	8401.868948384965	-2055.1834084798597
662.0	8840.615343519146	-1961.8341616553046
663.0	8693.679931810017	-2056.1006308704928
664.0	9131.268151733928	-1962.7330135049804
665.0	8985.245112489349	-2057.400892465734
666.0	9421.23247380273	-1962.9488242565765
667.0	9275.970682038615	-2058.187191367181
668.0	9711.19688989415	-1963.168637891367
669.0	9566.007859464526	-2058.2944520537435
670.0	10001.161251699363	-1963.392710005983
671.0	9856.045076626848	-2058.4099741033265
672.0	10290.493007077841	-1962.1902437291271
673.0	10145.449633076225	-2057.1032162412625
674.0	10580.035301915077	-1960.9378659348074
675.0	10434.432122557622	-2054.320008470262
676.0	10870.288675747632	-1960.6920313776327
677.0	10724.336230493102	-2052.493432418944
678.0	11302.82290844561	-2054.616527778987
679.0	13366.599358661877	-2326.414028210089
680.0	13267.10718913578	-2259.5076672001237
681.0	13254.24078237947	-2260.6526083366293
682.0	12848.184186597804	-1945.0345520223261
683.0	11874.304617297732	-1924.801029073251
684.0	12214.225043647166	-2811.8092100532813
685.0	12335.070859871552	-1931.9779507566489
686.0	12038.382234619805	-1919.1745580317793
687.0	12963.254716436897	-2047.9573903599548
688.0	13133.972441193939	-2170.841888842044
689.0	13139.81766802494	-2189.4183869040667
690.0	13311.793703250994	-2298.903104615958
691.0	13308.59350054178	-2287.333315789623
692.0	13472.835978065492	-2413.275406802075
693.0	13474.126941958159	-2399.377087449454
694.0	13599.813819669076	-2493.7039561723996
695.0	13598.368343232685	-2483.3910600029744
696.0	13722.033333831181	-2574.0287390744747
697.0	13715.369861520836	-2560.4243686575605
698.0	13813.430020464017	-2632.0029304419318
699.0	13816.792577435614	-2624.6773452046828
700.0	13900.014874749564	-2684.91283297299
701.0	13893.511803664509	-2671.7580980339526
702.0	13970.793801679605	-2717.9994801532357
703.0	13978.392861181195	-2731.362847122922
704.0	14041.951450323935	-2768.6485384279404
705.0	14048.489267162788	-2763.4349478822537
706.0	14110.109396249243	-2813.027628136491
707.0	14100.536043319718	-2793.3246561958913
708.0	14163.535300468842	-2837.881041791703
709.0	14152.751947043353	-2822.915941685664
710.0	14201.363169275843	-2863.928933075377
711.0	14205.164172063583	-2852.1588319318507
712.0	14245.035626516636	-2883.379035288826
713.0	14248.849990527198	-2876.438247793183
714.0	14275.151600741323	-2890.9447654421824
715.0	14280.490721467946	-2903.4473635391546
716.0	14308.96130633162	-2918.2625432966374
717.0	14310.222797095781	-2910.1437453620656
718.0	14343.730481566417	-2937.9776777871743
719.0	14345.302679384227	-2929.3303344106675
720.0	14354.275051140277	-2948.8102221119484
721.0	14354.07368168694	-2934.125493622174
722.0	14380.585559458215	-2948.1474405298154
723.0	14384.89795174699	-2958.320411550171
724.0	14400.792542877089	-2968.2350203241635
725.0	14398.033587596574	-2957.9541793999165
726.0	516.108764470249	-2780.1277414914643
727.0	998.578607477934	-2518.0494390118442
728.0	571.056064720653	-2038.2633601331254
729.0	841.518716641093	-2799.481315670871
730.0	194.32601179802683	-2474.264800413937
731.0	563.4083306906226	-2223.6798177242886
732.0	409.5206582098508	-2288.444976032975
733.0	223.90735175033842	-2200.0969902090515
734.0	869.0303460015557	-2042.780646453992
735.0	842.0167022171227	-2611.010612053953
736.0	1154.7119088176307	-2231.9839237469882
737.0	1147.5989984657833	-2800.7255460278175
738.0	1894.568192833757	-2518.085188182947
739.0	1447.4079250651193	-2232.3416463931094
740.0	1446.5042727914033	-2800.689049370933
741.0	1890.4990419874532	-2328.3590068435424
742.0	1738.2737186550612	-2044.514111931115
743.0	1745.4095820474165	-2800.7104295278004
744.0	2193.427500795841	-2518.065197621793
745.0	2044.3149129658832	-2800.753067219113
746.0	2482.091157620898	-2328.959083335905
747.0	2343.220216656817	-2800.7511012801356
748.0	2913.879415474461	-2235.221944020524
749.0	2642.125531221744	-2800.756797277043
750.0	2778.066776136892	-2329.7414678422397
751.0	3207.1665818251	-2235.6756312182188
752.0	2941.038673045465	-2800.7802478846384
753.0	3072.5589201195276	-2330.549324463021
754.0	3500.2085475634726	-2235.9224735768507
755.0	3239.9576175499424	-2800.811362901952
756.0	3367.0093040730353	-2330.8849811758173
757.0	3793.6405157646427	-2236.1540569396584
758.0	3538.876627335372	-2800.842238891506
759.0	3662.1575843387436	-2331.078977637322
760.0	4087.1173354007647	-2236.510890159034
761.0	3837.795609837392	-2800.871933672452
762.0	3957.765242450452	-2331.2766493470717
763.0	4380.547310744747	-2237.00404355197
764.0	4136.712485445933	-2800.8955542749204
765.0	4253.393519897691	-2331.604402572712
766.0	4673.866335398913	-2237.5170812122396
767.0	4435.655354790085	-2801.0176415517403
768.0	4548.919956854142	-2332.0028402056373
769.0	4967.201114640736	-2237.9578590578144
770.0	4734.614801577398	-2801.1945261274473
771.0	4844.389442774404	-2332.340477787227
772.0	5260.616485824419	-2238.408988725658
773.0	5033.549261466636	-2801.2741701674345
774.0	5139.952614763309	-2332.59522449396
775.0	5435.772369194173	-2332.894673163968
776.0	5332.468449278302	-2801.301369653928
777.0	5554.212012949419	-2239.0204412754542
778.0	5732.793104920159	-2333.3171963725813
779.0	5631.387912879655	-2801.3285854157803
780.0	5847.355742642572	-2239.8679181866178
781.0	6139.08862027019	-2229.087079427145
782.0	5930.3073020119045	-2801.3549277563593
783.0	6033.777940156528	-2328.920115592111
784.0	6427.357394241728	-2330.207862709185
785.0	6229.225948560495	-2801.3777202251435
786.0	6616.199232598997	-2242.1020687918203
787.0	6528.143659040393	-2801.396540886242
788.0	6908.76273961879	-2242.3497033628623
789.0	6827.06111760261	-2801.414486289204
790.0	7201.943200163354	-2242.6008871874637
791.0	7125.978509793975	-2801.4318204169595
792.0	7495.141833088429	-2242.8727847801542
793.0	7424.8957987150325	-2801.4485558428205
794.0	7788.363238671478	-2243.1282357169384
795.0	7723.813020042878	-2801.464790745648
796.0	8082.32598918171	-2243.4451094933615
797.0	8022.7272987406	-2801.4728870900494
798.0	8376.788507168232	-2244.0693407312933
799.0	8321.64486768018	-2801.4823902079297
800.0	8669.822256704849	-2243.917527925663
801.0	8620.569388144273	-2801.500776709492
802.0	8964.177828249734	-2245.251616862679
803.0	8919.492479366903	-2801.512871952708
804.0	9257.69097266966	-2246.0607189125944
805.0	9218.414008118643	-2801.522902596674
806.0	9550.077892551739	-2245.3483457731586
807.0	9517.323297000528	-2801.505459937873
808.0	9842.573577208694	-2244.45640823241
809.0	9816.218491933885	-2801.4543620083464
810.0	11863.118949631642	-2249.3066860783624
811.0	11011.851193080516	-2801.377510765969
812.0	11013.376024455225	-2240.4280184830964
813.0	10134.543028431375	-2241.8486968446196
814.0	10115.088402241528	-2801.341129940835
815.0	10426.609811588996	-2238.476609159292
816.0	10414.012729574446	-2801.3628958461336
817.0	11011.215359344264	-2611.671886620326
818.0	10719.485851431875	-2236.483250681382
819.0	10712.926483622005	-2801.3868875480944
820.0	11164.858873947283	-2340.120999124385
821.0	11310.877515313308	-2801.535184731014
822.0	11158.51084437607	-1965.4751002271996
823.0	11739.529620317726	-2318.3489518579477
824.0	11310.977496178899	-2245.539273819078
825.0	11572.669291043225	-2040.9404524346155
826.0	11609.810115374517	-2801.4371140877106
827.0	11974.268577048317	-2086.164612422234
828.0	11462.304665231693	-2331.743054735734
829.0	12375.144918545213	-1898.6717328625791
830.0	11912.086422306797	-2797.447018918258
831.0	11906.31732244121	-2608.6285810893787
832.0	12252.21266537751	-2023.7533603920012
833.0	12208.853555139352	-2088.76663581359
834.0	12113.72353272888	-1959.8468421656346
835.0	12430.963439343504	-1976.5709337462424
836.0	12237.778169780207	-2657.218657428069
837.0	12503.78499145317	-2834.956651715163
838.0	12235.17611953755	-1944.7844953313995
839.0	12350.846463998218	-1997.7566436756103
840.0	12905.301439752844	-2017.0471727551783
841.0	12908.73774116747	-2003.657760763688
842.0	12893.532509705894	-1990.5789258480427
843.0	12895.275996751594	-2002.6498509142505
844.0	12901.095317831396	-1997.1186448466005
845.0	12833.865719943684	-1931.6049966010285
846.0	12567.81795458191	-1887.240799847699
847.0	12664.30883399991	-1978.6441055719788
848.0	12819.607374142985	-1918.0521892052748
849.0	12611.874004652871	-1884.6810374976924
850.0	12890.233487363623	-1998.2896276901877
851.0	12841.018877478307	-1938.3264758755029
852.0	12884.484396882226	-1978.145330514162
853.0	12753.884840597777	-1891.447358466124
854.0	12778.337179294498	-1882.7046651139297
855.0	12751.771807614254	-1881.1719145289255
856.0	12735.107174832017	-1883.2738353605894
857.0	12826.710695323245	-1924.8271767914982
858.0	12765.532684739732	-1879.0873048265782
859.0	12774.315128454504	-1888.6064759751214
860.0	12769.370669820231	-1902.3876861091503
861.0	12791.161252958127	-1890.9079698628257
862.0	12715.22416806032	-1885.78951748017
863.0	12737.511356423764	-1896.4032513445861
864.0	12798.332482180524	-1897.6897673429555
865.0	12805.420478438113	-1904.48104379355
866.0	12632.409962161239	-1895.9520845562756
867.0	12820.30656819824	-1934.047713984235
868.0	12692.039023970798	-1888.619527281161
869.0	12859.319056175074	-1976.573093162421
870.0	12716.627353492337	-1901.6958938606178
871.0	12806.620027516843	-1910.3287394229521
872.0	12813.71305658839	-1917.1154786049028
873.0	12689.512808919868	-1908.910682073699
874.0	12855.382324938073	-1951.7308892152244
875.0	12820.80848456656	-1923.899392816338
876.0	12827.94922039308	-1930.692724389997
877.0	12832.285110422505	-1951.6953200833832
878.0	12665.052996925515	-1891.8274828327228
879.0	12671.81915226643	-1912.129163206324
880.0	12835.122955616056	-1937.4503340912522
881.0	12839.036589860334	-1951.7436427865935
882.0	12842.286854292184	-1944.1595730235538
883.0	12846.190961829307	-1964.381870159487
884.0	12849.472354771393	-1950.868665155843
885.0	12853.161352205105	-1964.867244367885
886.0	12869.870283997227	-1965.0431464921987
887.0	12856.710160586736	-1957.5681525963837
888.0	12871.532730968864	-1981.6414127248372
889.0	12877.177411397655	-1971.594021206173
890.0	12863.963774361413	-1964.246115231327
891.0	12871.24735791921	-1970.8412657525898
892.0	12866.656036869177	-1977.2839692981536
893.0	14387.813273530823	-2965.445735740701
894.0	14379.040477273333	-2955.1424755936764
895.0	12936.77990278729	-2037.1793009443263
896.0	12820.73956512489	-1940.7447606401067
897.0	12854.026495546901	-1994.27566884722
898.0	12858.003867589292	-1969.3333583559852
899.0	12803.61882895389	-1924.5532914693315
900.0	12843.829800044254	-1956.2205543286043
901.0	12800.63049331054	-1915.7456375481531
902.0	12829.639452992104	-1943.2351085360926
903.0	12795.900623663634	-1911.2215934178548
904.0	12815.538001621104	-1929.5079358946077
905.0	12797.598651960323	-1932.3987294139254
906.0	12810.8102304792	-1924.9823159245116
907.0	12752.215280705545	-1923.5673556163074
908.0	12778.911679472549	-1900.2521027280993
909.0	12786.486665177285	-1902.4694380790843
910.0	12747.967705987487	-1900.2975883577922
911.0	12702.604503985158	-1915.5834687751042
912.0	12812.539388385505	-1946.8259979871455
913.0	12768.553043977254	-1911.2487857888755
914.0	12767.520512942008	-1887.2554475439872
915.0	12780.446534097946	-1917.7214633107997
916.0	12729.1075238768	-1906.8274602631689
917.0	12508.384412659674	-2699.3139538775363
918.0	12941.978006017775	-2041.3640349811496
919.0	12661.429361349476	-1928.9440801515477
920.0	12625.031175318121	-1942.3511589435104
921.0	12951.44593469296	-2048.2236462159776
922.0	12878.197953009285	-2007.5706018270703
923.0	12883.373262365805	-1998.483791011174
924.0	12965.515899486856	-2060.1624642617357
925.0	12031.767421154902	-2503.720396135656
926.0	12553.399596173267	-2018.84540810219
927.0	12406.8292649534	-2504.327764982921
928.0	12497.635143174228	-1959.2396491142142
929.0	11611.285154748153	-2610.0909795501634
930.0	11314.92785695473	-2619.1237866538722
931.0	11755.165577225054	-2515.385107653694
932.0	11165.01218446614	-2523.493951240798
933.0	10712.259429106774	-2611.8507333078014
934.0	10861.317762894512	-2516.2759185179816
935.0	10863.631738524331	-2328.4050024971652
936.0	10413.386343271986	-2611.8963285324376
937.0	10562.45016518994	-2516.5808514918785
938.0	10567.36261188522	-2329.0842848862753
939.0	10114.39032238302	-2612.3662470414724
940.0	11591.852147583848	-2222.843263036036
941.0	11466.101715488667	-2521.954615454115
942.0	10263.453069842635	-2517.0154777890566
943.0	10271.764091464363	-2331.092325021514
944.0	9815.968117422242	-2613.683237134716
945.0	9964.941463209732	-2518.7790221677337
946.0	9976.783147636359	-2334.1846247384237
947.0	9517.62705511443	-2614.64459915458
948.0	9667.031648203389	-2520.9013972128614
949.0	9681.795423563211	-2336.2689657398655
950.0	9219.38062389654	-2615.3844801393843
951.0	9369.335735443501	-2522.5400674298294
952.0	9387.022797520987	-2337.876245521404
953.0	8920.684120394313	-2615.2544508469564
954.0	9071.297871429726	-2523.1172047657033
955.0	9091.921158125357	-2338.457265447338
956.0	8621.9832384263	-2615.111332761971
957.0	8772.819963014574	-2522.844677773332
958.0	8795.690384174364	-2337.5017831074197
959.0	8324.848551970814	-2616.0647859566775
960.0	8475.904696879623	-2523.6581276869133
961.0	8500.87329399838	-2337.807217516518
962.0	8026.456615297745	-2615.9029112527683
963.0	8179.293590993991	-2524.4497990366685
964.0	8206.26494907265	-2338.3052639816797
965.0	7727.940123792224	-2615.7790279098085
966.0	7881.2966525790425	-2524.163156894845
967.0	7910.194668384349	-2337.8498901904272
968.0	7429.455972140348	-2615.5863117419835
969.0	7583.204227528324	-2523.844498644283
970.0	7614.729326602272	-2337.5069731558306
971.0	7130.981627821001	-2615.3790485471386
972.0	7285.156941302222	-2523.450867494639
973.0	7319.317703176354	-2337.0748660212616
974.0	6832.437329051278	-2615.1618866661843
975.0	6987.04962981347	-2523.0336214624162
976.0	7023.850440281692	-2336.6314615761185
977.0	6533.123804305411	-2614.8891998870336
978.0	6688.103253277374	-2522.551831515472
979.0	6727.6278533766645	-2336.1418080984477
980.0	6229.22888866218	-2609.1857612592726
981.0	6383.806566047434	-2516.584970387374
982.0	6323.148070203232	-2229.592640548993
983.0	5925.0536838546495	-2614.089918895152
984.0	6074.64914693339	-2515.799206449683
985.0	5625.285897354971	-2614.0289998167027
986.0	5769.619839355374	-2520.6601062235436
987.0	5326.538909205611	-2613.968222370919
988.0	5470.019519164511	-2520.560321854254
989.0	5027.98004137236	-2613.9354191772436
990.0	5171.627888174164	-2520.4888094489347
991.0	4729.474591911455	-2613.828652019314
992.0	4873.493096095172	-2520.4244529516814
993.0	4430.95729714488	-2613.569665025825
994.0	4575.424560045915	-2520.2304358482575
995.0	4132.395728223936	-2613.370542930326
996.0	4277.29890310605	-2519.942428403947
997.0	3833.86002220657	-2613.3097992985313
998.0	3979.1382520652646	-2519.798276287129
999.0	3535.3488148621705	-2613.2624478494167
1000.0	3681.004081165858	-2519.713093056138
1001.0	3237.2462512465268	-2613.1630439487526
1002.0	3383.303074544618	-2519.590840029568
1003.0	2939.4757480286294	-2612.9720798948892
1004.0	3086.344819069372	-2519.3308783398043
1005.0	2641.8717182578657	-2612.5239572989126
1006.0	2789.877209741216	-2518.7100498398217
1007.0	2342.994563569613	-2612.434487796206
1008.0	2492.2971414199915	-2518.1776840132566
1009.0	2032.8996179999897	-2233.230188892572
1010.0	2044.1087947867527	-2612.426293713883
1011.0	2186.287474855382	-2328.595274139887
1012.0	1745.2419503749916	-2612.4300650015252
1013.0	1740.1752790762669	-2232.7850394740085
1014.0	1446.330713879288	-2612.447079660815
1015.0	1595.6833894643398	-2518.106835483406
1016.0	1594.6858690119188	-2328.1879912952936
1017.0	1147.4896757392562	-2612.6167994797374
1018.0	862.5597233107013	-2231.1528214062255
1019.0	518.4314710848545	-2588.604123688729
1020.0	1296.824390695828	-2518.2834525995445
1021.0	1298.8991223340806	-2328.0968635199515
1022.0	710.324609001463	-2323.9473372114826
1023.0	694.9290893480065	-2513.3588412060544
1024.0	1003.7261089180562	-2327.6031523586885
1025.0	12316.270437479443	-2048.9997989820654
1026.0	12160.73276751847	-2537.9605404059366
1027.0	12132.591000121678	-2058.2822126573865
1028.0	12235.3987254432	-2404.0507656131017
1029.0	11861.475225799344	-2119.352299623509
1030.0	12094.57232486736	-2255.6346398943083
1031.0	12066.27962049531	-2130.3189818510095
1032.0	12638.656170908702	-1974.0318374905394
1033.0	12880.665476985594	-1990.0100718422345
1034.0	14350.802101675943	-2958.9554701371294
1035.0	14370.391284716578	-2964.948529396624
1036.0	14361.539846695612	-2947.1309851724272
1037.0	14332.048995439689	-2931.597689184245
1038.0	14336.484830887295	-2939.6785417486244
1039.0	14314.807123124623	-2921.4613224306127
1040.0	14317.737213046057	-2950.530194470157
1041.0	14297.729567462347	-2911.8441326643274
1042.0	14326.203387979622	-2928.3978301489406
1043.0	14297.983303371599	-2926.9457981239248
1044.0	14314.095942013346	-2938.55877522746
1045.0	14302.470579695813	-2919.406016507734
1046.0	14278.914762768969	-2928.3400656754734
1047.0	14286.33704113141	-2906.644565852908
1048.0	14268.128708255572	-2924.015448829398
1049.0	14232.230672190113	-2950.4211739066664
1050.0	14252.087154824292	-2944.6990029954727
1051.0	14268.47004388702	-2896.2403099351845
1052.0	14229.550851114589	-2921.9076814099203
1053.0	14185.724674976373	-2944.479022960057
1054.0	14250.8710780194	-2886.6221644024336
1055.0	14244.945271836512	-2922.0506354222157
1056.0	14229.517768935055	-2891.1214294390775
1057.0	14202.158063582281	-2934.2586739263575
1058.0	14235.78969923061	-2883.306376392137
1059.0	14195.005458356934	-2892.557401156256
1060.0	14183.82283613825	-2854.122543434034
1061.0	14218.67387835666	-2873.619740773039
1062.0	14214.24651808711	-2904.0491652540773
1063.0	14139.231380565207	-2936.6345881054044
1064.0	14192.992264379855	-2854.2369888649423
1065.0	14166.015399791222	-2844.2395386470785
1066.0	14164.267256626938	-2931.505671891628
1067.0	14140.048078138114	-2824.5805092090195
1068.0	14181.263455335613	-2847.6870333049064
1069.0	14157.69722091569	-2834.6275745513444
1070.0	14081.129620911306	-2926.5476323129988
1071.0	14151.865502824168	-2831.3501327065837
1072.0	14123.778274961014	-2853.616094260105
1073.0	14088.242805682923	-2795.266157010155
1074.0	14122.544529301527	-2814.769493835253
1075.0	14105.2790880874	-2805.243126497151
1076.0	14103.76634214842	-2912.9654113381384
1077.0	14123.907394521511	-2832.180707148292
1078.0	14058.95533450877	-2778.7151753614035
1079.0	14053.159563633379	-2775.383723731838
1080.0	14094.026281767532	-2798.5808569411497
1081.0	14054.14799794541	-2813.93357290463
1082.0	14036.190387452281	-2765.2997074418527
1083.0	14070.759156153368	-2785.0718509021153
1084.0	14061.220595933395	-2784.9147354568995
1085.0	14043.38883519719	-2901.487365214864
1086.0	14072.536681017353	-2802.957859157226
1087.0	14009.617351030176	-2754.9468684218264
1088.0	13992.12386545175	-2744.6327871112385
1089.0	14043.98023772345	-2775.1534967111597
1090.0	14001.903140487253	-2783.480030939609
1091.0	14027.021253263794	-2764.996300545638
1092.0	13972.055338241278	-2775.339962167823
1093.0	13960.84358792178	-2721.145336111678
1094.0	14007.260196229507	-2748.554170868181
1095.0	13940.45629163059	-2714.3169777195203
1096.0	13984.132995266775	-2734.747053655319
1097.0	13973.211299451606	-2891.8781449729013
1098.0	14020.525350730277	-2772.862271541672
1099.0	13924.270659447888	-2704.34814759343
1100.0	13921.069521860716	-2881.3900268959696
1101.0	13971.600388919906	-2732.4439016437377
1102.0	13905.722507714992	-2688.3963120274097
1103.0	13949.470238743475	-2714.6759676141196
1104.0	13904.672128573091	-2726.272538804757
1105.0	13888.983284640608	-2678.1473985401117
1106.0	13938.516981806344	-2707.789167729387
1107.0	13872.297771677351	-2668.170866824949
1108.0	13921.831167805734	-2697.858188433725
1109.0	13908.634410136336	-2695.231886204038
1110.0	13892.821312350454	-2876.245879376209
1111.0	13855.997578132163	-2658.1349580702954
1112.0	13950.44651376566	-2732.060711169228
1113.0	13833.821987062833	-2649.7531817668914
1114.0	13832.083858975078	-2865.9312261941345
1115.0	13892.959457785779	-2685.8102314501866
1116.0	13821.1002954668	-2642.0460228747925
1117.0	13876.64378444873	-2675.9992578100996
1118.0	13825.445352568995	-2679.383136223251
1119.0	13861.699977324524	-2661.609476680629
1120.0	13805.265529938448	-2677.2497563057423
1121.0	13848.685989710577	-2658.8997815708576
1122.0	13777.911841905006	-2609.5812213341137
1123.0	13840.316952878258	-2648.4769339110317
1124.0	13761.969225434252	-2599.951755884662
1125.0	13819.09703390104	-2635.508688636441
1126.0	13800.191573463935	-2859.5177032330535
1127.0	13872.746532468374	-2686.0498103082095
1128.0	13738.319620696913	-2584.477440937646
1129.0	13732.244028615858	-2845.7062686112363
1130.0	13806.179597720473	-2632.6615085132544
1131.0	13787.492437803752	-2615.7449603093282
1132.0	13727.641041571254	-2577.6282239993197
1133.0	13780.120147761341	-2616.3747091974024
1134.0	13724.11146251534	-2615.669913096812
1135.0	13765.872362105823	-2607.685669300073
1136.0	13747.534429669913	-2609.0644572118003
1137.0	13755.21455825553	-2601.0906390371674
1138.0	13694.335342619968	-2555.9910502766124
1139.0	13701.648253532543	-2610.926139481698
1140.0	13743.933193346218	-2588.0802663657564
1141.0	13668.139525587116	-2544.223175723797
1142.0	13731.388732059282	-2585.335913027058
1143.0	13711.070624896312	-2567.1237631412764
1144.0	13695.83387384977	-2838.407440111183
1145.0	13694.976704996363	-2573.83363754677
1146.0	13787.799556144722	-2632.4198926518116
1147.0	13627.107018629473	-2511.888112397012
1148.0	13638.331774921935	-2519.25618790891
1149.0	13699.94643962011	-2559.6401681176035
1150.0	13621.554845558081	-2508.2035547388623
1151.0	13682.11350351816	-2553.370902028117
1152.0	13613.687107616899	-2550.855434600078
1153.0	13660.83679224205	-2534.0801936013286
1154.0	13596.05550091142	-2540.7085181817406
1155.0	13584.99726020734	-2488.803302900978
1156.0	13655.244227701973	-2530.411504314485
1157.0	13571.997657974078	-2474.8075620141444
1158.0	13631.466803735524	-2519.988564056421
1159.0	13610.606757342963	-2501.1769426261726
1160.0	13570.106379083436	-2819.7453220304596
1161.0	13678.014055162188	-2562.69311641378
1162.0	13502.737942021864	-2433.715009584655
1163.0	13466.339398901619	-2766.535403583944
1164.0	13601.446684989889	-2500.3257354169996
1165.0	13518.541461025408	-2444.4283965719574
1166.0	13583.062690192644	-2482.235794896509
1167.0	13495.25717578968	-2423.2670607124915
1168.0	13560.509574626862	-2467.368579965257
1169.0	13543.99155532108	-2456.251874843885
1170.0	13491.778899427309	-2460.6473746244865
1171.0	13463.801125150529	-2401.736135679819
1172.0	13538.476574931256	-2452.5089906835315
1173.0	13462.402063398737	-2442.3715442805824
1174.0	13440.646202208014	-2391.3997131178608
1175.0	13511.408630363536	-2434.1425681109536
1176.0	13430.956457406006	-2379.4120140292457
1177.0	13500.771716705718	-2427.0104526068953
1178.0	13419.696467403845	-2371.9534482800914
1179.0	13485.394672643617	-2416.5178198060853
1180.0	13403.265307733125	-2360.7438761305893
1181.0	13469.31398671898	-2405.4793074572403
1182.0	13455.167161784775	-2817.5445382735343
1183.0	13577.999118597918	-2496.060626956048
1184.0	13354.55821362134	-2334.178353130934
1185.0	13334.529588517811	-2774.6342623351043
1186.0	13452.971210706872	-2394.508712535602
1187.0	13407.802014160954	-2388.503334594155
1188.0	13447.45803962743	-2390.7659786262598
1189.0	13423.91113856741	-2380.0725828208347
1190.0	13402.434657736952	-2378.067362669462
1191.0	13407.246363991393	-2368.890289104227
1192.0	13386.582380302787	-2367.501807545022
1193.0	13237.896044137115	-2249.782537657775
1194.0	13391.121325375794	-2358.384165658952
1195.0	13314.23566896191	-2305.7473239182577
1196.0	13370.732152983479	-2379.731368834798
1197.0	13337.196404904878	-2316.297077793017
1198.0	13362.402010006268	-2333.8248853258337
1199.0	13372.186062938039	-2339.7051523431146
1200.0	13294.244316235689	-2336.770309354053
1201.0	13340.397889833186	-2324.0778072710473
1202.0	13268.347044296132	-2761.681564715032
1203.0	13436.41974317276	-2400.5609332034633
1204.0	13295.768712440922	-2305.5634044575654
1205.0	13296.08598679927	-2288.659414556732
1206.0	13244.934435405166	-2260.0664352651634
1207.0	13286.028341217689	-2306.6276934140074
1208.0	13270.553779668457	-2271.212342657616
1209.0	13215.107041490919	-2239.9362099265586
1210.0	13086.786747012413	-2519.808152937201
1211.0	13243.448953519217	-2253.467199425481
1212.0	13280.774662532436	-2278.323225708107
1213.0	13221.179183016766	-2288.8559776402976
1214.0	13265.034883578643	-2267.513399218818
1215.0	12779.060137440314	-1893.3676484669165
1216.0	12762.724512275503	-1894.1522034168331
1217.0	13133.7033771059	-2220.4652932295935
1218.0	13121.682428317703	-2172.14925685524
1219.0	13199.73318918967	-2229.772447872534
1220.0	13115.924814615772	-2207.8186588357016
1221.0	13103.698146105497	-2165.108825473572
1222.0	13183.635592353136	-2218.937220006969
1223.0	13087.420114907733	-2148.452524845535
1224.0	13163.108456554915	-2199.8287571585515
1225.0	13154.5309633515	-2199.4025461827555
1226.0	13059.196396796897	-2134.268118659916
1227.0	13137.322185483687	-2182.3992001474035
1228.0	13113.84461872851	-2757.0829496843835
1229.0	13121.646359165306	-2188.7867027072584
1230.0	13268.565612074794	-2287.856727334806
1231.0	12998.662720605358	-2085.169362562189
1232.0	13046.149257542029	-2124.937616445859
1233.0	13125.544024121054	-2179.986235616036
1234.0	13112.376427186447	-2165.8229171433845
1235.0	13023.50169304768	-2103.2010610062475
1236.0	13102.658413900694	-2158.8338040327985
1237.0	13013.901445683043	-2096.174098990163
1238.0	13089.736874775555	-2155.3134801909473
1239.0	13071.415091184763	-2137.3950190233495
1240.0	12991.562995479384	-2121.236990137859
1241.0	12984.30630961765	-2074.139228062894
1242.0	13065.912305279466	-2133.530758988934
1243.0	13044.706729555188	-2118.3765905294244
1244.0	12957.1082415708	-2058.8285112687063
1245.0	13030.719361084028	-2113.7983551010916
1246.0	13013.575475624306	-2121.3035639970417
1247.0	13016.190003507445	-2103.300413821596
1248.0	12891.41493158926	-2019.3390433503027
1249.0	13002.157233271124	-2093.2129963707102
1250.0	12984.781930031006	-2094.1519099239563
1251.0	12989.62849966158	-2078.1716676307205
1252.0	12974.588549568303	-2066.961266650254
1253.0	12960.164142511743	-2075.812495798877
1254.0	12967.09413950718	-2067.2118535765117
1255.0	12386.479387238527	-2619.715127130736
1256.0	12871.557255648215	-2681.9994895835293
1257.0	13024.183483338313	-2121.0636383139663
1258.0	12776.940588273634	-2737.4008335526087
1259.0	13108.386619619834	-2181.6756772103968
1260.0	12511.40616517866	-2470.0865793859884
1261.0	12926.757877548569	-2029.0141247750926
1262.0	12956.71739781033	-2052.3678822155166
1263.0	12948.350036835842	-2064.55578218178
1264.0	12944.085094596101	-2048.32445261855
1265.0	12925.226468167397	-2046.5690521498793
1266.0	12929.909217471351	-2037.4814981923234
1267.0	12910.845035005927	-2034.473224942357
1268.0	12896.126164283587	-2009.4308760876127
1269.0	12917.24192902625	-2021.045010002271
1270.0	12898.004726671497	-2024.7615147753077
1271.0	12903.584201112537	-2009.7385074013953
1272.0	12582.820663016793	-1956.3559611389167
1273.0	12474.791966044335	-1994.7706665200683
1274.0	12598.900818107344	-1993.7457556391146
1275.0	12485.727964044856	-2097.4203665992895
1276.0	12533.472481267332	-1973.6815026105257
1277.0	12403.84234468826	-2019.185832793112
1278.0	12499.590139878308	-2049.5710826692853
1279.0	14302.240314112874	-2936.398701210465
1280.0	14287.051253840133	-2921.7238680757437
1281.0	14294.595018370566	-2947.537582841415
1282.0	12706.323093541352	-1934.1879548179502
1283.0	12755.989751822233	-1911.8635329882266
1284.0	12244.770549339954	-2189.179369429648
1285.0	12004.205005252667	-2341.4346569203863
1286.0	12348.836607047951	-2129.7370178360475
1287.0	12864.450856938895	-1995.4273537210458
1288.0	12847.230937048664	-2016.6788755163234
1289.0	12542.360431914136	-2059.2039707550957
1290.0	12940.59835297851	-2058.195959531163
1291.0	12577.715943637973	-2106.7014742779666
1292.0	12973.259216917131	-2083.80061503738
1293.0	12617.662751462218	-2065.8305317153604
1294.0	12900.083994045637	-2033.3828815940294
1295.0	12997.798685562242	-2101.9078828075267
1296.0	12895.370053666411	-2046.0810149298625
1297.0	12914.7720019259	-2044.8583959174375
1298.0	12931.214976378558	-2058.2330648596053
1299.0	13038.978453490761	-2132.112509651091
1300.0	12945.611898870004	-2098.3323797020657
1301.0	12949.827697756453	-2074.490377397175
1302.0	12584.137368508986	-2340.3297745578657
1303.0	12962.997053463014	-2084.2928106031595
1304.0	13054.830514795181	-2143.3072804742683
1305.0	12966.163766408432	-2103.21952828378
1306.0	12975.788788557767	-2093.8544652676724
1307.0	13070.201645961724	-2154.1816099147854
1308.0	12987.77933918761	-2102.8297299009378
1309.0	12983.065127122461	-2115.3242040022415
1310.0	13096.923613026995	-2172.066402506736
1311.0	13000.76226789084	-2111.7902430260788
1312.0	13019.251820501138	-2139.881317633051
1313.0	13010.087364439589	-2112.202337753788
1314.0	12996.25424656382	-2163.798591502813
1315.0	13040.07529228992	-2163.7068157484905
1316.0	13028.289276183792	-2130.878483869139
1317.0	13133.918309827719	-2198.4736491881335
1318.0	13043.676159296001	-2142.207810439073
1319.0	13055.304758689765	-2175.653186038135
1320.0	13059.54536621443	-2153.4175589399238
1321.0	13070.925296539766	-2188.182313903418
1322.0	13163.398285625668	-2217.5003721794715
1323.0	13083.7587510628	-2164.1152042542635
1324.0	13090.381054395104	-2191.0777544026582
1325.0	13087.165104142527	-2172.7008100174717
1326.0	13179.47764548722	-2228.2095216338143
1327.0	13094.95248247421	-2203.2789460010586
1328.0	13099.55157709033	-2181.6954252391192
1329.0	13195.416341092327	-2239.165985168506
1330.0	13111.734446344335	-2189.864655009033
1331.0	13107.470831893936	-2202.0855946361557
1332.0	13124.760169784162	-2198.395320968351
1333.0	13220.916632675842	-2256.2358717992734
1334.0	13148.133175105317	-2206.9339318536727
1335.0	13164.70041490744	-2249.9810934621473
1336.0	13152.555449152504	-2216.6753746296786
1337.0	13237.259276637365	-2267.3726511139134
1338.0	13168.360268566197	-2227.5392961766956
1339.0	13253.748705622149	-2277.7562002880445
1340.0	13184.60763305017	-2238.4831926905063
1341.0	13321.825131627027	-2322.970538132755
1342.0	13254.32308143647	-2310.4552381718327
1343.0	13211.887026967494	-2250.195921355295
1344.0	13242.101460448977	-2277.126275529283
1345.0	13335.050513077776	-2333.322108586563
1346.0	13126.944534652539	-2690.4381671130996
1347.0	13272.420744369047	-2298.0276219169778
1348.0	13354.117901118358	-2354.8580059406536
1349.0	13308.44516224933	-2314.5627513049835
1350.0	13306.010793967309	-2335.156314175434
1351.0	13311.791065635902	-2323.33070843319
1352.0	13441.568231787418	-2436.9090327806807
1353.0	13452.491082531027	-2412.1311071868477
1354.0	13411.338543462392	-2436.105990436192
1355.0	13391.158254349102	-2377.1669096272162
1356.0	13481.31635630288	-2432.937689524364
1357.0	13419.585045826869	-2389.3168718240377
1358.0	13496.31254023834	-2441.323320538262
1359.0	13425.160532661757	-2399.6888732446496
1360.0	13511.545103572957	-2451.820216897208
1361.0	13198.626378002662	-2667.671957208546
1362.0	13441.527892749868	-2411.434065129868
1363.0	13527.56607760991	-2462.6306733661345
1364.0	13468.205703907108	-2421.8701038535496
1365.0	13543.728916628505	-2473.5551189440043
1366.0	13485.152788188634	-2442.1082222620867
1367.0	13471.57081094935	-2432.6020650647474
1368.0	13560.783792406784	-2484.6131514390777
1369.0	13372.974943053763	-2716.0019867302667
1370.0	13500.744959847769	-2451.013359016912
1371.0	13516.35792895634	-2461.790738140062
1372.0	13594.407299742978	-2507.815453754301
1373.0	13454.550857107317	-2681.440339895089
1374.0	13532.572086694703	-2472.7463876514903
1375.0	13564.384327572048	-2541.518811310449
1376.0	13610.626172742084	-2518.5321042416203
1377.0	13549.035226327314	-2483.810663064772
1378.0	13513.41573578483	-2638.2373644960135
1379.0	13627.302810345185	-2529.2551843954666
1380.0	13566.236285562227	-2494.9196243740735
1381.0	13644.387857716203	-2540.4324146976264
1382.0	13583.009570752873	-2506.5942348819485
1383.0	13642.64224507304	-2561.780432104302
1384.0	13661.19065366062	-2551.722464738427
1385.0	13599.344858372175	-2517.918596592924
1386.0	13630.368270726205	-2562.200409808164
1387.0	13615.943972316169	-2528.564971080638
1388.0	13632.857111790196	-2539.6609323057055
1389.0	13711.432686047303	-2585.2530224939687
1390.0	13519.7502821715	-2749.465910591048
1391.0	13649.788427453956	-2550.850748565916
1392.0	13727.327342571758	-2594.500307485336
1393.0	13664.358616663107	-2584.4273397644015
1394.0	13666.446549028295	-2562.006335964538
1395.0	13740.79474763124	-2604.3647108083424
1396.0	13683.54737955361	-2572.9323850560636
1397.0	13761.339123324811	-2616.617750529991
1398.0	13700.428151689035	-2584.814258742986
1399.0	13774.121305172752	-2625.5339008280785
1400.0	13716.853038551555	-2595.065082806884
1401.0	13732.221677654577	-2605.215265791545
1402.0	13800.131623267807	-2642.095040517664
1403.0	13708.378443373726	-2754.1949031779277
1404.0	13749.755858067621	-2616.857655289213
1405.0	13814.771535158083	-2650.5917020990214
1406.0	13744.709594092163	-2628.908380183744
1407.0	13764.560511149662	-2625.896647186905
1408.0	13829.766445807609	-2658.8828753090056
1409.0	13777.725074317597	-2633.8429202538196
1410.0	13843.034525933523	-2668.1889052440624
1411.0	13772.185226870482	-2646.5915889726116
1412.0	13790.854198148636	-2642.1613565094885
1413.0	13857.52086966737	-2676.0413506884165
1414.0	13803.886581591565	-2651.7354263490593
1415.0	13819.381573110863	-2659.656146682373
1416.0	13757.713405531807	-2809.2162770899836
1417.0	13833.457178810377	-2668.6519676050316
1418.0	13828.476439548258	-2786.775426808807
1419.0	13847.122476661587	-2677.0755579433658
1420.0	13918.409973843909	-2712.072945580625
1421.0	13862.33002116408	-2686.1419430802057
1422.0	13844.826443151693	-2691.1454547707326
1423.0	13933.841936639821	-2722.0176825981603
1424.0	13878.098150289026	-2695.5962130630437
1425.0	13903.453495237825	-2704.5595328227305
1426.0	13892.345676189332	-2728.196651540598
1427.0	13907.909022214379	-2713.229738870994
1428.0	13967.874099043693	-2742.020946835397
1429.0	13918.39461458957	-2742.5605866479564
1430.0	13923.18352964858	-2721.503011797989
1431.0	13985.673600213477	-2752.590815378368
1432.0	13939.130588676779	-2731.886850622144
1433.0	14003.125490064995	-2762.7712773218195
1434.0	13956.26269351304	-2741.923777252121
1435.0	13989.626035476815	-2784.7000922900475
1436.0	13973.95580385137	-2752.2831175931115
1437.0	13991.426163745904	-2762.642348428872
1438.0	14054.602043391438	-2792.8262137368743
1439.0	13997.981770021377	-2895.74468601206
1440.0	14008.785312309215	-2772.5457348787836
1441.0	14026.065232516907	-2782.621358614499
1442.0	14042.922882230125	-2792.731906138423
1443.0	14089.659848254194	-2813.0581882902684
1444.0	14064.394465950929	-2904.37655221969
1445.0	14060.623977440206	-2802.75708939204
1446.0	14106.58043753576	-2822.6252604961683
1447.0	14078.291711797618	-2813.027140011361
1448.0	14111.045762160518	-2855.3569570798936
1449.0	14095.31348590287	-2822.8268020208325
1450.0	14112.555235999776	-2832.4015949927793
1451.0	14141.753370246102	-2841.953538763651
1452.0	14123.882109564649	-2917.9013267406576
1453.0	14159.699213943832	-2852.1910602868534
1454.0	14130.159846926399	-2842.0439976861494
1455.0	14147.958765862519	-2851.9851017222395
1456.0	14166.565160710945	-2913.6844140164417
1457.0	14195.011732354587	-2871.9261816648764
1458.0	14165.695086365236	-2862.0391719440427
1459.0	14155.629918117425	-2900.020350956946
1460.0	14212.381642502796	-2881.817274402168
1461.0	14183.212758711736	-2871.87143957815
1462.0	14200.719129377061	-2881.784535837732
1463.0	14246.242381845916	-2901.104522300571
1464.0	14218.119380748309	-2891.278179336971
1465.0	14219.504194339364	-2936.867205193407
1466.0	14234.798537820427	-2900.941688998699
1467.0	14264.545025641424	-2911.387017894885
1468.0	14254.755097695466	-2931.287988294509
1469.0	14252.145058809392	-2910.7675782146675
1470.0	12882.869963840882	-2019.4663182346794
1471.0	12527.583351462376	-2155.564600421441
1472.0	12413.378984434103	-2144.5428792334224
1473.0	12196.800698694327	-2284.0106043167434
1474.0	12320.695829146616	-2204.9033128620417
1475.0	12370.121258477602	-2303.6053026234545
1476.0	12444.265874473349	-2301.737099157676
1477.0	12433.808695555641	-2085.2348494969415
1478.0	12332.794005419812	-2407.9215204874185
1479.0	12876.250111302861	-2031.1160384929153
1480.0	12588.82397076144	-2026.4578502589168
1481.0	12816.999436903314	-2015.1812271676106
1482.0	12629.326799834775	-2001.3374067838988
1483.0	12684.255481066366	-2005.831086429923
1484.0	12867.785443144277	-2006.0899583234684
1485.0	12761.751188149196	-1934.9492639812227
1486.0	12826.478887276278	-1960.4877676972058
1487.0	12735.789402323833	-1922.4256199044557
1488.0	12695.76883229732	-1954.4361270745728
1489.0	12776.226097871031	-1935.7301011655964
1490.0	12727.027821495563	-1935.8985395447507
1491.0	12783.852336156562	-1927.9731959337253
1492.0	12830.580294639614	-1991.0239579467543
1493.0	12810.805683949786	-1982.5962230463829
1494.0	12673.48983877422	-1953.8748696436676
1495.0	12801.358443323383	-1943.4487693057715
1496.0	12737.570843556052	-1952.2121822619308
1497.0	12710.582759726074	-1974.4230477588674
1498.0	12840.382082289203	-1972.4307633362023
1499.0	12815.63305310649	-1958.108793496954
1500.0	12851.968487178989	-1984.378827810521
1501.0	12829.826172327894	-1970.8265073645919
1502.0	12822.488914921372	-1983.067645382366
1503.0	12844.537620958394	-2005.1501654809235
1504.0	12842.412461282742	-1982.9526553428798
1505.0	13273.68671086841	-2278.8584206168084
1506.0	13282.259330779356	-2319.8259178542007
1507.0	13227.889806632744	-2242.8780909461743
1508.0	13201.895929690574	-2250.497991790056
1509.0	13374.553547527416	-2367.3252789041308
1510.0	13365.765655930576	-2341.4947827092724
1511.0	13363.338029689485	-2353.2291988980123
1512.0	13352.711077451793	-2326.802870621206
1513.0	12708.262925235053	-2650.5930438005344
1514.0	12957.764676616227	-2096.7723625468575
1515.0	12459.382822528516	-2217.8409707936385
1516.0	14225.306794061979	-2910.461790900501
1517.0	14195.535610311177	-2917.0571991625006
1518.0	13754.848635372919	-2635.4206085760397
1519.0	13816.255893580683	-2673.3756735915917
1520.0	13177.203195300463	-2249.789348731132
1521.0	13082.201167297593	-2185.2816758414883
1522.0	13009.458316645323	-2133.828704811507
1523.0	12925.025880302825	-2068.3543490599495
1524.0	12905.725491921015	-2053.8666839960356
1525.0	12970.44269581652	-2116.011447041368
1526.0	12791.893658448635	-1953.1418519468673
1527.0	12807.297107186518	-1967.9761108283572
1528.0	12796.23120925161	-1991.7270727582443
1529.0	12794.73865759078	-1966.3863979596445
1530.0	12751.573919698016	-1985.7660449584225
1531.0	12653.143984983648	-2035.3998963443282
1532.0	12755.868331827975	-1950.121170986551
1533.0	12731.68004303059	-1970.4885182194248
1534.0	12784.949016337685	-1980.4618013140469
1535.0	12767.522468277764	-1959.294906546069
1536.0	12780.507628800042	-1949.8487172868925
1537.0	12830.647445947363	-2003.3246270480988
1538.0	12874.97940022331	-2060.3530639670903
1539.0	12753.463585996848	-2006.4661593062272
1540.0	12708.250413269428	-2001.0487711859066
1541.0	12576.801039019665	-2155.2128200143075
1542.0	12682.42000312403	-2035.281307908913
1543.0	12914.102982495167	-2090.8978301890124
1544.0	12863.847055169537	-2029.5973472468802
1545.0	12709.525433334411	-2060.842919936061
1546.0	12860.05439784255	-2016.4669834850422
1547.0	12851.036699914557	-2042.2151404331955
1548.0	14176.691315640603	-2883.492236913427
1549.0	14202.795108821469	-2905.3611256377985
1550.0	14159.112742406787	-2873.2420083900347
1551.0	14181.400125789276	-2909.456290321014
1552.0	14182.776618263328	-2894.3198443186775
1553.0	14164.379580573033	-2884.9646198562677
1554.0	14122.702778541432	-2879.059174006277
1555.0	14137.982743032864	-2899.1083474673856
1556.0	14141.812916074727	-2863.29141617265
1557.0	14099.769728029793	-2875.234425512743
1558.0	14129.225948492925	-2864.8319497880166
1559.0	14106.075175604172	-2844.0057483504256
1560.0	14071.233297293962	-2825.1223479981604
1561.0	14067.80880892807	-2854.1953195249316
1562.0	14080.821844339045	-2878.3079698463584
1563.0	14088.67914134835	-2834.1762820649333
1564.0	14035.819830951747	-2803.967181527318
1565.0	14075.967089196014	-2836.502876321169
1566.0	14019.211762525896	-2793.3398021522994
1567.0	14059.002287018899	-2826.229550656615
1568.0	14034.78082532147	-2830.8010741113235
1569.0	14041.023012618265	-2815.237972638359
1570.0	13999.341292616604	-2808.8937930804045
1571.0	14010.31833474819	-2816.003137587908
1572.0	14023.514067205286	-2804.8882504498793
1573.0	13940.533050604907	-2854.3958482908165
1574.0	14006.789708917306	-2794.515011140298
1575.0	13949.277560753753	-2753.3039781423827
1576.0	13984.808880979683	-2773.636867336274
1577.0	13932.172468380428	-2742.471181387739
1578.0	13964.13142978421	-2790.390322278284
1579.0	13966.95482464539	-2764.0377454751647
1580.0	13942.583827832748	-2780.143321239702
1581.0	13953.88798707843	-2765.1557756077113
1582.0	13924.72986424797	-2779.512917713683
1583.0	13936.503260710024	-2754.0252428250847
1584.0	13914.69432789468	-2731.4615850821897
1585.0	13875.549889595999	-2709.488827958891
1586.0	13888.218563925138	-2781.6283120818275
1587.0	13855.129498825569	-2697.1131788062576
1588.0	13885.66538553113	-2715.714085485009
1589.0	13862.997749436841	-2710.913660930108
1590.0	13808.279331343809	-2731.8285009577808
1591.0	13832.726666182245	-2692.989970689649
1592.0	13783.52553887011	-2665.0632530933485
1593.0	13781.770719218	-2697.0657201788817
1594.0	13797.50625590211	-2664.6739536465616
1595.0	13645.46938118656	-2782.655377859515
1596.0	13713.81512991237	-2608.7682737502832
1597.0	13758.869581948898	-2647.806530936005
1598.0	13676.906292564012	-2583.7861968695124
1599.0	13730.810532546486	-2629.1636491124304
1600.0	13658.036011905402	-2639.0546629872156
1601.0	13693.68162781346	-2596.7841847873165
1602.0	13618.290250333172	-2676.4055907215757
1603.0	13595.32171662403	-2734.467252248766
1604.0	13681.589094131188	-2596.6573754045494
1605.0	13659.432197518812	-2572.886747501711
1606.0	13602.946620285484	-2577.2497449524594
1607.0	13647.030119770227	-2573.5325598139857
1608.0	13575.319388660071	-2517.106503562882
1609.0	13625.983707181114	-2550.4992438778577
1610.0	13558.31268084789	-2505.813683366945
1611.0	13609.201674196964	-2539.3269097130965
1612.0	13542.07722684425	-2494.2554552236957
1613.0	13591.516484660713	-2529.3330719005858
1614.0	13525.476300265605	-2483.436815764948
1615.0	13578.888743938713	-2529.742197742896
1616.0	13498.008042238369	-2495.1341509360814
1617.0	13562.385331790778	-2517.4669546298533
1618.0	13498.7195823159	-2545.259745833893
1619.0	13481.307013762977	-2455.1313323017607
1620.0	13545.902188209382	-2505.952002590873
1621.0	13521.159827210096	-2508.868120318409
1622.0	13529.675130716349	-2494.6903392163854
1623.0	13508.876708190097	-2472.341134855799
1624.0	13418.219791448573	-2410.5223958378815
1625.0	13453.353164847436	-2435.159537447782
1626.0	13495.097822386253	-2472.0046292205193
1627.0	13400.633764544562	-2399.7381294866486
1628.0	13403.838419329622	-2469.8063075498176
1629.0	13468.301834326609	-2455.730278779873
1630.0	13382.129484929303	-2386.5337721887845
1631.0	13434.71889242099	-2422.8904586659023
1632.0	13357.647945330677	-2380.833834670773
1633.0	13422.670001630695	-2422.8508493327295
1634.0	13385.17226501987	-2431.014934955238
1635.0	13405.47605499729	-2411.3851893097635
1636.0	13376.494671626991	-2413.0311089793377
1637.0	13314.757129164924	-2341.160349925049
1638.0	13371.396287783447	-2358.438983331586
1639.0	13386.237638700755	-2398.6690201235238
1640.0	13299.170038477292	-2361.8584393577908
1641.0	13109.944370791409	-2576.3017802691716
1642.0	13348.427718354023	-2367.0325765504494
1643.0	13286.80063603442	-2351.9283430212895
1644.0	13290.761007648538	-2325.3659551520104
1645.0	13234.783456831816	-2288.262009648724
1646.0	13196.636117086093	-2261.5669414232852
1647.0	13224.224948856043	-2265.5055081847117
1648.0	13139.23143821832	-2252.623456353233
1649.0	13202.31873431601	-2274.8318478130445
1650.0	13143.756256986262	-2226.310491752567
1651.0	13160.987475736123	-2238.0047119644028
1652.0	13076.08102028736	-2633.4990971361553
1653.0	13121.298171637487	-2220.880139348564
1654.0	13147.22630062935	-2237.600905090067
1655.0	12849.989471528885	-2580.615762887937
1656.0	13066.067598603899	-2175.7805301978156
1657.0	13042.858473518978	-2186.7861113176054
1658.0	13052.51799662057	-2163.402891238136
1659.0	13032.73691152854	-2178.5952631848854
1660.0	13035.948306384598	-2152.622013415083
1661.0	12996.770933049143	-2134.1742256800335
1662.0	13018.052196419916	-2181.395926210364
1663.0	13022.21314489671	-2151.529546391013
1664.0	12961.9086638373	-2129.6357925619745
1665.0	12940.5078309615	-2084.5307093566657
1666.0	12928.674374424458	-2081.992003099814
1667.0	12883.471228308423	-2046.396249590698
1668.0	12909.990862086779	-2065.698624428822
1669.0	12680.796181985084	-2106.2934784401295
1670.0	12651.556783956994	-2067.180926655987
1671.0	12660.306201250949	-2133.927845607839
1672.0	12521.667921067572	-2216.677174879309
1673.0	12669.72495760997	-2450.675672137007
1674.0	12617.593888597885	-2105.7155930815043
1675.0	14134.590683279277	-2885.5108191599284
1676.0	14105.979070878791	-2887.720786911215
1677.0	14079.488735451232	-2860.0036469609986
1678.0	14046.766993454172	-2838.274393465323
1679.0	13975.968383508318	-2796.5144526153454
1680.0	13856.019074962112	-2832.4477983795714
1681.0	13886.009599371382	-2743.1821750883505
1682.0	13799.481005872716	-2695.0887497350413
1683.0	13723.54656034904	-2642.345477330921
1684.0	13633.755170989496	-2742.6581677099402
1685.0	13637.328168318318	-2598.188890299543
1686.0	13348.701730974519	-2343.4770575570133
1687.0	13325.106989511734	-2332.8021055945205
1688.0	13333.670949355395	-2366.6757166898865
1689.0	13338.74057491608	-2343.4889942187724
1690.0	13485.617485978806	-2486.9368591575753
1691.0	13239.039567880733	-2300.092979533358
1692.0	13282.16249110626	-2297.7147089077025
1693.0	13271.542084153856	-2322.31039905905
1694.0	13258.213988380305	-2287.5385078218237
1695.0	12511.515521640817	-2371.812131424708
1696.0	12936.022243747875	-2111.851025071293
1697.0	13061.351734526479	-2202.965318033203
1698.0	13151.151434458661	-2261.358128333904
1699.0	12748.573865073935	-2474.1025418203303
1700.0	12598.125421585288	-2514.606889051025
1701.0	12627.238544955411	-2195.6985184340424
1702.0	13561.238304907873	-2766.347600370674
1703.0	13587.259137291565	-2556.686100665302
1704.0	13667.855740354571	-2607.4137529914588
1705.0	13427.75345849919	-2723.2736145487056
1706.0	13302.825029866895	-2644.6745739260336
1707.0	13553.390407925586	-2533.1920372852146
1708.0	13256.022740652872	-2689.835820674531
1709.0	13164.215448378005	-2573.512409520681
1710.0	13433.889502524087	-2451.671543300887
1711.0	13004.290479286554	-2621.1197463339354
1712.0	13232.308141109295	-2317.4162270664006
1713.0	12982.42910295306	-2546.5932562502926
1714.0	13114.744222465873	-2233.722973487697
1715.0	14050.839723461293	-2854.859634010631
1716.0	14004.727594861286	-2846.643830495599
1717.0	14037.039810691856	-2872.8775791264447
1718.0	12807.251594575131	-2050.6122091155335
1719.0	12769.118856673265	-1976.6634445604461
1720.0	13360.23748518901	-2411.211166990872
1721.0	13315.360053876175	-2352.7044414401694
1722.0	13025.354583894426	-2213.4262376302268
1723.0	13175.77941964671	-2276.161420814878
1724.0	12909.693147054235	-2522.908196459988
1725.0	12579.172819880574	-2269.0909463765042
1726.0	13271.387596244456	-2351.9866062104406
1727.0	13265.569347854975	-2309.4250876281317
1728.0	13353.59468804611	-2657.888042361697
1729.0	13250.126372762652	-2579.984926070047
1730.0	13331.633533292377	-2394.1791390779704
1731.0	13329.399976061293	-2354.5130827418493
1732.0	13599.280050592119	-2563.133774715894
1733.0	12713.56688696797	-2328.9360628117697
1734.0	12655.627548071512	-2374.673005605128
1735.0	12670.865762226784	-2175.399425224036
1736.0	12839.48782935614	-2033.6177058692963
1737.0	12900.894861420049	-2120.5846189037898
1738.0	12901.813581074333	-2079.5731385099007
1739.0	12740.475504072334	-2120.9061145881665
1740.0	12964.088830231702	-2166.0755206991994
1741.0	13009.480590884958	-2201.3165523662396
1742.0	13011.655415693409	-2165.415011749899
1743.0	13322.868572266261	-2380.507351659094
1744.0	13154.853604479917	-2312.175229951617
1745.0	13382.368581643934	-2470.4202784604076
1746.0	13461.730417311293	-2468.678249232367
1747.0	13399.757522546364	-2428.299905922539
1748.0	13465.296227582015	-2532.3807461539795
1749.0	13415.708704989358	-2450.908110289571
1750.0	13531.732915475803	-2516.4314585574716
1751.0	13442.80909786742	-2467.3796390360235
1752.0	13501.979968583153	-2508.877249607724
1753.0	13535.148484249114	-2532.018221988905
1754.0	13526.555640346698	-2573.83658327737
1755.0	13568.215704674192	-2557.0872679517
1756.0	13523.9412258336	-2703.3206451727006
1757.0	13656.403751943102	-2598.952987483448
1758.0	13590.032696419998	-2698.5717002606893
1759.0	13621.738240855359	-2576.672570766949
1760.0	13632.880955289736	-2584.3090548927707
1761.0	13693.907651573672	-2627.116433938718
1762.0	13672.207672077968	-2623.7308568312455
1763.0	13748.988975778158	-2661.7811873259143
1764.0	13703.638236306751	-2642.350075811499
1765.0	13644.96865805585	-2684.532464610272
1766.0	13827.375802401579	-2707.2896726319436
1767.0	13856.752263726468	-2725.3258420849465
1768.0	13809.203948680262	-2709.1841749584805
1769.0	13858.310063067898	-2760.085539370411
1770.0	13838.24978489803	-2723.7191432091145
1771.0	13867.63686785025	-2742.567318723239
1772.0	13910.918481674371	-2757.3053090434482
1773.0	13923.259723449926	-2765.246636764395
1774.0	13895.822602339003	-2759.402524504791
1775.0	13908.15872608303	-2816.209185245087
1776.0	13933.24693538234	-2815.857055366912
1777.0	13947.726756942635	-2794.075651217616
1778.0	13966.172551684329	-2861.846579343373
1779.0	13980.797072218056	-2809.673173205014
1780.0	13968.942257161521	-2823.9313198471423
1781.0	14016.381911197854	-2830.6451701383116
1782.0	12883.9387337511	-2078.385500190019
1783.0	12797.56725710735	-2008.278050673224
1784.0	12698.429643735997	-2273.9659557263735
1785.0	12635.525756211127	-2248.4640703383707
1786.0	12734.347860880094	-2048.158283265433
1787.0	12871.466092635399	-2094.4711402751636
1788.0	12709.488813222117	-2100.0740601556186
1789.0	12731.237362872778	-2017.8143559942685
1790.0	12823.146504221819	-2033.945595953408
1791.0	12778.01034324203	-2018.7661844608635
1792.0	12760.111354153441	-2060.3798762339034
1793.0	12916.346783910087	-2106.955181815091
1794.0	12970.738225150058	-2145.4212785092877
1795.0	12720.723210378457	-2192.7817957162047
1796.0	12943.099844959792	-2128.1823721759106
1797.0	12931.608571521312	-2147.297091387405
1798.0	13118.477180989108	-2288.8296210844233
1799.0	13044.047751419826	-2201.6964596070707
1800.0	13087.16248534728	-2217.473284036427
1801.0	13124.179665004462	-2251.9784019078065
1802.0	13068.332478583898	-2218.1148240394664
1803.0	13056.702624514563	-2237.475736193743
1804.0	13772.335243599644	-2717.9939713360877
1805.0	13731.73723918107	-2659.8441294759355
1806.0	13773.57452625173	-2679.616026196369
1807.0	13655.144558508138	-2714.88948961056
1808.0	13755.748827530013	-2679.1615850063768
1809.0	13246.74880334818	-2336.8149108653365
1810.0	13250.822854256054	-2298.739552947696
1811.0	13215.462858852605	-2275.853100591655
1812.0	13324.584771443813	-2413.4303182276417
1813.0	13211.087178678868	-2303.1473244592403
1814.0	13202.033941224081	-2607.9435164831116
1815.0	13183.390196442708	-2520.201763350975
1816.0	13588.228626294695	-2595.7354717527724
1817.0	13388.32418217203	-2623.983846525682
1818.0	13497.327741171846	-2678.55686351198
1819.0	13550.358507795218	-2577.121914698792
1820.0	12769.78370750313	-2560.1799011401254
1821.0	12774.798127976814	-2350.420431923085
1822.0	13685.291552224166	-2788.81933979936
1823.0	13742.503607161758	-2698.9141646247267
1824.0	13718.240658710927	-2675.585441746511
1825.0	13791.163967850991	-2818.8038033251746
1826.0	13827.310884361354	-2740.376875350504
1827.0	13886.31038389767	-2839.3328191637906
1828.0	13904.78458405855	-2793.7973775697724
1829.0	13851.043732488431	-2803.4012153288254
1830.0	13943.399160725618	-2829.6489155093464
1831.0	13981.006045910739	-2843.052189555245
1832.0	13191.748942458906	-2300.213490635017
1833.0	13182.752090738139	-2261.5410908423614
1834.0	12781.547613391302	-2042.3359741173754
1835.0	13869.078756175166	-2782.9261833125584
1836.0	12904.866066482498	-2459.473407593312
1837.0	13493.009957175387	-2616.0341780818303
1838.0	13591.728468755455	-2638.5850102028703
1839.0	13208.752212719824	-2383.750074590942
1840.0	13120.299603375212	-2479.8596077258203
1841.0	13756.296256097272	-2774.291123411082
1842.0	13700.99842317894	-2720.4172119346026
1843.0	13092.157448748627	-2254.753029637884
1844.0	12970.012401476126	-2425.105474786407
1845.0	12987.186068814988	-2199.8390858976004
1846.0	12751.180261960719	-2160.914366481369
1847.0	12812.968217735353	-2073.913410057523
1848.0	12766.27561745797	-2093.89656733708
1849.0	12928.722286983006	-2195.790336537568
1850.0	13785.958337442737	-2762.819873133103
1851.0	13806.515070753629	-2789.3408823827044
1852.0	13836.486558407441	-2759.5017948735076
1853.0	13789.120912917904	-2738.6613268915476
1854.0	13750.893830265122	-2720.2968569719255
1855.0	13738.017418237918	-2752.4354628053643
1856.0	13722.247174939765	-2697.2750792148404
1857.0	13699.945289039062	-2664.387212074798
1858.0	13684.531306922632	-2676.0758039608954
1859.0	13624.295411431429	-2613.3149100913065
1860.0	13634.593644238363	-2634.3794485061862
1861.0	13560.225706248815	-2598.965927074349
1862.0	13545.145737695691	-2627.8997076281307
1863.0	13599.620380881976	-2614.0489180737773
1864.0	13456.872941242895	-2615.177853443343
1865.0	13521.078652707822	-2547.95639623989
1866.0	13488.623626959568	-2525.1600999413713
1867.0	13359.6298830473	-2557.31381364709
1868.0	13434.501835787809	-2640.264516240635
1869.0	13435.07759852526	-2485.764134824192
1870.0	13325.358893337236	-2558.39284811029
1871.0	13374.04683279423	-2449.7456193495295
1872.0	13289.089177090691	-2391.4676526523413
1873.0	13221.900154013287	-2509.938060917517
1874.0	12838.701346140975	-2076.1732989113657
1875.0	12790.941945348315	-2164.4190020624123
1876.0	12909.079047819358	-2144.595181371486
1877.0	12739.99988063195	-2238.582774314214
1878.0	12892.163470426924	-2163.4686072363584
1879.0	13681.577924833675	-2710.4161663523714
1880.0	13664.990280809237	-2664.3224275620855
1881.0	13242.72969420615	-2324.2486868919827
1882.0	12795.707696544321	-2419.5842443997667
1883.0	13013.451725439982	-2252.957776606057
1884.0	12857.314137558444	-2425.3183121320394
1885.0	12932.280990602672	-2246.8968843506445
1886.0	13302.501403935117	-2413.7274678324284
1887.0	13302.407583573273	-2377.4987156286784
1888.0	13031.028712931746	-2234.0560082106363
1889.0	12881.636554965762	-2370.028333597449
1890.0	13470.200924025145	-2486.5369506455468
1891.0	13448.857864517666	-2520.0255567928466
1892.0	13217.96002572248	-2319.876604000709
1893.0	13156.681543760254	-2275.7867135754054
1894.0	13188.69682226021	-2284.9008910374637
1895.0	13096.654419805773	-2233.0973392834726
1896.0	13110.459446066727	-2267.159505588201
1897.0	12989.340677517555	-2146.4726272051344
1898.0	12854.947927962769	-2057.6906460556233
1899.0	12856.068386875777	-2136.118011300936
1900.0	13614.869505419521	-2651.52033919236
1901.0	13565.256745615048	-2649.2053444356466
1902.0	13560.140228365939	-2684.30678296425
1903.0	13417.628422511436	-2565.535605462374
1904.0	13444.638439948589	-2581.281901646775
1905.0	13293.521098755258	-2594.5521200469843
1906.0	13366.12999248248	-2494.8719067633806
1907.0	13232.872996261218	-2468.1895886265356
1908.0	13177.59783228363	-2314.2173369394272
1909.0	13031.062020174873	-2502.4789797205426
1910.0	13023.47239926968	-2444.425987123333
1911.0	13348.393431238432	-2445.571668768856
1912.0	13351.65613735817	-2394.148762229086
1913.0	13264.812775329343	-2386.415947466419
1914.0	13264.314926877383	-2335.906773576104
1915.0	13239.910501895458	-2356.3233549474953
1916.0	13340.379533198391	-2493.5386575615935
1917.0	13066.152520092153	-2418.3278521038596
1918.0	13206.580801733156	-2339.6953401222822
1919.0	13185.556844514265	-2336.9699068852237
1920.0	13167.587954176117	-2354.8431566770128
1921.0	13026.818043308342	-2282.883969609627
1922.0	12817.565082371793	-2315.8032389353307
1923.0	13343.261677026088	-2425.0210423860985
1924.0	12966.843222818175	-2298.1267604182253
1925.0	12791.878810229888	-2239.922945457946
1926.0	13257.214825214387	-2366.7956252729255
1927.0	13219.3222093866	-2360.331495057142
1928.0	13266.803785776676	-2431.849753098937
1929.0	13376.722065444817	-2521.5249796943062
1930.0	13285.554286593186	-2512.735227496525
1931.0	13502.37328858873	-2588.374520588793
1932.0	13485.30713593195	-2568.732611911051
1933.0	12793.428499856052	-2099.1538661625414
1934.0	12807.390069858018	-2129.6680489946716
1935.0	12899.350386821665	-2263.803061250084
1936.0	12861.537740296682	-2160.00896997609
1937.0	12812.363823363989	-2197.62660244098
1938.0	12899.647285631423	-2192.5560998264646
1939.0	12846.550949241719	-2190.8404797803983
1940.0	12820.94517970726	-2267.9586055630934
1941.0	12862.79706834662	-2329.6770728774227
1942.0	12928.924367322936	-2358.667752466603
1943.0	13058.728066506344	-2284.996351565578
1944.0	13383.685270189962	-2583.1508875439886
1945.0	13403.409952798842	-2516.2212801908177
1946.0	12878.509930606711	-2115.567086093508
1947.0	12846.260177285818	-2094.921356907978
1948.0	12834.488618882162	-2123.1756508862654
1949.0	12980.356505220358	-2178.3020394946393
1950.0	12943.767995480463	-2169.4047539633807
1951.0	12984.217920361758	-2245.531908712195
1952.0	12867.72940442083	-2247.5914069762907
1953.0	13147.06479435241	-2338.6870625405104
1954.0	13071.0356602208	-2258.4898865451155
1955.0	13144.379510459343	-2292.4780831900425
1956.0	13103.912028706809	-2311.504806071565
1957.0	13414.287717522195	-2488.954236349302
1958.0	13452.796775596778	-2498.661903396567
1959.0	13162.631975218908	-2483.042588888084
1960.0	13181.586903422483	-2443.3753390584557
1961.0	13250.817837487155	-2535.290116674159
1962.0	13304.666823308633	-2460.7845256468704
1963.0	13292.365993389758	-2433.8907006910795
1964.0	12872.850160821186	-2212.7696242105612
1965.0	12972.357950879434	-2217.8487329450204
1966.0	13420.2609227228	-2534.394832061987
1967.0	13463.709303224301	-2562.496317607521
1968.0	13012.197371285549	-2348.146276278605
1969.0	13107.254997360142	-2436.4322994896884
1970.0	13163.03431694109	-2408.888891202252
1971.0	13225.475678404417	-2407.062498517232
1972.0	13122.025548049542	-2341.665100766078
1973.0	13071.18604742516	-2376.1390137682465
1974.0	13178.04191472823	-2380.9871694478716
1975.0	13282.935305845507	-2480.8745670713233
1976.0	13213.317966894216	-2438.7860412303653
1977.0	13252.662794560687	-2406.6348150543636
1978.0	13259.171698987406	-2461.680983957976
1979.0	13051.647936038564	-2348.1579017124627
1980.0	13073.896669392818	-2311.959595292495
1981.0	13330.964720804046	-2464.9130786779465
1982.0	13316.70061645066	-2521.270764955719
1983.0	13002.5360814418	-2309.835587902686
1984.0	12969.748284909248	-2379.5897981942876
1985.0	12940.881033982796	-2218.110426976135
1986.0	12935.68059507561	-2315.51540306646
1987.0	13131.034782722447	-2405.1288327957486
1988.0	13111.54830012215	-2370.1010020427916
1989.0	12897.798148082924	-2298.0440937789785
1990.0	12961.891379606494	-2263.7492742313048
