1.0	26603.42176286208	-1572.2398742734752
2.0	26209.931858563523	-690.1231843003869
3.0	26355.12082399371	-779.9791594538921
4.0	26560.053168191454	-697.5622069333517
5.0	26641.587217516775	-1628.3675479480023
6.0	26405.1163327312	-1159.0476684564646
7.0	26543.983461838583	-1464.6621425983558
8.0	27214.285481413797	-1585.1259287646942
9.0	27329.298120435484	-1484.511218537805
10.0	28205.97676575212	-1491.040425322668
11.0	28429.03479715463	-1325.3031211469222
12.0	28863.21988589942	-1331.6777228079566
13.0	29285.447808437104	-1329.9538488294872
14.0	29718.82170808183	-1313.1847065533188
15.0	30167.74179353724	-1314.589209779427
16.0	30619.773624292124	-1317.2223006174083
17.0	31071.96922877157	-1321.2846092533953
18.0	31523.308013587917	-1326.1075107023153
19.0	31971.191936127714	-1333.145217638239
20.0	36259.91708109699	-1550.231823563241
21.0	36492.43370911561	-1380.6825550558235
22.0	36942.79934331572	-1382.3351485448165
23.0	37394.414831752016	-1384.844386724837
24.0	37847.97219739197	-1387.113254389431
25.0	38309.67530404109	-1388.8632558439033
26.0	44850.46363485211	-1589.2454386967356
27.0	44637.27613011133	-1403.5548859048768
28.0	44843.743062951624	-868.1295107871264
29.0	41027.718505925644	-846.4220191175192
30.0	39117.210902089304	-838.2160603041453
31.0	43834.41458552226	-857.6247952315725
32.0	26998.67217510052	-718.7748672151694
33.0	33051.589300405096	-806.4783488039375
34.0	26751.349428934616	-1600.50103334753
35.0	33518.23796943981	-808.9637588767332
36.0	27427.40028939562	-736.0899749775864
37.0	27876.678487533238	-735.5957377293807
38.0	33985.39358702864	-811.554006860867
39.0	27618.651817725975	-1442.2017858538377
40.0	34452.621891110415	-814.1220224686357
41.0	28311.322336204834	-803.5015172580341
42.0	34919.81305743461	-816.6330169329644
43.0	28933.659932770675	-987.0809848230907
44.0	35386.642682032085	-819.1154741596682
45.0	29358.093760641146	-795.0242585158934
46.0	35851.55727770298	-820.4294504952437
47.0	29818.917817912832	-797.2691474666002
48.0	30282.504001945887	-799.2961681234265
49.0	30746.44163783848	-801.8122056016651
50.0	31210.195358939134	-804.6351268793388
51.0	31673.280461195012	-807.5525632203639
52.0	32133.58195019173	-812.3397218519962
53.0	32588.74972102443	-802.4372619705833
54.0	32411.155947077244	-1327.5390945725105
55.0	33095.4059989452	-1503.2134172853155
56.0	33307.637811586355	-1327.4528280661357
57.0	33765.935768061194	-1332.1189468902132
58.0	34224.815187387714	-1336.7457949207135
59.0	34683.7323628992	-1341.1038893210923
60.0	39592.35418042972	-840.6033454925655
61.0	40075.7830049856	-854.5330220487502
62.0	35142.25345710922	-1345.1767579912002
63.0	35598.50002331794	-1347.8713740534656
64.0	40558.63811311001	-844.5647153091622
65.0	36310.32303387438	-836.9899823983602
66.0	36772.80090037087	-838.0388780871023
67.0	37236.18215541458	-840.1762232746729
68.0	37699.90910212251	-842.1884146658869
69.0	41495.45294379726	-848.102397657087
70.0	38165.23166597032	-844.173393614945
71.0	38637.10379873376	-845.7360755237029
72.0	41962.71672219923	-849.9243172594239
73.0	38786.16293395256	-1381.0575504482338
74.0	39265.92228433528	-1374.044386019078
75.0	42429.92022384884	-851.7838351064905
76.0	39917.835632702736	-1572.022685671937
77.0	40216.908963479895	-1573.5910964623017
78.0	42897.18683643199	-853.6750713123266
79.0	40686.323609450475	-1563.8442127717638
80.0	41141.9631945536	-1565.9181068221242
81.0	43364.98076461563	-855.5299816305497
82.0	41596.2579718622	-1567.8107590590098
83.0	42050.081934864174	-1569.841137574768
84.0	42503.84393458386	-1571.9058001415879
85.0	42957.67036683018	-1573.9993909640252
86.0	43868.01735408753	-1578.3474653787023
87.0	43412.02451329498	-1576.0543695552497
88.0	44318.041684114076	-860.3977378222999
89.0	44103.43901754016	-1394.9643924845902
90.0	26481.576677737652	-1329.865529155434
91.0	26698.56664732879	-1651.4419963538073
92.0	26316.471500513682	-940.2956539559458
93.0	26848.94000128846	-829.3714954900314
94.0	26441.42533914244	-1025.1518379943311
95.0	26615.240248887567	-1508.6990611267217
96.0	26997.10775997222	-1611.1893599379794
97.0	26508.4515889483	-1225.6322345811361
98.0	26563.43819474419	-1381.7576767263747
99.0	26672.259545740566	-1367.4921610347471
100.0	26642.88373756116	-1190.2973491603454
101.0	26700.82615500642	-1456.6876105292577
102.0	27209.057078553302	-1034.2927261233137
103.0	27482.7508911039	-1551.4857736199167
104.0	27990.255622016713	-1381.8232728346823
105.0	27545.284913132764	-1222.2102760590435
106.0	28491.188385017453	-981.0661659245752
107.0	28640.29402399833	-1483.4555887693002
108.0	28772.887658732405	-794.6218955620874
109.0	29074.963359038014	-1499.2668725084613
110.0	29206.35216058265	-986.1416991196689
111.0	29509.56277023353	-1480.8099016637664
112.0	29646.448346343896	-971.2112131152641
113.0	29956.94519668452	-1480.3612009471262
114.0	30102.087776503482	-973.4706497369556
115.0	30407.09085798777	-1481.6357938971269
116.0	30560.840785283992	-976.0012348861792
117.0	30857.5823744861	-1484.9901599300395
118.0	31019.76133113209	-979.3277206562501
119.0	31307.88192682307	-1489.6439208896918
120.0	31477.829343343474	-983.0556052891073
121.0	31757.505944116263	-1495.0019589958877
122.0	31932.445123450914	-988.747727275923
123.0	32204.34113781058	-1502.656353746522
124.0	32828.38011120341	-973.7461070064006
125.0	35814.599991347786	-1532.3191005166339
126.0	36978.08684525299	-1024.9333407210813
127.0	36520.998534857936	-1023.75957283061
128.0	36708.94857269128	-1552.3636681360513
129.0	37158.88524936984	-1555.352013509221
130.0	37436.424235859486	-1027.0704043140242
131.0	37609.16896013694	-1558.0205497976751
132.0	37896.70293527007	-1029.0551016684549
133.0	38061.04941139714	-1560.504512639395
134.0	38365.126820736165	-1030.5902895404295
135.0	38519.47997028124	-1562.4461090316224
136.0	38848.335245710005	-1022.6204832437883
137.0	40389.332138724036	-1391.313694680907
138.0	41327.10004034854	-1382.9320183679213
139.0	38986.14605840634	-1555.2222333008597
140.0	43164.13295135584	-1389.9735761228476
141.0	27211.742323763658	-843.726435104602
142.0	27047.33077511594	-1398.2110906839032
143.0	26596.814700950137	-976.5759596513223
144.0	32646.03853139387	-1495.8987748447444
145.0	26828.663085957724	-1641.1255519610058
146.0	27088.375015267706	-1532.9900142650295
147.0	27060.880902316432	-1125.5269754435515
148.0	26898.499811752565	-1574.663695854492
149.0	26858.750718676845	-1475.7367430210227
150.0	33289.097548473634	-978.2601309267089
151.0	33548.5829766617	-1508.9520869085761
152.0	27644.06409051892	-858.633943935325
153.0	27276.070091125734	-1328.7803604685105
154.0	28063.66769500844	-924.0521276282069
155.0	27800.193529213804	-1537.0670698157055
156.0	33754.13102395202	-981.3233159977971
157.0	34002.26938404804	-1514.6263260701387
158.0	27678.62090306247	-1094.9950418774108
159.0	27942.04990045859	-1159.7427546911822
160.0	34219.74413447747	-984.4691066038581
161.0	34456.032513181555	-1519.9669564164694
162.0	34685.392793738305	-987.535643690114
163.0	34909.76331018989	-1524.8613981598382
164.0	35613.61618263805	-992.3005829717425
165.0	35150.64277351484	-990.5166223953047
166.0	35363.13720630636	-1529.3464008372866
167.0	36068.52572333519	-1008.1626182245931
168.0	36046.6845963001	-1364.4814771642602
169.0	32379.143572135177	-981.619953040301
170.0	32853.65654663079	-1321.288478348352
171.0	39334.814816260805	-1015.4752802268091
172.0	39447.848163952345	-1557.859893687663
173.0	39824.61610801196	-1029.7797689855724
174.0	39749.0026234601	-1388.4672113884008
175.0	40322.12922954711	-1031.7286658163277
176.0	40865.77650650554	-1381.2996584972777
177.0	40805.29391934201	-1021.6051898992554
178.0	41273.337938884106	-1023.1303992613384
179.0	41786.60827061304	-1384.5269667127416
180.0	41739.56534401254	-1024.6202244174017
181.0	42245.58409898342	-1386.2992669009675
182.0	42205.261812918965	-1026.2891888809636
183.0	42704.56254067715	-1388.1393569631182
184.0	42670.96111600658	-1028.0274699480249
185.0	43137.250845628216	-1029.7611434862426
186.0	43605.70778357333	-1031.6983944196468
187.0	43625.86942652506	-1392.0103497077416
188.0	44630.55555821084	-1043.0459201952676
189.0	44089.997891926614	-1034.553677625555
190.0	44338.2033816281	-1581.3174183909439
191.0	27356.15595720094	-1175.763405755828
192.0	26916.314426744724	-1377.483483523384
193.0	26925.77142750504	-1121.7414805754051
194.0	26760.89873058676	-1496.5280306697339
195.0	26853.887388769665	-1270.1030450856076
196.0	27120.01321195228	-1294.6161471142732
197.0	26848.768321672836	-1016.7431190651332
198.0	26724.830177346874	-1280.2651280430157
199.0	26676.793206519123	-809.3028230923968
200.0	26694.937843151754	-1075.1369046926654
201.0	12380.518127132147	-1442.515408846303
202.0	20486.73347158585	-1526.2889286807988
203.0	25603.05898135024	-698.1239131964752
204.0	25861.511520468597	-1547.7346526023787
205.0	26426.17526149783	-1556.6039334007537
206.0	26381.375884631634	-1388.6846578978766
207.0	12363.69610178657	-595.7771104678723
208.0	12417.311389926124	-1427.0615248102988
209.0	12450.098546204716	-1419.5771745258833
210.0	12490.747716707223	-1410.8255925141618
211.0	12540.684241379304	-1400.0266163237245
212.0	12450.280248931893	-652.1775041126339
213.0	12679.039328535118	-1370.4684267528803
214.0	12659.859147910523	-674.7683712773805
215.0	12888.023367304588	-1332.9771650877221
216.0	12915.748944842728	-704.5116708459923
217.0	13291.989602904941	-1342.9163199737654
218.0	13273.485946448329	-1033.2145553791536
219.0	13377.48258622083	-1096.270511095837
220.0	13599.150062867257	-1108.3830181205765
221.0	14211.546154994592	-1363.743469079647
222.0	14129.272950008637	-1167.6105221921
223.0	14772.40242408768	-1362.3596125602992
224.0	14710.383799390294	-773.7956750406616
225.0	15009.18076265848	-744.0119593162798
226.0	15331.024257758932	-1419.9828200586205
227.0	15309.490097505935	-737.4620183610979
228.0	15628.19676028022	-1214.854487190117
229.0	16050.708884721322	-664.2870217136682
230.0	15915.264539306401	-1412.6708870910322
231.0	16312.325337562777	-1460.341552257804
232.0	16908.274906564464	-1466.8965641892285
233.0	16948.198675264688	-653.4140140011253
234.0	17095.88874515155	-737.1586813148846
235.0	17504.53315472085	-1471.8612965899877
236.0	17407.492210390996	-1248.631544134131
237.0	17695.777372353998	-737.042749046475
238.0	18100.867966176807	-1483.9625729459815
239.0	18004.936291362003	-1259.6246469966816
240.0	18292.553263921865	-740.9385428819511
241.0	18697.17515450157	-1493.6444133344569
242.0	18601.028062941736	-1267.5364905161387
243.0	18889.412912884316	-744.7675062522125
244.0	19293.818979927055	-1503.0374947054124
245.0	19198.49620555932	-1275.3480105974122
246.0	19486.676082900605	-749.1378136337075
247.0	19890.74485564915	-1514.5387690287619
248.0	19784.976233857833	-751.6678856414414
249.0	26032.236819082493	-777.1893577263728
250.0	20392.67614713827	-1298.259792422603
251.0	20680.94702173194	-761.4405227661464
252.0	21084.48275854513	-1534.977119543549
253.0	20981.837508887525	-768.7216383778699
254.0	21281.338964784696	-769.5827245875862
255.0	21679.068023965705	-1540.728471809383
256.0	21577.19909048405	-764.5680339504943
257.0	21873.560624849346	-764.619225277754
258.0	22275.603252549194	-1544.8552576033956
259.0	22171.874444890116	-765.7715045374558
260.0	22470.27134842622	-767.3286252950353
261.0	22872.016087881773	-1547.0650115735527
262.0	22768.75431573094	-768.7583432002879
263.0	23067.219970365582	-770.1856309997462
264.0	23468.228081395297	-1547.62092341842
265.0	23365.673841836495	-771.5488169950487
266.0	23664.12845589712	-772.8568382133118
267.0	24064.4481768424	-1547.882190125716
268.0	23962.670820473533	-774.1860976714523
269.0	24261.195208701803	-775.7394527874413
270.0	24660.80452143103	-1548.4904954985911
271.0	24559.88120464439	-777.9455901901115
272.0	24858.50323938498	-780.462585857325
273.0	25452.699073735897	-788.3990746955415
274.0	26149.64370027916	-1021.9861441196854
275.0	26266.369584053726	-1240.8682091201974
276.0	25987.41800915524	-1459.7360760337808
277.0	26536.497337413937	-1594.688090423041
278.0	26258.842701717153	-1569.8427872634559
279.0	26494.20471788172	-1528.0550518426778
280.0	11748.680809175648	-551.7104623817803
281.0	12288.83918689393	-1354.853700774843
282.0	12315.508055678334	-1382.8207614245312
283.0	12302.349851676683	-1368.6727514756003
284.0	12355.467169535907	-1424.6884623183096
285.0	12368.661212748348	-1438.5029873941255
286.0	11755.36263505047	-556.2077816102227
287.0	11766.267050951197	-579.0326249321593
288.0	11774.98111492993	-597.427190396492
289.0	11821.86239129714	-568.0455441288777
290.0	11803.528280477665	-650.5321272237019
291.0	11823.593578734914	-673.8332990602396
292.0	11835.117690789557	-690.4213109453705
293.0	11845.639158036589	-677.0108848486628
294.0	11852.237916171185	-726.4655815066162
295.0	11862.14413864057	-743.9011614720112
296.0	11871.854833683099	-761.3675271548731
297.0	11966.126297290262	-589.5801778531672
298.0	11890.453881017123	-808.2697287721071
299.0	11920.440420369408	-860.2511069043344
300.0	11951.271343551502	-911.656580046107
301.0	11961.785708125544	-928.640505707327
302.0	11983.241967536036	-962.3409785293637
303.0	11910.373939657053	-842.964524477553
304.0	11994.180866430603	-979.0346563193981
305.0	12016.497110393364	-1012.1658783848325
306.0	11940.83546306189	-894.6165779563108
307.0	12051.298781482525	-1060.9218547157745
308.0	12074.58521815954	-1080.9197442814298
309.0	12087.112259478177	-1109.0386465534832
310.0	12123.742108041428	-1156.572188162568
311.0	12147.589192752077	-1175.9286175110542
312.0	12185.082609859672	-1222.6347065396267
313.0	12197.661262577347	-1238.2065879874517
314.0	11784.756424812118	-615.0154259343736
315.0	11812.987929673198	-668.1407882193147
316.0	12342.1085731443	-1410.7665801284793
317.0	12111.480926825185	-1140.746573406392
318.0	11900.254019388542	-825.6589195245793
319.0	11930.593752885048	-877.4492271511236
320.0	11972.436075832857	-945.525966996533
321.0	12039.57734444028	-1044.7351599877074
322.0	11755.569099882608	-565.0134401849209
323.0	12224.352995010813	-1280.8945400685097
324.0	12063.12983594696	-1076.9805582615643
325.0	12027.994402042641	-1028.4669942205567
326.0	12005.341681850294	-995.5813787085235
327.0	12328.75131477332	-1396.811625916056
328.0	12136.038570648847	-1172.2944047593476
329.0	12099.252603238738	-1124.87854851334
330.0	12250.41313836567	-1311.1841141302766
331.0	12211.470519784385	-1265.6082597991851
332.0	12173.478401601395	-1219.1750835084868
333.0	11794.135426342657	-632.8734273826655
334.0	11857.741627448037	-573.3397449258655
335.0	12276.544760656936	-1341.3034406909758
336.0	11841.477728935546	-720.9494795737777
337.0	11880.615991628729	-790.8523459082977
338.0	12046.393321879257	-601.1945307412417
339.0	12283.361516582401	-631.6096579282461
340.0	16707.289633522494	-1464.5650830912775
341.0	12404.854890199882	-1439.0089145108457
342.0	16509.836997226066	-1473.4619738281801
343.0	12642.20336429504	-1403.7912777940871
344.0	12832.06700558393	-1380.8254318886156
345.0	13112.417343880063	-1356.2760509046857
346.0	13475.975237738332	-1344.9488304949653
347.0	13841.93626632438	-1346.7534124927515
348.0	14025.890483579866	-1352.1415843133298
349.0	14395.206262438323	-1356.7350446824387
350.0	14583.030689720408	-1370.1815421953281
351.0	14958.039212335547	-1396.6302580973672
352.0	15144.430430615548	-1403.6625296781997
353.0	15521.651283800855	-1419.249615611965
354.0	16112.126117196107	-1455.5925575433819
355.0	16442.086955385992	-1261.1016310626503
356.0	17106.162352361916	-1466.5166946954175
357.0	17305.356131794808	-1468.7802778216503
358.0	17703.364328388718	-1475.9748272983513
359.0	17902.129111703787	-1480.7020634505686
360.0	18299.568021105737	-1487.266909938264
361.0	18498.36179557098	-1490.5351299805245
362.0	18896.012179247216	-1496.6761160617764
363.0	19094.925288125516	-1499.7249572261126
364.0	19492.438691390194	-1506.6662362332809
365.0	19691.929038513266	-1510.6486463622703
366.0	20089.425881670744	-1518.501251082923
367.0	20287.9792413395	-1522.2472905345714
368.0	20685.277031239497	-1529.8543348974479
369.0	20883.9257335265	-1533.1850084275632
370.0	21281.77931249467	-1539.9550645234733
371.0	21479.02035870471	-1538.332775692795
372.0	21878.071695234405	-1542.523673788238
373.0	22076.85511630875	-1544.0792457496484
374.0	22474.448430892353	-1545.960053629549
375.0	22673.193008270668	-1546.095232679131
376.0	23070.75282610449	-1547.168926463417
377.0	23269.471428373872	-1547.5480019844974
378.0	23666.977118468978	-1547.5494470825781
379.0	23865.711745089833	-1547.5777116231968
380.0	24263.236872901423	-1547.8296418854816
381.0	24461.98321326524	-1548.5176450507627
382.0	24859.620276403093	-1549.1794051276438
383.0	25058.55503043641	-1550.4937171807458
384.0	25739.03210151914	-786.4930802685421
385.0	25457.388030943417	-1550.0872548500556
386.0	25656.902287556728	-1556.3053904424967
387.0	12263.657884967988	-1326.2005358353547
388.0	25257.36938704665	-1550.1059996541064
389.0	25849.32591004428	-1053.3714621330553
390.0	26191.76487575671	-1481.135216888979
391.0	26364.33228457409	-1503.77939649912
392.0	26000.659145905778	-1292.911490989892
393.0	12434.532858466571	-1434.0741896706704
394.0	12237.336432967968	-1296.1031065030575
395.0	12340.413433014948	-1399.0282594418197
396.0	12471.54121053385	-1428.7443874648504
397.0	12415.382442009415	-1392.5965129547178
398.0	12516.86297633928	-1421.9610217800553
399.0	12572.91752934821	-1413.9227019317161
400.0	12552.269241704353	-607.1995645588898
401.0	12746.86411438953	-861.4415932534799
402.0	12160.76346383083	-1203.7590699573925
403.0	12727.850437716797	-1392.5715409104284
404.0	12787.941010842615	-619.2425213785612
405.0	12958.691778496353	-1368.0002497249206
406.0	13186.228762494167	-1157.8282801507528
407.0	12693.969417879642	-1261.7566730737428
408.0	12888.467861647228	-836.8132329723879
409.0	13064.346207768576	-637.9865639963082
410.0	13367.16378563559	-660.3675027800814
411.0	13198.271234343918	-1287.6737400050135
412.0	13210.311839555497	-744.4769552943012
413.0	13665.64212998803	-671.3405068739279
414.0	13658.616578219406	-1345.909799978898
415.0	13962.752935222374	-659.4573242619807
416.0	13383.943770827696	-1276.1268158361881
417.0	13515.083548490826	-776.6228662335876
418.0	13812.212229580267	-774.496767523738
419.0	14272.105401256098	-655.2079626169954
420.0	13720.577850833462	-1108.9627856881689
421.0	13933.564961864715	-1283.2161377543455
422.0	14564.280124736773	-676.0081684947921
423.0	14120.125184644194	-757.1479370378341
424.0	14423.102057954447	-772.4824950416738
425.0	14277.017804567846	-1031.0807962501015
426.0	14732.64694343852	-984.4835761606458
427.0	14489.515650692048	-1292.3855380129573
428.0	14857.937458896087	-657.7374288449547
429.0	15053.155740223932	-1339.2590557243902
430.0	15161.6274042091	-647.4407389993816
431.0	14927.663775974142	-1173.04475551861
432.0	15050.91578758682	-1202.3064409220144
433.0	15456.797109947685	-652.4037741187443
434.0	15762.538137575046	-660.3728415725136
435.0	15719.300403513776	-1433.107418679092
436.0	15427.405778505272	-1358.271580493375
437.0	15775.384420455148	-1042.3415819530298
438.0	16355.163666954379	-654.1577930430766
439.0	15907.211973237232	-759.8447960712109
440.0	15819.768336392437	-1341.7634795191454
441.0	16201.700833585843	-920.5523196235439
442.0	16014.421540094932	-1353.0752195067237
443.0	16651.942765382428	-661.6097647095116
444.0	16799.811191876357	-1253.285521750656
445.0	17206.15190865221	-1400.2881024517453
446.0	17247.926383762573	-653.4248794446157
447.0	17547.57191879036	-652.2934791827192
448.0	16912.743638474112	-997.4035725462581
449.0	17207.066092647303	-1244.2072456918722
450.0	17396.711672473084	-734.821860267507
451.0	17803.81154859581	-1411.0464605434972
452.0	17845.542399847633	-656.8620544525553
453.0	18144.643343785705	-655.7257864645635
454.0	17806.169174109327	-1255.3937063894252
455.0	17994.29848114519	-739.2587700993478
456.0	18399.93429104422	-1421.2294063557317
457.0	18442.347498828447	-659.7581134641301
458.0	18741.69025231428	-658.7709555491729
459.0	18402.254039821357	-1262.945692931008
460.0	18591.0498562463	-742.767425737589
461.0	19039.26087167061	-662.9744802077249
462.0	19338.856396982334	-661.8732026460921
463.0	18999.174958609226	-1272.273215886961
464.0	19188.028741348226	-746.6534671201603
465.0	19636.45852942713	-666.6751129502436
466.0	20142.366487477848	-1024.5086300887167
467.0	19789.269568951746	-926.570754493306
468.0	19597.131116857145	-1283.8390342244718
469.0	19935.706864143704	-665.6195608827975
470.0	20233.294631190493	-670.8031267772922
471.0	20194.16827628656	-1295.5621514999305
472.0	20532.752004260306	-670.047996938087
473.0	20083.26201941705	-754.5796132395185
474.0	25894.16860396476	-693.3216798430955
475.0	20381.756843329513	-757.7917630658366
476.0	20831.035125797065	-675.6681727065735
477.0	20791.394315943846	-1311.093361269582
478.0	21132.19280762003	-678.5453987787818
479.0	21429.086897898378	-677.7455451452612
480.0	21145.7676834915	-1222.179813918283
481.0	21693.417476877436	-1030.8673230428994
482.0	21360.6718749299	-1315.6301092675494
483.0	21726.603249523527	-674.7469943706614
484.0	22023.998748467817	-679.0130227014924
485.0	22294.803081501275	-1034.061903560919
486.0	21981.645171142558	-1311.0088803434944
487.0	22323.46738576844	-677.1155598593347
488.0	22620.945968208067	-681.7864296880434
489.0	22891.03272817147	-1036.9193657194355
490.0	22577.677748887905	-1313.7925519534067
491.0	22920.500669277302	-679.7615639935585
492.0	23217.961939046854	-684.4300037164732
493.0	23487.200781252497	-1039.7021203967179
494.0	23173.739666132373	-1315.498356246746
495.0	23517.50485695236	-682.3410362178325
496.0	23814.966869311615	-686.9543111637076
497.0	24083.261250643176	-1041.8236970734852
498.0	23769.4953687282	-1316.2020448154424
499.0	24114.59753773292	-684.8865819049446
500.0	24412.04157374403	-689.7239525086683
501.0	24680.759044334623	-1046.4285456993123
502.0	24365.344398826714	-1317.951848380247
503.0	24711.83384987965	-688.309005536586
504.0	25157.404333278555	-784.948682132891
505.0	25009.213924688756	-693.4572344048534
506.0	25561.37693137204	-1067.4789941250594
507.0	24962.700518640206	-1327.7079595219893
508.0	25604.48788045367	-1336.6266527829903
509.0	25309.285259977372	-694.0113880411233
510.0	25162.939879918613	-1323.574675346835
511.0	26135.850790230445	-1188.6628688218036
512.0	26010.597984278156	-948.7358230436176
513.0	25743.53924078261	-1333.4038674601045
514.0	26077.765149056944	-1533.2939417208447
515.0	26269.50404716481	-1366.2719039873118
516.0	12326.895793321093	-1361.5005047187453
517.0	12377.165096730621	-1412.658080307241
518.0	12300.342208780263	-1357.1216266518186
519.0	12319.174469798154	-1313.2290994199102
520.0	12313.953383804039	-1371.024834851958
521.0	12347.74027833742	-1371.3118419136347
522.0	12366.894883900159	-1426.7910170748983
523.0	11763.26812977519	-552.4076400987186
524.0	11781.400534500897	-555.7019443650328
525.0	11807.303451444304	-557.2763756587237
526.0	11765.49028783507	-568.9120415194448
527.0	11770.857942817382	-560.1290917640008
528.0	11776.301013345437	-584.6245047823611
529.0	11792.5017646791	-564.9066049357398
530.0	11839.566119843956	-558.958234211383
531.0	11795.460596007446	-620.6906722796093
532.0	11904.474479153718	-580.782508344425
533.0	11796.02680295762	-591.6811714193469
534.0	11834.909116642071	-602.3947408849302
535.0	11822.371453406935	-685.8848842148082
536.0	11934.37970120921	-566.5968772729701
537.0	11834.070060663405	-702.3325067707142
538.0	11837.301644359404	-666.290589737333
539.0	11851.34055448893	-738.4430753181829
540.0	11959.69840909353	-626.8787968933763
541.0	11861.073748535686	-755.916955683103
542.0	11885.706523327679	-754.0831541816266
543.0	11870.78087407951	-773.4191746559542
544.0	11905.198599885165	-788.3567193822861
545.0	12004.614426714643	-571.7747467692843
546.0	11885.297763814871	-736.0012270055382
547.0	11881.62233613978	-778.8181763987485
548.0	11956.4820791827	-858.9944957539514
549.0	11911.164360457873	-830.922730506366
550.0	11943.24505785055	-853.9139097343377
551.0	12144.523784655214	-673.0766565563663
552.0	11941.522188309733	-882.5545406666166
553.0	11962.306069905406	-916.5736112422593
554.0	11983.556321309936	-950.2583237036876
555.0	11921.29978910207	-848.1878700143192
556.0	11939.13637452246	-789.2778633145517
557.0	12030.566938150181	-992.760320614716
558.0	11994.395303763427	-966.965550587302
559.0	12068.894325240659	-1028.9568982727644
560.0	12016.518227513558	-1000.0522764227618
561.0	11951.838991444087	-899.6184746411508
562.0	11962.404772155138	-886.9348962327294
563.0	12039.319147759337	-1032.6590214241362
564.0	12075.115857412226	-1093.034129968606
565.0	12439.089704134509	-743.1941608281517
566.0	12086.547363674572	-1096.9541724607086
567.0	12109.940309396263	-1101.6428336214806
568.0	12110.760992485331	-1128.6490489689243
569.0	12148.450171419156	-1188.019481717997
570.0	12159.877908184928	-1191.6900664036618
571.0	12529.912539145618	-1361.778532093147
572.0	12183.304761130925	-1195.8915201974141
573.0	12186.035387932867	-1234.7763123429743
574.0	12214.631176290372	-1218.2225626534243
575.0	12198.727903773603	-1250.2611708853915
576.0	12262.156009686121	-1314.203417040723
577.0	12250.690626181438	-1261.7001016840743
578.0	12223.104607916386	-1268.8703781676265
579.0	12274.52120810183	-1303.1398392101019
580.0	12275.208862158315	-1329.5728104509578
581.0	11785.621367591653	-602.9779393087988
582.0	11822.30512264947	-631.0562651352369
583.0	11814.255163010586	-656.1132192564086
584.0	12406.63909215258	-1409.669161785742
585.0	12353.760893819863	-1412.9588690486116
586.0	12123.001834572678	-1144.492645496891
587.0	12137.855285216085	-1122.6579878350597
588.0	11901.211393271004	-813.6033804583573
589.0	12020.840277483394	-852.0971670952318
590.0	11931.375014218624	-865.4002316177838
591.0	11955.54047097546	-875.5861311528903
592.0	11972.85589328467	-933.4558970800698
593.0	12050.942507088883	-1048.8416451424382
594.0	12052.168271641554	-1006.202100537707
595.0	12236.013336504095	-1284.0892727638925
596.0	12221.474427530173	-1241.416297892245
597.0	12062.688095033402	-1064.9058068525571
598.0	12066.336253024865	-1042.5447265863168
599.0	12027.780959030248	-1016.4607403567419
600.0	12275.02713307654	-703.9360567993541
601.0	12005.430378103609	-983.508594797389
602.0	12017.480492936136	-973.2569547282541
603.0	12367.308784235895	-1389.978279869131
604.0	12327.12271294906	-1385.089140205883
605.0	12135.250825524503	-1160.2369999325074
606.0	12098.575967513098	-1112.8410814757665
607.0	12324.108911588293	-818.3294207110661
608.0	11821.62467804594	-586.7416389224132
609.0	11789.787616390104	-579.2513667566764
610.0	12249.009903692959	-1299.193939859831
611.0	12250.122179031905	-1275.3730942420618
612.0	12210.335675748885	-1253.598061379607
613.0	12235.333396559201	-1258.3921183050218
614.0	12172.397545059997	-1207.2000932528197
615.0	12198.286778436928	-1213.1153661709693
616.0	11804.849164005609	-638.5098052137675
617.0	11808.238898116799	-613.042964410936
618.0	11828.561749305301	-642.7719849743038
619.0	11923.106835155899	-633.3971578372517
620.0	11880.312164507566	-562.7218409796673
621.0	12287.439705030241	-1343.8501216697452
622.0	11844.617431889956	-707.9084356390428
623.0	11861.437132989098	-706.9717789320524
624.0	11891.466425081364	-796.2145806526643
625.0	12096.022416999249	-578.5427526120648
626.0	12214.01996863148	-585.9337222044306
627.0	12012.353072748238	-948.735014448844
628.0	11917.548385738684	-810.3232140135182
629.0	12150.49438012418	-614.9244984467446
630.0	12053.24238262373	-1023.1776782653147
631.0	11976.040889279762	-909.0076139743524
632.0	16411.94274925222	-1402.8870844284495
633.0	16807.793616219376	-1397.6108184474042
634.0	12368.502127036163	-1403.4557411334383
635.0	12390.869073574291	-1433.222234158051
636.0	16608.151008589924	-1404.4165435097345
637.0	16792.501113347054	-923.9578208964527
638.0	12589.662848284634	-1339.5224256597448
639.0	12602.409019658802	-1386.564622769286
640.0	12869.877933842241	-1244.6658741818653
641.0	12773.328586929807	-1352.866894456629
642.0	13064.377944238542	-970.5063095003419
643.0	13028.123769569298	-1311.5709948400338
644.0	13567.255618177604	-1278.3689353583543
645.0	13501.40849782112	-995.1066085168362
646.0	13749.77092171157	-1279.1370918442228
647.0	13941.269961227163	-1099.7918800492364
648.0	13820.44819480872	-993.1548486315884
649.0	14131.128986891874	-916.0103458654563
650.0	14119.313862636509	-1295.926212288322
651.0	14303.926813251152	-1293.981223704277
652.0	14643.849238105098	-1111.4348656730344
653.0	14417.010659018515	-989.4929198471576
654.0	14679.79299356722	-1289.3721909792012
655.0	14515.977923052893	-1117.3519606155435
656.0	14867.718662476682	-1307.0056281460265
657.0	15020.007731860407	-906.9664468422385
658.0	15239.318184001895	-1353.0657588447668
659.0	15268.454586281465	-1225.5116780608976
660.0	15393.818748171894	-1227.3013417566642
661.0	15622.634910980478	-1360.0913971616849
662.0	15620.579000352356	-913.4184338612013
663.0	15911.329770432718	-977.5729372957843
664.0	15611.850514667736	-749.1778347052585
665.0	16212.909297832564	-1391.3821587345963
666.0	16055.240329090231	-1050.1540212489829
667.0	16201.287186412417	-752.4134613128025
668.0	16211.017342777377	-1239.6809665270964
669.0	16798.455442975548	-746.5598528087518
670.0	16572.034577205242	-1261.7697603696033
671.0	16503.97075086938	-748.5199180796744
672.0	16503.13217519824	-928.4208899313944
673.0	17007.865349464424	-1399.6915460616012
674.0	17154.868385699356	-985.1379658949973
675.0	17400.25295423072	-902.8181972246742
676.0	17405.74014525435	-1402.83477171771
677.0	17604.978786166772	-1406.2964705926588
678.0	17754.32437550466	-990.3181548083527
679.0	18002.54983903821	-1415.0498620455026
680.0	17998.20380050778	-909.3130390150345
681.0	18201.217415019608	-1417.9684387122763
682.0	18350.327843294537	-996.4060825022807
683.0	18598.761282400155	-1424.5001503416795
684.0	18594.57891306013	-913.7839817816621
685.0	18946.977216302337	-1004.1357789515114
686.0	18797.630294421037	-1427.603092133858
687.0	19195.628557682936	-1433.6533969325064
688.0	19191.905955960465	-918.6227171444885
689.0	18996.599593445295	-1430.5783580497243
690.0	19545.285499918496	-1014.1915662040756
691.0	19394.368251053307	-1437.0784188872185
692.0	19793.247412615612	-1444.9712729714204
693.0	19911.125961312067	-1016.3272812225629
694.0	19593.708504107657	-1440.9642993731243
695.0	20388.984598257877	-1456.6185215839096
696.0	19991.977874527936	-1448.891713323533
697.0	20190.445338393798	-1452.6751511320683
698.0	20274.928252171845	-1027.053754438186
699.0	20587.51176613206	-1460.5357303272478
700.0	20986.355890207677	-1465.9317560561715
701.0	20742.137657983967	-1039.4796276791124
702.0	20785.929592795288	-1463.9701304085693
703.0	20997.579238364735	-949.2500253324439
704.0	21185.42441106716	-1469.8933347425163
705.0	21579.666649967385	-1469.5018203569882
706.0	21294.06733131033	-954.6974124829921
707.0	21574.406416153473	-942.840299569733
708.0	21381.172028654764	-1470.8110996279368
709.0	21779.920722875457	-1471.9354703809613
710.0	22177.63849185397	-1474.9612977070483
711.0	21929.81815127122	-1034.8819327616955
712.0	21978.908137691604	-1473.8246734345828
713.0	22174.191290033777	-944.2632645999407
714.0	22376.429423547477	-1475.8853876959874
715.0	22773.979611906805	-1476.919629658553
716.0	22525.670952836776	-1038.6371782647554
717.0	22575.215921270345	-1476.3788875190667
718.0	22770.645393442133	-947.4413190060677
719.0	22972.735010683627	-1477.5833847711917
720.0	23370.055977846194	-1478.0493948484343
721.0	23121.972045701932	-1041.2020366571433
722.0	23171.38572200314	-1477.782730915111
723.0	23367.17091545167	-950.5567104644209
724.0	23568.75653406882	-1477.9358358389663
725.0	23966.100771185982	-1478.0944165125966
726.0	23718.012929183602	-1043.575308490669
727.0	23767.43493062045	-1477.8199665085003
728.0	23963.68064186083	-952.7353421787078
729.0	24314.047691117285	-1046.4140724039528
730.0	24164.820704908325	-1478.2744361142315
731.0	24562.313171101992	-1479.2748645212203
732.0	24560.548180966594	-957.336973321113
733.0	24363.550594008837	-1478.7963806314222
734.0	24912.41160224362	-1057.1939257583247
735.0	24761.145246662054	-1479.6664392742043
736.0	25159.035379119614	-1481.7801048245747
737.0	24960.09092369222	-1481.3055345233333
738.0	25159.90691579672	-965.5012247347095
739.0	25359.063908911838	-1480.8443519566479
740.0	25765.11191628112	-1483.443529641383
741.0	25277.446228269047	-1234.2221725806837
742.0	25715.828242403	-974.996397241257
743.0	25559.79253062262	-1486.447878184622
744.0	25853.17998172062	-1230.8704053772115
745.0	25518.25572119787	-1242.5876318527407
746.0	12389.282372020954	-1415.076875938216
747.0	12287.631002435252	-1320.822225898227
748.0	24763.825107160348	-1319.505601493617
749.0	24166.667766097173	-1317.1448242005347
750.0	24564.153353544145	-1319.4615445197087
751.0	23570.920228091465	-1316.0189795265578
752.0	23968.05540187945	-1316.741610809214
753.0	22975.112290515943	-1315.1626392050664
754.0	23372.269583774356	-1316.4170381564302
755.0	22378.95499500286	-1313.1977581674012
756.0	22776.35830696748	-1314.4351420840012
757.0	21782.80200444248	-1309.0254223229858
758.0	22180.212668209617	-1312.2212121558769
759.0	21231.187703497657	-1315.5217405978249
760.0	21576.897440239594	-1307.1929537632338
761.0	20591.97015262255	-1302.1953443219754
762.0	21001.877522723556	-1307.5060445755971
763.0	20508.60033378919	-1026.7881385547742
764.0	19995.61923417933	-1290.5940339439076
765.0	19397.531598775957	-1278.7799635602787
766.0	19796.79491957791	-1286.6850917788918
767.0	18800.014721933916	-1269.3102411523316
768.0	19313.647650125367	-1006.591826499803
769.0	18203.6158841767	-1259.6639180144314
770.0	18715.610135143037	-1000.067007493169
771.0	17607.610602272474	-1248.178020936394
772.0	18119.206932903628	-993.7519796395906
773.0	17009.585666534393	-1245.1672533641165
774.0	17522.273014042355	-985.2743247811626
775.0	16340.577588641361	-1166.854906684505
776.0	16645.149860082794	-1018.9087046489325
777.0	14891.027572146239	-1031.3798174908977
778.0	15314.090752454404	-912.5475698756485
779.0	12040.16662321531	-647.799286973217
780.0	12344.171173483328	-759.1201660544981
781.0	12307.275911495206	-1329.8742088894808
782.0	12160.140567648028	-1165.9270595897913
783.0	12123.324962739223	-1118.9990757137828
784.0	12103.996572000266	-1077.408560844494
785.0	12481.45689618647	-1380.0040063694607
786.0	12350.87241089024	-1387.7430870976448
787.0	11871.047896700302	-616.9639143837516
788.0	11807.940162287443	-596.0709501762485
789.0	12258.764852695645	-1285.4155074590235
790.0	12484.797161959426	-1282.8681003344282
791.0	12288.445223660636	-1306.386373452003
792.0	12176.077640232825	-1171.9251280774934
793.0	12140.954253503473	-1092.94081632233
794.0	12234.838060208489	-1242.9482364492185
795.0	12197.589786249579	-1198.3471700844239
796.0	12212.538236896435	-1166.6758715540716
797.0	12144.9588174137	-1146.5301506087071
798.0	12174.954002102646	-1185.5972706844211
799.0	12136.812222709688	-1136.0540331807006
800.0	12158.297937433998	-1148.5859975142841
801.0	12088.064214957174	-1071.1742697655045
802.0	12123.180915375795	-1104.0303274039125
803.0	12074.14479027477	-1053.216057339018
804.0	12101.949081464976	-1091.0740778525221
805.0	11924.18008196313	-821.8500723932672
806.0	11996.930069123156	-941.3374263554488
807.0	11991.226296621731	-878.9392232250824
808.0	12038.031593764768	-1003.6771898327139
809.0	12185.208901492353	-763.4853988992782
810.0	11983.053446851598	-920.2267427161405
811.0	12031.440507319445	-978.0377828313425
812.0	11938.640184703741	-828.1637527228928
813.0	11904.942726688825	-769.8812439447653
814.0	12030.86684608624	-918.9090609867604
815.0	12010.132661162404	-962.2804838550213
816.0	11975.571943636905	-891.4070043697787
817.0	11996.007377213007	-923.375915284365
818.0	12011.338345273396	-888.554834754219
819.0	11900.960173780164	-722.1266141498096
820.0	11920.523048288605	-797.1317010568897
821.0	12083.825122866336	-683.2996669536618
822.0	11921.301981784463	-757.2850887891224
823.0	11974.281202637902	-847.1945617392672
824.0	11865.84031529934	-719.6778945906972
825.0	11892.216896396078	-765.7049357055943
826.0	11872.516464275175	-731.2698057676929
827.0	11991.959839853962	-655.6781220414687
828.0	11981.461683648551	-686.7201457408233
829.0	11896.6618842636	-699.2503974769152
830.0	11899.629501297144	-610.2841698684975
831.0	11873.335593101081	-694.6258802440807
832.0	11841.002581592407	-647.2568446143032
833.0	11877.50557358534	-657.3636912487424
834.0	11853.322337497351	-598.0801568058772
835.0	11863.010943685726	-639.0474438025794
836.0	11824.369687095874	-617.7721794354615
837.0	12310.614110441946	-1345.616954197223
838.0	12335.652698637869	-1370.8745285476368
839.0	12295.604527969836	-1330.3753022389785
840.0	12325.56416285542	-1347.643748887792
841.0	25046.17273869706	-1059.423740071409
842.0	25065.06912618339	-1238.690712701662
843.0	25293.30965163348	-1055.4156945988113
844.0	25434.220882873848	-969.250838651411
845.0	25375.23624933524	-1323.1659543609646
846.0	24665.324564371476	-1228.5163377164918
847.0	24864.90973184937	-1235.4209923457122
848.0	24826.761457517747	-959.19074288905
849.0	24446.577547984572	-1047.8230136166596
850.0	24465.61720052527	-1227.8597927980761
851.0	24068.249868724717	-1225.3997725086367
852.0	24266.87773890814	-1225.8554977206095
853.0	24228.849100224765	-954.1273234487265
854.0	23869.72681389106	-1224.6069842267564
855.0	23850.340671953978	-1044.1767910314018
856.0	23472.605381346108	-1224.0717104140076
857.0	23671.201250599377	-1224.0146690771119
858.0	23632.327306582083	-951.210028922825
859.0	23274.03897843126	-1223.6312706241285
860.0	23254.344910202184	-1042.140532949409
861.0	22876.77206277476	-1222.1597784328758
862.0	23075.484050066036	-1222.4638062289262
863.0	23035.860951548555	-948.6604569198431
864.0	22678.033530948902	-1221.0244095389196
865.0	22658.059952026848	-1039.2709991744262
866.0	22280.703000360227	-1219.427542523638
867.0	22479.435829965292	-1220.6860885353028
868.0	22439.29019901539	-945.7832089341349
869.0	22082.166326115344	-1218.5233671073886
870.0	22062.044866798456	-1035.9310585141714
871.0	21883.690010252376	-1216.7978326391742
872.0	21843.167526533824	-942.4672883307534
873.0	21455.75099525206	-1220.842918738653
874.0	21439.022590093442	-1041.1324986599059
875.0	21679.180095804935	-1215.509557157653
876.0	21160.662903622877	-1044.1884736287618
877.0	20885.718584700746	-1041.6178488543694
878.0	20904.912089190937	-1221.8825278080014
879.0	19897.933722262842	-1197.9549084566079
880.0	20096.790179214902	-1203.0905720711598
881.0	20054.3877814915	-930.3844647274194
882.0	19678.181568549666	-1016.7504899695481
883.0	19698.899158225056	-1195.237200021089
884.0	19299.84997552609	-1186.4336530433786
885.0	19499.024651862328	-1191.2425157576884
886.0	19457.590121431404	-921.8871874630901
887.0	19079.9803769677	-1006.2309618189071
888.0	19100.368301165836	-1183.114428728255
889.0	18900.971971924024	-1180.078122917487
890.0	18859.803738899238	-915.0470021521354
891.0	18502.94832488969	-1175.2877567302596
892.0	18701.826362556025	-1178.3879025273898
893.0	18482.71540242108	-999.8561430300039
894.0	18304.28623903997	-1170.6786758156952
895.0	18263.2115336772	-908.9104671412915
896.0	17906.8731895411	-1169.6240942476754
897.0	18105.652887657692	-1170.232837199316
898.0	17886.586653440943	-995.7933438257538
899.0	17708.353770007932	-1162.2036234880143
900.0	17666.937185848346	-902.0272576877511
901.0	17308.02238092655	-1158.4961934781986
902.0	17287.42714668713	-986.9481411377232
903.0	17508.917035963208	-1159.5396193501438
904.0	16663.190777794793	-1177.5930032543984
905.0	17108.79685342698	-1155.91154523806
906.0	17066.388037989465	-903.7502717723164
907.0	16902.012799291413	-1168.0469747949955
908.0	16078.717988097067	-1204.6253846735683
909.0	16354.738738456661	-1002.197623205538
910.0	15470.126250580774	-991.7299247892375
911.0	15759.502328196564	-1192.465093167497
912.0	15177.055028359498	-985.4807780398909
913.0	15171.326880258004	-1139.1558340919546
914.0	15493.626102767223	-1143.0424669036863
915.0	14043.55457031444	-1040.4016365119987
916.0	14252.417262364414	-1163.3499010611692
917.0	13192.067073474536	-900.3098045666344
918.0	13010.679794474307	-1201.83877364998
919.0	13082.93089693532	-1116.6983698603715
920.0	12662.931784010818	-1311.7104914792174
921.0	12888.736638430659	-1060.887506203889
922.0	12923.102369939013	-1169.95673762901
923.0	12756.582553606428	-1133.6132776511051
924.0	12957.761110269175	-946.5774818648297
925.0	12723.367383712406	-959.0710479301457
926.0	12254.493269415658	-1232.570261987151
927.0	12796.148096808727	-1220.4572084197364
928.0	12659.189059588281	-1194.7026021026843
929.0	12755.555111616954	-1280.8099618936067
930.0	12646.063334652936	-784.6658810259038
931.0	12584.087862602997	-1244.7350126652775
932.0	12173.002631010762	-1133.3260897034481
933.0	12363.665154028671	-1360.2274361885877
934.0	12613.349648396565	-1297.991145410883
935.0	12339.481114674527	-1316.7289853603525
936.0	12378.773775128	-1374.2553378746386
937.0	12549.399655740352	-1328.6324205915978
938.0	12288.279606427148	-1271.7992343766618
939.0	12441.620427521104	-1395.4918608344876
940.0	12496.80045358484	-1352.891351404777
941.0	12308.317307498162	-1299.2943403231839
942.0	12453.77227132948	-1373.8374876287537
943.0	12409.070148996101	-1349.1919783499918
944.0	12527.282883649386	-808.1137310229309
945.0	12151.546566224852	-1106.2822579740769
946.0	12092.277890947647	-1020.8520769443561
947.0	12626.407648854876	-980.1327977100342
948.0	12199.714989656655	-716.4122791851605
949.0	12049.093530073844	-966.3450777294269
950.0	12121.667175517772	-1066.5959900096332
951.0	20494.88340695674	-1209.5898135142197
952.0	20695.200140878544	-1218.6371797531883
953.0	20652.62459656042	-940.2361172884539
954.0	20295.393728112656	-1206.775561741127
955.0	20385.927598029913	-935.7363101602162
956.0	12795.946659131587	-1048.752711988113
957.0	11909.019860458675	-658.3931497986687
958.0	11863.834725169205	-676.293387171796
959.0	12412.043807419423	-901.7325974149202
960.0	12400.827743075437	-1373.0789459388968
961.0	12476.11866918466	-1317.789208322133
962.0	12231.269750114387	-1146.6208623388975
963.0	12598.889639925888	-1191.4002877625535
964.0	12503.389102764479	-881.0474205581637
965.0	12387.533597179761	-1332.9480703789438
966.0	12435.776691738458	-1347.0551721600793
967.0	12524.966062954341	-1284.824131915523
968.0	12623.613580790925	-1063.113144270813
969.0	12192.934348706482	-1161.4597847443954
970.0	12496.75872509006	-1198.8560133756248
971.0	12535.967469705052	-1242.4580042380646
972.0	12486.312551060359	-1053.2048714313926
973.0	12681.209210123297	-1126.9119601539169
974.0	12266.066651232928	-1246.249545181312
975.0	12364.182570159768	-1342.807136281798
976.0	12028.638777003107	-730.4715349581826
977.0	11945.55337702004	-692.9800095633867
978.0	11918.675303205056	-681.9473629545568
979.0	11921.030986967684	-733.3980135878816
980.0	11969.90917727714	-736.816784071328
981.0	11943.610771266103	-721.5544435238171
982.0	12072.935001834341	-720.637000291353
983.0	11940.171181214655	-767.9067264843052
984.0	11978.758853370833	-778.1720522263028
985.0	12253.09970327281	-829.1482771869396
986.0	12012.121622576366	-909.8020918731472
987.0	12068.045703980088	-993.6216525289414
988.0	12129.420058613197	-822.6764302370533
989.0	12030.175604347964	-939.8804724913734
990.0	12068.76626464317	-929.7765485121945
991.0	12049.338712285513	-947.184013460681
992.0	12091.465659532814	-962.7403774231334
993.0	12067.947772300991	-973.8405041489308
994.0	12103.640556443053	-1036.76918215099
995.0	12357.221179813161	-1005.5086289431802
996.0	12217.102927571095	-1129.2905329271969
997.0	12191.70196969845	-1140.201808445857
998.0	12450.969400186761	-1249.2770104874078
999.0	12213.966242473392	-1184.8857041829185
1000.0	12148.021689554449	-1032.4307373565287
1001.0	12141.433406850561	-1074.3947109711328
1002.0	12169.279689385408	-1109.6199076232704
1003.0	12033.032258143065	-872.8911715203254
1004.0	12245.165309373238	-883.1388762413535
1005.0	12132.211774750374	-775.5754460216358
1006.0	11966.198592408915	-759.2819918305753
1007.0	11936.5503126435	-842.4597563727579
1008.0	12088.065527985966	-1055.5453342320998
1009.0	12121.30984693177	-1041.5855468495338
1010.0	12233.386600446911	-1189.672416115359
1011.0	12213.052882357595	-1231.1721786665591
1012.0	12272.533285784064	-1286.3421038988479
1013.0	12259.482506885217	-1154.7255466852505
1014.0	11958.632858866345	-797.1810877330918
1015.0	11998.610265706904	-717.6566810247114
1016.0	12477.396424165194	-1000.0147982222328
1017.0	12188.875338887194	-1093.7058151925878
1018.0	12331.780225578555	-1269.4042454728587
1019.0	12162.214346512643	-1056.0341989655153
1020.0	12217.999238385193	-1106.5007217541054
1021.0	12198.160990068975	-999.2408758863063
1022.0	12108.499831081908	-982.6338903622909
1023.0	12092.503380669257	-1002.4924089281407
1024.0	12135.641753320762	-981.1642179366894
1025.0	12186.660942905073	-1065.1603452599295
1026.0	12056.292329353018	-911.3388368992255
1027.0	12062.871383155616	-784.4633144158852
1028.0	12092.038969663326	-937.837486055143
1029.0	12027.769751222202	-830.0682925537106
1030.0	12059.241018712813	-886.5682045517187
1031.0	12164.611173548396	-840.3238818016889
1032.0	12548.945481786022	-944.0402351281622
1033.0	12552.363750287213	-1140.7071564410737
1034.0	12555.067540617236	-1080.210654898101
1035.0	12410.093286890798	-1119.7050844065968
1036.0	12498.353228349326	-1150.4398904813581
1037.0	12442.779532195265	-1318.1195478181423
1038.0	12415.911043309532	-1295.4465262481979
1039.0	12451.929556566682	-1207.6310512060627
1040.0	12333.766666041556	-1178.2734760354924
1041.0	12310.139612582445	-1281.5049365590967
1042.0	12255.636346309853	-1215.89136055206
1043.0	12303.783723238384	-1203.3656174443943
1044.0	12285.576085976034	-1250.3683728614822
1045.0	12233.354542076544	-1208.2410784993197
1046.0	12260.171351640782	-1179.5672678328654
1047.0	11957.661903756205	-817.1386988617481
1048.0	11992.483927110188	-856.9527840294207
1049.0	12029.619103593162	-767.853015016873
1050.0	11976.729121020107	-825.3368956352697
1051.0	12002.920096471787	-785.8590111035913
1052.0	12096.577380779325	-758.7695040604394
1053.0	12089.612323987787	-875.8334173949024
1054.0	12360.969129905867	-1299.325404361801
1055.0	12342.532608785054	-1335.4008895204922
1056.0	12354.315757704799	-877.103158433311
1057.0	12217.005877572823	-1053.0764026633835
1058.0	12452.30052698984	-1102.0950561168265
1059.0	12209.35607115877	-807.5776845297556
1060.0	12122.993156727893	-896.3664836457725
1061.0	12147.758780943164	-948.8948311721075
1062.0	12408.843694751455	-976.8770791633597
1063.0	12239.184165780933	-1082.824839679406
1064.0	12332.637878980384	-1241.4013184061084
1065.0	12387.371651036387	-1308.1382426190867
1066.0	12415.42241852626	-1261.5250969051679
1067.0	12198.377540897882	-900.3034531303705
1068.0	12062.080808025241	-819.4713596724123
1069.0	12001.861319231204	-813.0662433839019
1070.0	12092.995089511774	-840.878533532384
1071.0	12276.010654672617	-1198.1292555698667
1072.0	12273.328429261246	-1090.7829787906649
1073.0	12383.729850652911	-1251.3075938029313
1074.0	12411.316819726906	-1176.8249566015663
1075.0	12308.293745533161	-1232.0711479771664
1076.0	12286.652574401198	-1132.5957476788324
1077.0	12372.739641998609	-1194.3119753085368
1078.0	12157.71981102619	-1007.7850322161679
1079.0	12293.178167296524	-912.1751152766052
1080.0	12186.372272547038	-941.044104370642
1081.0	12364.427193674454	-1101.1115834133434
1082.0	12270.773828432439	-1019.2715479057073
1083.0	12121.19016883482	-925.4616122297188
1084.0	12357.815954305663	-1276.4161848886754
1085.0	12367.100832642665	-1228.7342871463807
1086.0	12326.677750553508	-1142.1929563352685
1087.0	12295.02220367914	-1058.2116357279913
1088.0	12274.714550241551	-953.0649226003425
1089.0	12346.095791940037	-1058.9430316942337
1090.0	12214.696423967422	-964.7693348053623
1091.0	12161.567037187078	-879.0590513478897
1092.0	12226.901765806439	-1022.0944539523583
1093.0	12302.051178969106	-984.7135576346354
1094.0	98.13681152268634	-1262.4083484602925
1095.0	11992.764936862259	-1018.9464801333003
1096.0	7456.549271829107	-636.0344713738436
1097.0	11735.5274169954	-568.6114642628082
1098.0	11667.001411899691	-556.3425626104232
1099.0	11113.870375106626	-599.7753039626286
1100.0	11768.73159671181	-639.5606535336543
1101.0	11776.547881299557	-669.3852460219247
1102.0	11416.002608385943	-1144.307681913225
1103.0	11835.122013040547	-763.0759769909614
1104.0	11497.653320845218	-1305.3083997419772
1105.0	11864.70434370476	-815.3613198267973
1106.0	11863.845967318272	-827.4381502896564
1107.0	11884.190579696022	-862.0830585155685
1108.0	11842.579765622992	-822.1744388107387
1109.0	11585.575645123521	-1266.2108676925561
1110.0	11926.105961867625	-930.6293489743724
1111.0	11970.145005297634	-997.947344515433
1112.0	11732.303492853947	-1284.0517905087763
1113.0	11992.949371641209	-1031.0634499580208
1114.0	12004.55384054113	-1047.4931752719185
1115.0	12016.262812722407	-1063.8143697797425
1116.0	11850.828800018406	-1297.553101770042
1117.0	12023.822460425368	-1101.7515979048349
1118.0	12063.957350422432	-1128.362764156347
1119.0	11946.998126070908	-1308.4243608410598
1120.0	12024.921272526475	-1317.2815495256066
1121.0	12149.37629440439	-1239.6500468866705
1122.0	12087.997529473132	-1323.1742857396428
1123.0	12139.25199308806	-1327.9948600179232
1124.0	12179.790002556916	-1330.7697972672838
1125.0	12201.832258744771	-1347.5220739526587
1126.0	12221.745774715011	-1347.5263002715699
1127.0	11854.759708226962	-797.9781863678007
1128.0	184.33749217270272	-1127.5960357354986
1129.0	97.53530047082398	-632.331628268495
1130.0	1017.5527376558672	-633.613314498824
1131.0	1156.878752605084	-724.5395535694039
1132.0	1449.0792450516992	-724.6785223772094
1133.0	1741.7687504962112	-724.7802454731444
1134.0	2034.545804203574	-724.8716230631056
1135.0	2327.3354230747123	-724.960087046582
1136.0	2620.126789975579	-725.0470735177161
1137.0	2912.9187094073145	-725.132687639737
1138.0	3205.7108592992768	-725.2171741580661
1139.0	3498.50308695437	-725.3009221513718
1140.0	3791.2955363726983	-725.3841939220187
1141.0	4084.0883754590845	-725.4671355949123
1142.0	4376.881660583491	-725.5498372265702
1143.0	4669.67538812695	-725.6323503739039
1144.0	4962.469542928188	-725.7147103599597
1145.0	5255.264108522954	-725.7969416471964
1146.0	5548.059070179416	-725.8790637424504
1147.0	5840.854399965221	-725.961096529158
1148.0	6133.649933971068	-726.0430613255656
1149.0	6426.44421933435	-726.1250501825652
1150.0	6719.225122127336	-726.2077977175817
1151.0	7076.150967759032	-1173.795588034807
1152.0	11730.589128642401	-554.8905987658205
1153.0	7597.84400152712	-726.3996285131087
1154.0	7890.427426254338	-726.5190530649401
1155.0	8183.215353498997	-726.6092937669431
1156.0	8476.014423633409	-726.6891042772123
1157.0	8768.811800780239	-726.7677725530966
1158.0	9061.613289961271	-726.8468318325644
1159.0	9354.426947662763	-726.9283909330023
1160.0	9647.256364774481	-727.0186922043555
1161.0	9940.15936623344	-727.1311272895832
1162.0	10233.41936295451	-727.1155893965588
1163.0	10526.460315959774	-723.2178667396838
1164.0	10792.075514291895	-876.5173328335362
1165.0	12249.036231662676	-1350.0989240474062
1166.0	11759.824851454629	-621.5980221239225
1167.0	11844.893979861836	-780.5848814318115
1168.0	11915.981737717017	-901.4761406919389
1169.0	11981.398166879944	-1002.4424222118372
1170.0	12039.497440496976	-1084.1462619271604
1171.0	12099.605889608023	-1164.1645777032554
1172.0	12136.219213791099	-1211.7644807669194
1173.0	12173.260913170898	-1259.0449076107607
1174.0	12198.167198666952	-1290.4600988816444
1175.0	12223.703372160408	-1322.3367028946848
1176.0	12233.583229268921	-1342.6527935065735
1177.0	452.56124894734194	-1263.2836448103078
1178.0	743.7542703801611	-1261.8883666985473
1179.0	183.73598112084036	-767.5447708770345
1180.0	333.94834859382496	-759.9827717297759
1181.0	826.7285100283649	-904.0008947772294
1182.0	1037.3962463128491	-1261.8860331721867
1183.0	1331.6070562232392	-1261.9978488078498
1184.0	1625.9181834874544	-1262.1030181023914
1185.0	1920.2452178426656	-1262.2057644638817
1186.0	2214.5746075954717	-1262.3072361012094
1187.0	2508.904116936851	-1262.40763293867
1188.0	2803.2334060612807	-1262.506746901309
1189.0	3097.562422222056	-1262.6047275170579
1190.0	3391.891101826679	-1262.7018534003773
1191.0	3686.2194813842375	-1262.7983121886866
1192.0	3980.547596500541	-1262.8941676999523
1193.0	4274.875454116657	-1262.9894391387697
1194.0	4569.203051504234	-1263.084123938958
1195.0	4863.530386166771	-1263.178220327243
1196.0	5157.857462952044	-1263.2717215857117
1197.0	5452.184289960005	-1263.364621302827
1198.0	5746.510874683423	-1263.456915346489
1199.0	6040.83719418459	-1263.548598319462
1200.0	6335.1630196337865	-1263.6397582289972
1201.0	6629.487522514338	-1263.7311827499072
1202.0	6923.8136662236275	-1263.8259973498095
1203.0	7218.187731168825	-1263.8444871719591
1204.0	7512.461619515522	-1263.9507356651204
1205.0	7806.79016751645	-1264.077315883496
1206.0	8101.115570207909	-1264.1699228865034
1207.0	8395.440376586706	-1264.2563169376642
1208.0	8689.765462037763	-1264.341058337309
1209.0	8984.093071712097	-1264.4243030800346
1210.0	9278.429247707563	-1264.5040608505858
1211.0	9572.78298328633	-1264.5759886148817
1212.0	9867.172865567329	-1264.6376993986648
1213.0	10161.79832850935	-1264.6469233153905
1214.0	10457.961459527392	-1263.768189263062
1215.0	10759.12402292509	-1256.4952357272875
1216.0	11742.356307916794	-585.4278266418669
1217.0	11038.42111912671	-1279.1301160925725
1218.0	11777.924614357491	-657.3571517793312
1219.0	11292.002080655513	-1292.9297811287656
1220.0	11806.12287168476	-710.4525594699322
1221.0	11198.334245186046	-640.3822407088073
1222.0	11815.716846251735	-728.05459118399
1223.0	11825.34222124551	-745.6086536706425
1224.0	11771.85545174614	-693.9780436174636
1225.0	11616.59063013171	-573.5815399821878
1226.0	11652.66980397443	-567.6525812160185
1227.0	11750.659615534232	-603.6178915795272
1228.0	11728.863666723177	-563.0284410211038
1229.0	11948.098892925269	-952.3306585168724
1230.0	11978.290264725983	-1053.7324847387142
1231.0	7163.54500870402	-635.9612443099469
1232.0	11710.360279190638	-552.8735334728095
1233.0	11722.207193079865	-581.9493855974888
1234.0	11691.521803001682	-554.3996979837056
1235.0	11796.627633597442	-692.8129593976931
1236.0	10914.448821021007	-619.5162420244679
1237.0	11381.527537583614	-579.0455962016846
1238.0	11740.55244738138	-597.1047622509037
1239.0	11787.221503413779	-675.1072610158391
1240.0	11811.628011889465	-767.2693397875149
1241.0	11540.852148589664	-566.2180229827248
1242.0	11471.317604878985	-571.9485900518101
1243.0	11785.918417253584	-687.15177373109
1244.0	11265.280899580996	-588.0606478995232
1245.0	11753.207478080105	-677.4501009672944
1246.0	11431.42610980398	-603.4295482050333
1247.0	11884.910770142471	-849.9983181134652
1248.0	11174.954036319423	-1217.3170458729453
1249.0	11815.435469277147	-792.4658725296971
1250.0	11905.508599988518	-884.3748804343162
1251.0	11858.37375330402	-867.9300390422771
1252.0	11874.75624058074	-832.713244044628
1253.0	11926.558307238085	-918.4918099279354
1254.0	11873.97030493719	-844.8021152285555
1255.0	11895.155393299026	-867.2103514553528
1256.0	11894.507530094272	-879.3042101505689
1257.0	11661.644624348446	-1315.7340867041637
1258.0	11959.053333340145	-969.1118193962966
1259.0	11904.945829382355	-896.4793275062881
1260.0	11937.21020054215	-935.4799895870088
1261.0	11924.00463348655	-957.094143331676
1262.0	11970.152405980343	-985.8254593139087
1263.0	11936.906514583343	-947.5966108410257
1264.0	11739.88859903825	-1220.4506981524974
1265.0	11947.882291385473	-964.4384648656675
1266.0	11933.842979194082	-1027.2964607256497
1267.0	11958.936380306499	-981.2295624886304
1268.0	11793.716072874908	-1323.1810164555027
1269.0	11924.818471849985	-974.2941429065735
1270.0	12051.394876598473	-1100.219836647672
1271.0	12004.097273019433	-1124.8390475221338
1272.0	12004.276649250487	-1035.3804084910118
1273.0	12015.908320764776	-1051.7116117547073
1274.0	12063.354179918213	-1116.267464710111
1275.0	12002.431304808044	-1088.5948702095077
1276.0	12027.639908794366	-1067.9551878254333
1277.0	11900.712357899565	-1329.2609811289956
1278.0	11856.632774155398	-1246.8037385750067
1279.0	12063.596578057346	-1154.40239909562
1280.0	12087.493781464538	-1148.2397185243265
1281.0	12028.094674833177	-1080.069671413525
1282.0	12047.666009681192	-1132.9960022012758
1283.0	12051.93132338015	-1112.2875210064515
1284.0	12111.7879408245	-1180.0844617409966
1285.0	12075.414865455657	-1132.3001560681462
1286.0	12123.985760297559	-1195.9327738918248
1287.0	12076.047715993614	-1144.3713856000822
1288.0	11987.475199996481	-1334.072987369794
1289.0	12070.38063572577	-1178.641242585166
1290.0	11952.527357693894	-1266.522511475284
1291.0	12100.304941776485	-1176.251868913314
1292.0	12148.540234224221	-1227.5913038451824
1293.0	12027.04536296199	-1283.9667101705556
1294.0	12112.512243306674	-1192.1508439277798
1295.0	12057.754185025973	-1338.134961462835
1296.0	12104.111963078598	-1206.716932364953
1297.0	12136.865470156197	-1249.2547529823175
1298.0	12137.023573755805	-1223.850057209787
1299.0	12185.750403187487	-1274.7563253933524
1300.0	12160.880196288084	-1243.3289270413334
1301.0	12114.436766211984	-1339.9792821985477
1302.0	12088.03084466461	-1294.6644740901804
1303.0	12174.19247177274	-1271.126657936385
1304.0	12152.881294389952	-1268.8867987043188
1305.0	12198.068749685635	-1303.8055643538291
1306.0	12160.453809345214	-1342.966454137239
1307.0	12141.535680419096	-1305.5208518944467
1308.0	12209.727509519456	-1307.2397210688516
1309.0	12175.144832720269	-1300.4615538911373
1310.0	11829.977516736164	-818.1922113681898
1311.0	11834.119886032253	-775.1477317026926
1312.0	11853.840026066702	-810.0292672204932
1313.0	86.2006806500164	-947.5374941607379
1314.0	584.1356313161699	-716.0825526351842
1315.0	1309.7496205991065	-633.7647689418224
1316.0	1191.361564263852	-1171.2586617322095
1317.0	1602.3591315149552	-633.8871860244403
1318.0	1485.473066870398	-1171.4131628504574
1319.0	1895.0450274560915	-634.001394755568
1320.0	1779.7007939217658	-1171.5585946945323
1321.0	2187.7420866347907	-634.1134663322122
1322.0	2073.946783461724	-1171.7003288813937
1323.0	2480.440547739702	-634.2247614568549
1324.0	2368.1952479878505	-1171.8397135442258
1325.0	2773.1393549481304	-634.3353555211569
1326.0	2662.443611885601	-1171.9767405323685
1327.0	3065.8383685839103	-634.4452782966865
1328.0	2956.6914826027473	-1172.1113512987995
1329.0	3358.537406252565	-634.5547447572967
1330.0	3250.9387438000867	-1172.243973985911
1331.0	3651.236497651476	-634.6639290078028
1332.0	3545.18536839421	-1172.375074845583
1333.0	3943.9357570833654	-634.7729192457542
1334.0	3839.431428500013	-1172.5049053332011
1335.0	4236.635238150335	-634.8817733985071
1336.0	4133.676966664375	-1172.6335484713275
1337.0	4529.334943620244	-634.9905235952227
1338.0	4427.921987100009	-1172.7610208983767
1339.0	4822.034867106267	-635.0991892636516
1340.0	4722.166484582062	-1172.887318274893
1341.0	5114.734999833956	-635.207786299089
1342.0	5016.410461461813	-1173.0124321096898
1343.0	5407.435334113504	-635.3163232686989
1344.0	5310.653930686988	-1173.1363492733174
1345.0	5700.13586290289	-635.4248111121537
1346.0	5604.896907850307	-1173.259059222138
1347.0	5992.836565311783	-635.5332587732172
1348.0	5899.139377506832	-1173.3805524268162
1349.0	6285.537298321208	-635.6416786263721
1350.0	6193.381087889135	-1173.5009114973673
1351.0	6578.236752087539	-635.7501503480273
1352.0	6487.620981650823	-1173.621012115856
1353.0	6870.924102526665	-635.8593288791991
1354.0	6781.861193672605	-1173.7447674247119
1355.0	7304.946745221317	-726.3242287385243
1356.0	7399.217146232785	-994.7538949429176
1357.0	7011.927477331347	-726.2839889616906
1358.0	11724.505267144807	-551.0038701775584
1359.0	11715.629646823161	-572.9721152119055
1360.0	7749.048166422297	-636.171546802342
1361.0	7664.580488262436	-1174.0281874377413
1362.0	8041.738597968797	-636.2887986434855
1363.0	7958.824004386762	-1174.1848908471673
1364.0	8334.44199507943	-636.3966902221556
1365.0	8253.063778888956	-1174.3014080893788
1366.0	8627.143569515678	-636.5035118715655
1367.0	8547.303236150752	-1174.410059728228
1368.0	8919.845273638732	-636.6102612158505
1369.0	8841.545496708082	-1174.5155620586418
1370.0	9212.550960109184	-636.7174738688439
1371.0	9135.798847809821	-1174.6160807599615
1372.0	9505.264832752699	-636.826723034099
1373.0	9430.078324815993	-1174.7052824828518
1374.0	9797.98627863337	-636.9426778580078
1375.0	9724.411508107702	-1174.7764372189743
1376.0	10090.773735624132	-637.0740608371375
1377.0	10019.016418762661	-1174.7848881075263
1378.0	10383.516057752113	-637.0618877188359
1379.0	10315.394578154666	-1173.8528941599668
1380.0	10797.290361661499	-705.5523035612858
1381.0	10668.106879192695	-633.3074079535453
1382.0	10505.773459441561	-901.5387651366667
1383.0	11035.410621679112	-792.1609045591958
1384.0	11022.644074174086	-671.9185820750645
1385.0	11622.394722141893	-599.6417631017248
1386.0	11758.306562835414	-633.6229693206548
1387.0	11830.412125880544	-800.6973156863247
1388.0	11843.93405692763	-792.6284622761813
1389.0	11904.808854872737	-926.0069545527834
1390.0	11915.495193608063	-913.5743828991702
1391.0	11981.482305587298	-1014.5500464484154
1392.0	12022.9237604135	-1115.7175335618679
1393.0	12040.001570863673	-1096.2212870845851
1394.0	12090.645783856706	-1204.4054741695381
1395.0	12088.144543890417	-1160.3064271569237
1396.0	12128.61516931512	-1238.7099241180774
1397.0	12124.728904458638	-1207.9937089621478
1398.0	12161.275687096577	-1296.5902230421973
1399.0	12161.737009117947	-1255.3797056403264
1400.0	12182.4100652711	-1312.1642478830265
1401.0	12186.625793768195	-1286.9074323176371
1402.0	12232.170152850698	-1332.636903875534
1403.0	12211.006355579548	-1320.148837227137
1404.0	12196.72753303154	-1335.3202298963715
1405.0	342.48830655198554	-1128.4296762108759
1406.0	938.3144127808724	-992.1233467801727
1407.0	394.5638625022839	-940.8091354888566
1408.0	607.494650191385	-1172.6717588849413
1409.0	726.5291652556576	-633.791712804362
1410.0	442.81826888545675	-624.8595642664436
1411.0	650.0736900475495	-993.8726036183143
1412.0	866.2641986741079	-724.701400149754
1413.0	547.2158447538046	-896.8639488216613
1414.0	1117.1761163758322	-903.7500912232772
1415.0	897.9192129888332	-1171.2116634348636
1416.0	1409.7784952166403	-903.9142522195046
1417.0	1230.7462345347958	-992.2110364379909
1418.0	1702.9702044091707	-904.0345211627397
1419.0	1524.2598355928556	-992.3771915563308
1420.0	1996.2653689555482	-904.1420216669497
1421.0	1817.9660461210249	-992.5260690490073
1422.0	2289.575454063295	-904.2453338405127
1423.0	2111.7016823753474	-992.669111729987
1424.0	2582.887406789345	-904.3460937018663
1425.0	2405.441195542051	-992.8090284349358
1426.0	2876.199691829313	-904.4441983392844
1427.0	2699.1809541838943	-992.9458864048544
1428.0	3169.511934365854	-904.5400420261212
1429.0	2992.920426072486	-993.0796568642891
1430.0	3462.823918109374	-904.6342924555047
1431.0	3286.659312474146	-993.2109829294847
1432.0	3756.135823569064	-904.7273995672198
1433.0	3580.3976160028456	-993.3405049571369
1434.0	4049.4478542555576	-904.8195733041375
1435.0	3874.135523076204	-993.4685626001805
1436.0	4342.760073479883	-904.9109229273714
1437.0	4167.8731298432	-993.5952968085336
1438.0	4636.072474894721	-905.0014974276522
1439.0	4461.610443284409	-993.7207563497723
1440.0	4929.385040842299	-905.0913303547513
1441.0	4755.347451788149	-993.8449563121916
1442.0	5222.697759706141	-905.1804394532155
1443.0	5049.084148931254	-993.9679040998999
1444.0	5516.010624854367	-905.2688378183435
1445.0	5342.8205399716435	-994.0895951506112
1446.0	5809.323615847393	-905.3565412014717
1447.0	5636.556633460013	-994.2100298603606
1448.0	6102.63654583821	-905.4435655236108
1449.0	5930.292393061096	-994.3292076435761
1450.0	6395.947733134492	-905.5300908429041
1451.0	6224.027423988489	-994.4472234847563
1452.0	6689.244215291831	-905.6176394515896
1453.0	6517.759359052175	-994.5650327423742
1454.0	6982.463790688936	-905.7020218483594
1455.0	6811.479509048749	-994.687203499876
1456.0	7276.048200007904	-905.6741280001012
1457.0	7105.182776848196	-994.7291764581927
1458.0	7569.41042114421	-905.7691528206057
1459.0	7370.38848648287	-1173.857842538161
1460.0	7862.513470356159	-905.928534143571
1461.0	7692.700630141208	-994.9505521884699
1462.0	8155.817876776076	-906.0247584013401
1463.0	7986.427165347697	-995.1137443565136
1464.0	8449.132829773087	-906.104339515529
1465.0	8280.162924496191	-995.2273900948694
1466.0	8742.446368854778	-906.1811257438167
1467.0	8573.8965437299	-995.3321003006022
1468.0	9035.766544193946	-906.2568063187688
1469.0	8867.633095945948	-995.433588892775
1470.0	9329.107454374709	-906.3314997425163
1471.0	9161.384721053802	-995.5305571645622
1472.0	9622.481683548993	-906.4071053309241
1473.0	9455.170658239158	-995.6182449701815
1474.0	9915.965643772755	-906.4946277526936
1475.0	9749.017874947202	-995.6945914476868
1476.0	10210.042179919648	-906.4016903291534
1477.0	10043.202830128588	-995.7236622328425
1478.0	10339.45201819904	-994.6688870484135
1479.0	10642.20517530488	-982.5933356227785
1480.0	10618.450615435084	-1165.6387526376204
1481.0	10965.841618368771	-1032.0794423982923
1482.0	11727.261025351494	-602.5035388658307
1483.0	11733.591463804252	-578.8765681575766
1484.0	10910.158085724392	-1180.939396525426
1485.0	11197.372907723868	-1097.3171491127753
1486.0	11767.287376560571	-651.5819036443909
1487.0	11215.428186018116	-732.0753772804061
1488.0	11403.212769946906	-1243.4463091716673
1489.0	11783.683414462444	-716.7902664681205
1490.0	11795.391480284496	-704.8586390373497
1491.0	11407.14572722279	-707.3045091108901
1492.0	11330.079053618567	-619.589872058742
1493.0	11519.128520616307	-633.5853256754532
1494.0	11824.315846439067	-757.6355430829194
1495.0	11804.963811716896	-722.5095393654261
1496.0	11800.79540766644	-747.7743598947085
1497.0	11814.584748446236	-740.1191189072065
1498.0	11593.981367250175	-562.254490196271
1499.0	11509.924105997428	-590.5647107683764
1500.0	11753.521518685237	-658.9524058824512
1501.0	11790.082656871416	-728.5779547516722
1502.0	11703.81813337608	-595.7635055957884
1503.0	11570.473698429205	-580.8419738610932
1504.0	11607.088157305043	-621.7642328189135
1505.0	11739.215450770622	-649.4672630119276
1506.0	11634.899100595108	-558.9796867100958
1507.0	11749.235691555004	-615.5402426286997
1508.0	11697.291239365664	-582.3802686613453
1509.0	11701.837611820878	-559.5801362285599
1510.0	11680.66184028641	-563.0593926373687
1511.0	11720.350167275326	-564.3162745302889
1512.0	11717.819362717326	-556.1764699393126
1513.0	12161.198716729754	-1279.40643401173
1514.0	12128.091072974217	-1285.8909903606334
1515.0	11736.486637809263	-624.0294571594635
1516.0	11704.576174895403	-571.5389133766797
1517.0	11657.092021269062	-587.943097403561
1518.0	11442.837142222857	-659.060301511278
1519.0	11577.776396473893	-614.2914933641987
1520.0	11621.939004914146	-650.9197427209443
1521.0	11704.930829451056	-644.5541214406397
1522.0	11770.910505428963	-756.0390689791584
1523.0	11787.046350626455	-741.7782475577382
1524.0	11116.52352317553	-1010.2702652052685
1525.0	11717.680615162519	-593.899420696706
1526.0	11675.366263448008	-628.9428319784425
1527.0	11724.619139758603	-617.5058827252178
1528.0	11875.379115929589	-896.8316296270428
1529.0	12112.257577338853	-1217.2806050805018
1530.0	12139.5136573119	-1266.440726200973
1531.0	12108.979155103681	-1279.8516082466322
1532.0	12115.339482230624	-1235.9112437935637
1533.0	12059.911590652962	-1276.3103104583217
1534.0	12103.008014211127	-1252.361668589582
1535.0	12078.340063713484	-1219.0902550206276
1536.0	12041.624630987682	-1230.842222123693
1537.0	12087.56306503676	-1186.0067929046825
1538.0	12083.550843587429	-1243.1368239940803
1539.0	12039.639317633482	-1122.2549071003978
1540.0	12071.661166747886	-1165.0281680474661
1541.0	11998.604673506043	-1202.4222532542462
1542.0	12046.67238677815	-1146.9644076086126
1543.0	11995.128522054983	-1258.8562986489676
1544.0	12026.059604410271	-1157.7773660635976
1545.0	11991.534002172319	-1056.7764551742846
1546.0	12015.86625125904	-1090.9700865407478
1547.0	11956.750042827307	-1006.5852833950515
1548.0	11925.314854378628	-1200.7109046246703
1549.0	12003.28263231022	-1073.5536370365942
1550.0	11944.891814868186	-988.1269786653284
1551.0	11972.578908764039	-1086.2016360872688
1552.0	11989.908301983778	-1070.734158913925
1553.0	11912.045563659542	-1236.6097685681846
1554.0	11981.176894315975	-1098.6280155438228
1555.0	11911.880920696874	-937.411773967995
1556.0	11968.1259606401	-1023.5820847992449
1557.0	11891.176604337117	-904.8329224121777
1558.0	11929.21026931892	-1091.7582862839492
1559.0	11942.712878071705	-1001.3608143702253
1560.0	11937.503751406983	-976.9044167647183
1561.0	11891.471618201736	-982.7083681784565
1562.0	11871.256725223808	-871.9051572425257
1563.0	11910.083278274607	-951.7599470712818
1564.0	11807.105153196202	-1208.8305609041884
1565.0	11595.628294879212	-1187.3326712822757
1566.0	11925.684575614127	-1014.117553485133
1567.0	11891.526173936456	-922.2623072514416
1568.0	11878.147271080583	-883.4073644374063
1569.0	11849.256091473746	-833.8075082157253
1570.0	11783.631608976217	-890.1332834802457
1571.0	11860.367142570954	-852.9117374304102
1572.0	11829.315325423364	-859.7666981476954
1573.0	11846.56320236998	-847.1922241725515
1574.0	11679.28238028844	-1173.2547979376043
1575.0	11327.210790498997	-1073.7912571101533
1576.0	11287.010328159957	-912.5284727591285
1577.0	11855.52028358069	-905.4328004030698
1578.0	11520.495809039947	-1127.2915760732546
1579.0	11541.919872018398	-1063.846312426406
1580.0	11798.865045916113	-762.8976913627399
1581.0	11818.18330649465	-778.9598693904348
1582.0	11557.35926125323	-642.6881573929071
1583.0	11710.815547378026	-719.1075182143055
1584.0	11491.933051916742	-670.5999582651317
1585.0	11181.002667727798	-908.464275046989
1586.0	11344.286210838867	-692.2180316617026
1587.0	11753.977704818693	-724.164679675474
1588.0	11770.85660226795	-711.5708567148376
1589.0	11742.55627476956	-636.1590765608677
1590.0	11765.596602897507	-682.1076929718274
1591.0	11330.892335491126	-836.0815275241748
1592.0	11296.581997633366	-752.3819440740826
1593.0	10922.000521156428	-910.7235937808497
1594.0	11143.73086344372	-811.7107630183588
1595.0	11645.12540989992	-605.3304260171753
1596.0	11709.643383014372	-624.3722090660825
1597.0	11683.692713575869	-579.0811861668886
1598.0	11698.42278682082	-611.2339501057777
1599.0	11674.45450248378	-592.6548723274858
1600.0	11957.506547081357	-1061.0244731226812
1601.0	11979.982825485518	-1040.1322463033569
1602.0	11954.646859462422	-1020.1123994422851
1603.0	11949.517276394212	-1049.8548571562205
1604.0	11966.442045759371	-1037.047314829466
1605.0	11682.657681718318	-611.4243993319318
1606.0	11738.003028991703	-689.5302492230712
1607.0	11435.68226918082	-769.0518993811735
1608.0	11352.369066382822	-990.808570914786
1609.0	11761.859570944163	-1107.9511315973602
1610.0	11718.871954834094	-678.6143971945925
1611.0	11686.418814987197	-648.9342951268458
1612.0	11796.353684825977	-800.9867519529786
1613.0	11736.664170326876	-712.712141466786
1614.0	11444.645456021297	-971.3077221730806
1615.0	11514.91283878914	-717.7979217450775
1616.0	11407.13309065466	-837.6650053820782
1617.0	11729.998925805936	-763.9435150918586
1618.0	11494.353471053284	-768.0056552615073
1619.0	11576.992503020583	-680.0108870277157
1620.0	11814.24130679666	-831.0049421700957
1621.0	11779.529149532826	-771.2877529119129
1622.0	11837.723820213656	-874.7166586321758
1623.0	11533.031512756294	-814.4547394633342
1624.0	11455.527472961965	-894.6111018753267
1625.0	11697.147435437844	-1118.4445383420516
1626.0	11876.069165280054	-934.8864696503266
1627.0	11615.627610172967	-1046.7483567171791
1628.0	11795.594131489874	-822.0309259115123
1629.0	11849.75287383118	-967.0342377061625
1630.0	11834.21265073149	-893.0411915441127
1631.0	11709.070249724215	-970.9786920584726
1632.0	11837.557060486688	-946.5227455307067
1633.0	11810.317239728285	-905.6516788457569
1634.0	11855.860763331817	-926.0582555870897
1635.0	11910.532038533778	-987.9300570339589
1636.0	11874.63899237359	-956.3231113478341
1637.0	11885.386345896703	-1020.3511521486774
1638.0	11891.836696305996	-963.7382577906768
1639.0	11873.023758291676	-1104.0770710296335
1640.0	11930.397311006605	-1043.573688409364
1641.0	11909.91053193261	-1008.9040974905311
1642.0	11820.989598085313	-1167.2589718200227
1643.0	11873.092641077392	-1002.7209329849842
1644.0	11869.669477495496	-1160.567933785058
1645.0	11976.806233640375	-1159.6231995851842
1646.0	11953.420891307955	-1079.5359207315953
1647.0	11960.181704302146	-1137.3207799995496
1648.0	11932.585172225214	-1140.1025845025888
1649.0	11979.755137564212	-1115.4774997437737
1650.0	12004.243736640099	-1147.5677111081986
1651.0	11970.090829855939	-1190.8104846286508
1652.0	12050.497211434724	-1189.5548173836112
1653.0	12008.216650265305	-1229.7695210411548
1654.0	12027.135945060649	-1181.4446231661786
1655.0	12061.402730468333	-1252.2726000192717
1656.0	12055.373920602491	-1211.6051485542168
1657.0	11775.306691038699	-842.2040068573133
1658.0	11812.957850499311	-853.3796601003991
1659.0	11641.218229668011	-704.9261015664106
1660.0	11719.770336007881	-657.049106068292
1661.0	11752.978946742187	-836.1003234885223
1662.0	11753.889294272025	-749.5352551457939
1663.0	11776.459639573926	-790.0599732999126
1664.0	11561.741549256056	-718.1060187902076
1665.0	11669.086702240873	-665.254815081927
1666.0	11594.065161235014	-753.226953476645
1667.0	11612.26048585035	-680.7697329010383
1668.0	11655.196472844329	-627.5606335876109
1669.0	11698.915178427816	-696.2757774598425
1670.0	11647.316632695407	-651.0274805741914
1671.0	11638.273858817201	-739.2881903795254
1672.0	11672.666818277276	-689.3034458940523
1673.0	11881.49038181117	-1127.7348362987734
1674.0	11904.43372608613	-1172.305424084243
1675.0	11904.82747819602	-1056.5898470567456
1676.0	11801.502899956655	-1128.6179603191104
1677.0	11821.602942241392	-1012.5868646865432
1678.0	11841.716155847344	-1098.2691570150055
1679.0	11879.387826498636	-1044.4810746165174
1680.0	11848.571600639245	-994.4619489555329
1681.0	11753.59104150256	-1029.4744179756374
1682.0	11813.321169732357	-938.507777648331
1683.0	11669.503756003165	-952.5288299849841
1684.0	11628.751993015096	-829.6806801553417
1685.0	11787.107873456096	-863.6841559636541
1686.0	11753.372341941309	-805.0004638896553
1687.0	11704.23871340375	-744.9683163690582
1688.0	11575.304388564959	-905.637713455087
1689.0	11701.127996840834	-818.4775063688672
1690.0	11585.914492471105	-799.3679406333418
1691.0	11719.0381307645	-849.5552799078129
1692.0	11508.208358911972	-1003.1943999289088
1693.0	11522.754693191135	-872.4470800762489
1694.0	11728.259406281215	-793.2012024725482
1695.0	11670.461581914622	-759.9740482658872
1696.0	11903.53124598682	-1080.7522055078862
1697.0	11919.34999794631	-1118.055290342613
1698.0	11666.246966678904	-1065.7857417257248
1699.0	11571.640071226464	-959.6884130099928
1700.0	11751.309421576845	-905.919515173251
1701.0	11620.90911612522	-982.9690165937718
1702.0	11669.090384876423	-804.2255508850067
1703.0	11628.418708674108	-877.9581123641723
1704.0	11714.208346505286	-882.8400075478336
1705.0	11785.342717409607	-960.1678621187651
1706.0	11673.349031213556	-901.5686253102904
1707.0	11711.094966352204	-1020.4562636758061
1708.0	11750.016600006165	-943.0979950091963
1709.0	11786.892442278011	-997.0667134678728
1710.0	11846.7839918451	-1062.8355190530299
1711.0	11818.16634234583	-1049.5436800406394
1712.0	11773.455177335578	-1064.3104892808649
