1.0	11552.06324671798	-1964.558755632227
2.0	12524.363393412816	-1893.1121592996515
3.0	12924.112259678115	-2016.5360475501568
4.0	12927.574009783888	-2028.1675242433646
5.0	12943.247212455484	-2040.848523907477
6.0	12974.908776637965	-2065.674331734856
7.0	12990.927888993474	-2077.867030453817
8.0	12953.913887855866	-2120.074458517996
9.0	13000.517707903702	-2116.9894633848403
10.0	12958.260031991102	-2683.449301989664
11.0	12774.384445212141	-2723.1101605903677
12.0	13121.857768114403	-2170.8419473995114
13.0	12765.701186045897	-2843.401634550202
14.0	13067.729919910396	-2164.148836969201
15.0	13092.246298731841	-2169.8969146196464
16.0	13283.790047230354	-2270.4721623544915
17.0	13233.809885632663	-2237.407260283628
18.0	13250.472372316677	-2248.4550462892767
19.0	12778.252751747772	-1883.1787164562036
20.0	13217.14567643922	-2226.362936699186
21.0	13288.18641378262	-2281.7995680711324
22.0	13304.709903486839	-2293.069989538865
23.0	13281.08973951994	-2307.7134253757467
24.0	13333.513171482695	-2304.0278936676186
25.0	13305.253759634266	-2362.5775528569097
26.0	13404.162598630734	-2360.064719076862
27.0	13420.700068041537	-2371.298541444491
28.0	13470.307217049485	-2405.0021318808153
29.0	13396.802349385345	-2374.3361127023168
30.0	13286.304422646115	-2750.310844569936
31.0	13394.094126661375	-2896.1498012180928
32.0	13616.031449136202	-2522.0193113673085
33.0	13686.45117071183	-2549.7548506299236
34.0	13649.680215319378	-2544.112653985538
35.0	13549.107946175602	-2911.711007317392
36.0	13804.692141768513	-2625.148085059895
37.0	13682.313285995411	-2923.085326124172
38.0	13866.817986018461	-2692.107403555128
39.0	13798.88095502493	-2929.1469242535277
40.0	13900.626517549317	-2833.496038131642
41.0	13975.950348938015	-2728.935580344179
42.0	13954.87480815756	-2734.622436753252
43.0	13900.430493487956	-2937.0454726335975
44.0	13993.036814192814	-2849.051855838708
45.0	14062.449241183976	-2779.326621082853
46.0	13988.525982424797	-2945.659211933655
47.0	14131.994099950467	-2818.994913737893
48.0	14065.649296186564	-2951.428340187383
49.0	14146.96844934286	-2845.301863405426
50.0	14184.392220550939	-2848.3808674342085
51.0	14133.642721126182	-2956.026183651315
52.0	14192.891846201377	-2960.854195726877
53.0	14271.890198815106	-2896.963750817475
54.0	14244.612865052224	-2965.233319477393
55.0	14318.979124921118	-2914.9663438441844
56.0	14290.9516361001	-2968.7478870129357
57.0	14332.17030659524	-2970.583959599025
58.0	14350.196911731027	-2981.018453372215
59.0	14389.086162091631	-2953.305713234035
60.0	14382.815579474112	-2981.8936176996067
61.0	14414.50751897093	-2980.6436704604203
62.0	14437.595914714862	-2983.822842951347
63.0	84.95864598630526	-2904.396816941971
64.0	192.01302191773547	-2791.1834837987003
65.0	97.55324370286786	-1954.7795533182073
66.0	1023.3934067946044	-1951.4039245739566
67.0	2780.030394702128	-1953.0831134491807
68.0	2926.1093280316163	-2046.2138281496955
69.0	3218.7412940275112	-2046.5820874566205
70.0	3511.3732647938427	-2046.9513935205132
71.0	3804.659049541667	-2047.3504637889673
72.0	4099.010392256006	-2047.7121234284386
73.0	4393.316773177371	-2048.070729017661
74.0	4686.898476229341	-2048.4731403531655
75.0	4980.17861372723	-2048.855881995593
76.0	5273.438514872014	-2049.239101472399
77.0	5566.697776520363	-2049.62710374899
78.0	5859.944725301043	-2050.028243650469
79.0	6153.222221001801	-2050.4498172250114
80.0	6446.512876779662	-2050.8816994866097
81.0	6739.755968384091	-2051.298129864298
82.0	7032.975367686267	-2051.6670177446886
83.0	7326.237715571831	-2051.9832003476063
84.0	7619.55129809007	-2052.298749982285
85.0	7912.842490053216	-2052.6484494797883
86.0	8206.095672676807	-2053.0287347516182
87.0	8499.339668318706	-2053.4484810855397
88.0	8792.594463895215	-2053.8983180103983
89.0	9085.851965159683	-2054.413905000267
90.0	9378.281409981328	-2054.989216477381
91.0	9663.72873922864	-2048.695663968219
92.0	9942.965674857798	-2049.10046312349
93.0	10228.411392130956	-2055.9902436066727
94.0	10520.889175217746	-2055.9153316676807
95.0	10814.580599790237	-2055.9652134119256
96.0	13350.093960987348	-2315.20047187738
97.0	13267.10654131098	-2259.510299646425
98.0	14458.607221566308	-2987.0005854509636
99.0	12893.53127096045	-1990.5808358765314
100.0	11684.995684541465	-2039.552661414479
101.0	12064.039375787574	-1973.7245707849663
102.0	12971.096240803008	-2054.1652127147095
103.0	13150.545476259626	-2182.0191240656727
104.0	13006.231375851654	-2868.1281473149247
105.0	13498.922574162987	-2416.2481600403503
106.0	13631.670989859544	-2505.585369413488
107.0	13749.020532829862	-2582.028105929567
108.0	13850.80530022946	-2645.718519018947
109.0	13936.377299389458	-2697.554660608958
110.0	14022.55248182251	-2748.385326662865
111.0	14091.85334711092	-2788.3674738624245
112.0	14161.487061266447	-2827.8281171437557
113.0	14213.877421717325	-2857.0586217534296
114.0	14248.840853056397	-2876.4549118606724
115.0	14301.731795946112	-2904.7302793684885
116.0	14336.522088132093	-2924.5540482986657
117.0	14367.01934917065	-2946.068005759684
118.0	14406.227870587027	-2967.9385342556475
119.0	14427.088522429955	-2974.2954966613447
120.0	14446.889742873484	-2980.6494222160877
121.0	374.9529263888796	-2875.215937344186
122.0	691.1428204101381	-2893.3818247705426
123.0	996.4655776653336	-2894.6117197276403
124.0	87.82807605075261	-2308.470057007902
125.0	235.48139869396596	-2043.831362402769
126.0	1294.9142700514465	-2894.6590589305183
127.0	1593.3629398490987	-2894.6368800408213
128.0	1891.8116420013084	-2894.7245971798343
129.0	2190.2603214977003	-2894.731601418724
130.0	2488.7090062518982	-2894.7646659187353
131.0	2340.8454150428056	-2045.481409890337
132.0	2787.1576925252243	-2894.797621948945
133.0	3085.606378156755	-2894.830472490412
134.0	3384.0550648643875	-2894.863214198373
135.0	3682.503749580593	-2894.8958587474535
136.0	3980.9524342302525	-2894.928402956177
137.0	4279.4011177776165	-2894.960858984538
138.0	4577.849809516504	-2895.001835044243
139.0	4876.2985300030805	-2895.080649407451
140.0	5174.7472192219875	-2895.1160173700214
141.0	5473.195916621155	-2895.1566771565267
142.0	5771.644603684522	-2895.1912260701865
143.0	6070.0932988548075	-2895.229537998459
144.0	6368.543890752815	-2895.2695782195296
145.0	6666.99438266243	-2895.307374732231
146.0	6965.447813094379	-2895.359828598097
147.0	7263.888044531897	-2895.3502161189786
148.0	7562.339322926739	-2895.391053078796
149.0	7860.8030607502305	-2895.488804039074
150.0	8159.261081106003	-2895.5550095922154
151.0	8457.711476904187	-2895.5915532446775
152.0	8756.161346321927	-2895.625252353411
153.0	9054.611608759466	-2895.6593483132624
154.0	9353.062779982814	-2895.6961474497534
155.0	9651.5129247633	-2895.7302935923003
156.0	9949.962967729874	-2895.7641250962733
157.0	11442.173236261084	-2895.7413445461293
158.0	10248.412962749053	-2895.7976281117917
159.0	10546.862789957988	-2895.8304307028598
160.0	10845.307188881832	-2895.832283681759
161.0	11143.720870255393	-2895.679992170977
162.0	11413.704797372964	-2057.351309433899
163.0	11740.622324980146	-2895.7700381534983
164.0	12039.101504122467	-2895.815443151591
165.0	11895.097316524365	-2001.5530273495513
166.0	12339.506031717612	-2906.16351525676
167.0	12492.46342828878	-1919.3891183379667
168.0	12908.74877849157	-2003.6448972141125
169.0	12558.45416338882	-1911.4531491212308
170.0	12881.503509834634	-1989.075363573463
171.0	12852.064695230232	-1962.6126888993606
172.0	12823.271585026072	-1935.6357923825954
173.0	12742.193729870138	-1880.741895059344
174.0	12711.879212246806	-1882.4657621490835
175.0	12780.628146854962	-1894.8950023002105
176.0	12794.809648535049	-1908.4726779685652
177.0	12676.717486198037	-1884.171612568237
178.0	12634.715852225667	-1886.3687023800303
179.0	12835.114439543426	-1937.4541839861697
180.0	12629.211677658108	-2911.2031466078465
181.0	13019.134868451243	-2090.3851241955576
182.0	12863.92959043565	-1964.2716996281504
183.0	13035.378731311537	-2102.193377079357
184.0	12568.83539534507	-1955.0501079113026
185.0	12939.661718958841	-2029.2702193725481
186.0	13051.625695832025	-2113.8380643779856
187.0	12861.1729947338	-2048.568049535406
188.0	12955.322462218644	-2041.7966637932802
189.0	12950.227014208831	-2066.717994819933
190.0	12917.461796550118	-2040.5271829672536
191.0	12258.496073115763	-1908.7396899708035
192.0	13067.95545334543	-2125.4198179505124
193.0	12987.014551289225	-2066.39556407155
194.0	13084.414179731788	-2136.923495476984
195.0	13003.024543928666	-2078.464010063052
196.0	13100.86217683975	-2148.283897830554
197.0	13007.0335098652	-2089.8904019185975
198.0	13117.372935375193	-2159.59892952296
199.0	13023.276179584138	-2101.7840520725454
200.0	13047.926190787783	-2150.2037865830084
201.0	13039.56717703354	-2113.5222044549196
202.0	13167.166596173824	-2193.156832531596
203.0	13055.864158739301	-2125.1451826361167
204.0	13183.827239557055	-2204.2581703880132
205.0	13072.300933982753	-2136.728595281563
206.0	13200.483048932458	-2215.3150031913865
207.0	13088.791933560808	-2148.1822754148457
208.0	13124.870527121408	-2191.8119374544717
209.0	13105.278445494556	-2159.528826475862
210.0	13133.962758136484	-2170.8544190799093
211.0	12889.648330904032	-2922.163816682551
212.0	13128.590614838286	-2205.021424635095
213.0	13034.109303968891	-2129.0909839497003
214.0	13399.718348997436	-2348.818737368561
215.0	13161.191771242457	-2226.938750397259
216.0	13155.073845469093	-2193.223771253424
217.0	13179.66629063247	-2228.568038364068
218.0	13171.730688226642	-2204.3589809641376
219.0	13277.249120403472	-2293.414482162112
220.0	13188.401467859207	-2215.443893940146
221.0	13366.641443491599	-2326.380927340626
222.0	13139.222751183852	-2673.6576799876257
223.0	13255.020138345839	-2259.645217146921
224.0	13205.060381494572	-2226.4957213122907
225.0	13238.382300694298	-2248.5950897301036
226.0	13018.69351475263	-2765.7726632935396
227.0	12766.250297977887	-1878.643813583232
228.0	13220.978548581988	-2267.2277506401915
229.0	13221.72138154434	-2237.545531394196
230.0	13383.131747276093	-2337.65762584504
231.0	13300.228725073392	-2281.819596385385
232.0	13316.923038360035	-2292.8693513308062
233.0	13449.32076058699	-2382.5349343852927
234.0	13337.995567826183	-2315.282361734145
235.0	13321.40187541416	-2304.125950208459
236.0	13363.51666577918	-2362.7996754087158
237.0	13465.852431217018	-2393.7752843480653
238.0	13371.044276450173	-2337.6878632376242
239.0	13213.699442872354	-2795.80353960371
240.0	13387.57712037908	-2348.901885605296
241.0	13305.904552547327	-2939.904441552797
242.0	13416.254809100188	-2360.054837014078
243.0	13515.467115191947	-2427.4763656760315
244.0	13432.78898797759	-2371.2944782319923
245.0	13429.228577671887	-2395.9803599855095
246.0	13532.016865499178	-2438.6947468302874
247.0	13437.23645224087	-2382.5330860138442
248.0	13216.69545013927	-2647.391909281491
249.0	13548.572966300102	-2449.9020972997246
250.0	13453.771322461229	-2393.767394933646
251.0	13462.152815642958	-2418.307815166025
252.0	13565.168879009632	-2461.1017563095265
253.0	13482.386443823549	-2405.014147133738
254.0	13476.872024898214	-2439.054888550816
255.0	13112.164228342648	-2935.9594845311935
256.0	13665.068400943373	-2527.656193242148
257.0	13310.52412811269	-2327.497167471465
258.0	13581.763824110989	-2472.2583987235816
259.0	13503.386311137554	-2427.4664507125804
260.0	13598.366408559998	-2483.3943237958033
261.0	13519.93483992437	-2438.6930872314556
262.0	13615.020167590837	-2494.516710056973
263.0	13536.484777966978	-2449.9127211832515
264.0	13561.486297360248	-2485.5753312459906
265.0	13553.069093671003	-2461.1308575468424
266.0	13648.334376060708	-2516.6297622545103
267.0	13569.678488389518	-2472.3186470552114
268.0	13586.278765754616	-2483.4661718126204
269.0	13681.792604099406	-2538.6091799063756
270.0	13602.57417451389	-2524.1396864618255
271.0	13602.920105842777	-2494.606058881669
272.0	13473.987845322887	-2946.2885218687115
273.0	13543.212069826206	-2483.684640259194
274.0	13765.938899832216	-2592.7777573064327
275.0	13715.364052524774	-2560.4330563904464
276.0	13619.589821413812	-2505.7083463028544
277.0	13732.178503185814	-2571.245786994688
278.0	13652.96419573581	-2527.8162315680343
279.0	13683.102857629603	-2566.265045678829
280.0	13669.716153447744	-2538.814719762848
281.0	13703.10578305703	-2589.6553476498525
282.0	13698.537380876172	-2549.5350155348974
283.0	13782.845872977625	-2603.4453126659732
284.0	13703.259095212177	-2560.6854344238054
285.0	13716.78331875935	-2587.894402058409
286.0	13799.782944822831	-2614.08409324236
287.0	13720.105620850483	-2571.550850442321
288.0	13616.974283150494	-2955.48484716936
289.0	13728.004663934995	-2595.0946988743203
290.0	13557.784065359074	-2845.4009555003013
291.0	13867.911081855678	-2656.120390317977
292.0	13753.838410151453	-2593.1348941954707
293.0	13833.77973409457	-2635.216276012445
294.0	13784.587446787458	-2631.1721498651327
295.0	13770.775092257876	-2603.8537695335435
296.0	13829.495643516128	-2692.3385329884445
297.0	13787.700312565918	-2614.5095758256193
298.0	13884.962499673873	-2666.579146383865
299.0	13816.786059991851	-2624.6873190753945
300.0	13839.978556887609	-2712.205465992491
301.0	13902.070872473485	-2676.951047579116
302.0	13821.711696698187	-2635.7230504621234
303.0	13741.993207061061	-2957.6794250863586
304.0	13829.728284520474	-2658.942495906407
305.0	13953.562669347108	-2707.8029162790112
306.0	13855.823788332978	-2656.6797482068164
307.0	13919.227146057725	-2687.282649204579
308.0	13887.180886478747	-2704.9352939291
309.0	13872.920990966959	-2667.117448771913
310.0	13889.994440701616	-2677.5684039751754
311.0	13970.787140464701	-2718.0104321420476
312.0	13900.429882461154	-2702.4872838590363
313.0	13907.147018130558	-2687.9346598977622
314.0	13850.558228935608	-2961.560841780142
315.0	13987.140172512736	-2753.3843259421324
316.0	14005.26440079789	-2738.2953403362258
317.0	13941.49010229887	-2708.508336032031
318.0	13972.37598131452	-2754.9457086348652
319.0	13958.714328545606	-2718.7495895274456
320.0	14039.83820729656	-2758.427535163594
321.0	13988.007629336817	-2728.164068556753
322.0	14057.160623040036	-2768.4493260569743
323.0	13993.195913437283	-2739.0838941921666
324.0	13945.44953158375	-2965.590511031231
325.0	14055.258250101491	-2793.23635672793
326.0	14032.54329218533	-2779.8208096558155
327.0	14010.486899054224	-2749.206347351439
328.0	14109.236127926704	-2798.2863686824226
329.0	14045.09685345322	-2769.3151457415684
330.0	14126.637066665213	-2808.163769337063
331.0	14074.507593526801	-2778.4291734324765
332.0	14027.589048460568	-2970.1855227702836
333.0	14070.943342960192	-2812.8611658936375
334.0	14097.177227896063	-2799.224737808301
335.0	14065.36568328937	-2919.056809093976
336.0	14114.585758024026	-2809.1323820335297
337.0	14178.949526044287	-2837.6011818457514
338.0	14093.34469175263	-2902.4836957977514
339.0	14144.038013451225	-2818.005322863215
340.0	14100.444947449527	-2971.3692198689823
341.0	14112.505164345532	-2825.0457857866145
342.0	14181.673607254073	-2864.656111860158
343.0	14149.432732714855	-2828.83427365763
344.0	14231.355344665863	-2866.7640701110595
345.0	14196.40851991729	-2847.3382048553726
346.0	14163.96416024372	-2974.7917792149724
347.0	14137.712603696194	-2927.4483756424866
348.0	14210.909881247753	-2923.325210110825
349.0	14219.33117910196	-2867.816327278189
350.0	14266.375785402559	-2886.133537254714
351.0	14219.632030327657	-2976.2046060955618
352.0	14254.324905549767	-2887.232277847106
353.0	14263.406883392954	-2910.326766261511
354.0	14229.229711078799	-2890.648779140856
355.0	14307.249366882645	-2915.4691919821294
356.0	14283.919138933472	-2895.8288651620155
357.0	14268.276205447823	-2979.177373225481
358.0	14247.146501071431	-2943.548400111924
359.0	14329.912995331915	-2946.6094545178457
360.0	14312.190726858084	-2979.724860056252
361.0	14269.29105269516	-2939.770987585112
362.0	14289.432847328228	-2951.026420738035
363.0	14353.6686401487	-2933.6272429565447
364.0	14372.434076036501	-2956.8644235545344
365.0	14324.497762848745	-2925.703160620695
366.0	14337.001736638345	-2955.372363859036
367.0	14354.57864004981	-2946.738843404857
368.0	14367.029606784095	-2972.7483170159708
369.0	14394.075767445154	-2969.1908854757075
370.0	107.05437593143022	-2610.245056371438
371.0	731.5095446092756	-1950.6271921085602
372.0	430.58788609970156	-1946.3703163246673
373.0	1316.2848576152035	-1951.6411095680326
374.0	381.7160835665915	-2464.2101384569164
375.0	1169.0393399753946	-2044.7320291815677
376.0	1609.4470337499272	-1951.6887855036155
377.0	1462.4332358221138	-2044.6853908711212
378.0	1902.0928690292449	-1952.038659505888
379.0	1755.5815161275523	-2044.751441568871
380.0	2194.7387096407433	-1952.3862200699784
381.0	2048.213460909765	-2045.1173768951287
382.0	2487.384554270888	-1952.7341917412014
383.0	3072.6762444155215	-1953.4327151015684
384.0	3365.3220918066268	-1953.7828719962108
385.0	3657.967946290457	-1954.1335204055665
386.0	3518.399397651847	-2234.61879776195
387.0	3951.267607663054	-1954.5134415047705
388.0	3813.6083350326758	-2234.9069144096316
389.0	4244.979020113398	-1954.8266792851434
390.0	4109.499187561048	-2235.1997658380096
391.0	4538.233719693023	-1955.2035463340983
392.0	4831.220454273972	-1955.5605898607528
393.0	5124.173588299514	-1955.9177872166313
394.0	5417.14008652736	-1956.2753085776646
395.0	5710.092581056466	-1956.637288733328
396.0	6003.046766416643	-1957.0079477192487
397.0	6296.029807865827	-1957.390361547975
398.0	6588.9971533031085	-1957.7713292209526
399.0	6881.932630578859	-1958.1382911657693
400.0	7174.87628371389	-1958.471716341448
401.0	7467.854709573025	-1958.785973008792
402.0	7760.849597340729	-1959.1187652162323
403.0	8053.805632644774	-1959.4671717464007
404.0	8346.762511072926	-1959.830549728168
405.0	8639.709359395274	-1960.2184173204275
406.0	8932.677037758038	-1960.6118858931322
407.0	9225.626591768347	-1961.0655035504012
408.0	9517.766213688288	-1961.518696610352
409.0	9803.733652124261	-1955.1034502813445
410.0	10089.662880426049	-1962.254995005728
411.0	10381.839100506022	-1962.3247300046326
412.0	10674.800394621443	-1962.511582306841
413.0	11492.146953193616	-2337.4135293969593
414.0	10968.190256187116	-1962.7061109889826
415.0	11263.01272561521	-1962.6940337255735
416.0	13328.738806074063	-2328.1904974256286
417.0	13354.55967173298	-2326.441256506992
418.0	13271.692350310748	-2270.589380588916
419.0	13245.691953741043	-2272.8544780154775
420.0	12733.826854069426	-1911.9153565601537
421.0	12896.713666745165	-2002.2790571301912
422.0	11787.646687053018	-1945.1823504904369
423.0	12131.173829424088	-1917.5516485747912
424.0	12190.166378784268	-2812.083106732436
425.0	12363.533366989852	-1902.6713868429185
426.0	12969.350079670074	-2080.9402534413753
427.0	12959.011179588137	-2053.3304973976283
428.0	13157.83039713878	-2213.9154165494615
429.0	13138.467414343555	-2182.0661490585107
430.0	13213.028880778378	-2885.843002534926
431.0	13234.608090578282	-2265.4876912246327
432.0	13378.675692564611	-2362.198622957317
433.0	13506.034553404135	-2448.200673636478
434.0	13486.844075836265	-2416.235473886019
435.0	13627.136907924005	-2529.3907208347864
436.0	13636.247302610072	-2516.765427363987
437.0	13750.802975662271	-2609.4988855700362
438.0	13736.935813549571	-2582.3497914354107
439.0	13851.538863485608	-2672.2506089643925
440.0	13838.725487784644	-2646.242563943264
441.0	13941.467252822544	-2737.438792945443
442.0	13924.31627368276	-2698.242718912888
443.0	14020.997236242254	-2773.1241766605185
444.0	14027.78523168017	-2759.276738024413
445.0	14099.215557979505	-2828.102149570596
446.0	14079.80502320893	-2789.28923470745
447.0	14167.957027599856	-2867.0793251839427
448.0	14166.915738414196	-2838.6357497209224
449.0	14201.859549508104	-2858.10127420975
450.0	14217.584722897576	-2884.1673351114428
451.0	14251.67938143487	-2903.8092696601543
452.0	14236.805837292008	-2877.526325244268
453.0	14289.722611022851	-2905.9373222131885
454.0	14298.35837760767	-2926.3883522821566
455.0	14318.623011931806	-2940.7160003044264
456.0	14341.637702482505	-2934.7883259393234
457.0	515.77930108318	-2780.133745828684
458.0	998.7429825938707	-2517.9501014665016
459.0	576.7779684917701	-2039.3475019530167
460.0	840.348602462282	-2799.492995350727
461.0	194.88245198218283	-2474.7111126264595
462.0	568.5051126704433	-2224.833987635775
463.0	412.5898626262594	-2289.338846351415
464.0	225.7562310418507	-2201.3134067467586
465.0	876.9237580780697	-2044.0496109622006
466.0	842.3698063732276	-2610.9985952979264
467.0	1160.9845620651722	-2233.306231620801
468.0	1145.6738600658082	-2800.7335117550224
469.0	1455.9660420814737	-2233.083854378907
470.0	1444.1189203737667	-2800.7219535608306
471.0	1751.0957017977137	-2232.9960609633786
472.0	1742.5639904478223	-2800.750773302774
473.0	2045.6081440108403	-2233.33474486854
474.0	2041.0090702206169	-2800.8087761733045
475.0	2786.9767337574326	-2518.2829896621565
476.0	2340.1789466592977	-2233.589116302355
477.0	2339.4541325954	-2800.812126404833
478.0	2784.466904225121	-2328.970459770848
479.0	2633.477368995587	-2045.846804029434
480.0	2637.899201747118	-2800.841428427682
481.0	3085.4100005824475	-2518.291754312431
482.0	2936.344271776168	-2800.870516491986
483.0	3383.843277103841	-2518.2998113097615
484.0	3234.7893422395246	-2800.899390234042
485.0	3673.9433646394696	-2329.3573752676675
486.0	3533.234411787557	-2800.928057983711
487.0	3970.705688459105	-2329.5575345350057
488.0	3831.679479277615	-2800.9565282341423
489.0	4404.638521497895	-2235.571064171665
490.0	4130.124545598833	-2800.984809963855
491.0	4266.789563738966	-2329.8146568487177
492.0	4699.260071871947	-2235.944551906259
493.0	4428.569619009278	-2801.0215235445485
494.0	4561.917063656153	-2330.1752930411963
495.0	4994.125809098049	-2236.2954990846306
496.0	4727.014729358935	-2801.1045954600886
497.0	4857.529245287397	-2330.4716185028847
498.0	5289.000636577126	-2236.6219330382296
499.0	5025.459837188612	-2801.1820592784948
500.0	5153.682905375445	-2330.7402358714994
501.0	5583.8886699771465	-2236.9601894706834
502.0	5323.904921930881	-2801.221368520198
503.0	5449.893101689256	-2330.991225865188
504.0	5878.761435740654	-2237.3025842047373
505.0	5622.350004517608	-2801.259858712991
506.0	5746.100184952861	-2331.244715009289
507.0	6173.689563642012	-2237.6868369791314
508.0	5920.795084875454	-2801.296001047551
509.0	6042.330819496466	-2331.5193080276367
510.0	6468.620689620864	-2238.0612985882185
511.0	6219.24207006794	-2801.3376346895216
512.0	6338.60496334724	-2331.806980403704
513.0	6763.4720613156705	-2238.4209244075105
514.0	6517.690851999756	-2801.3787529159213
515.0	6634.821059075893	-2332.073722865774
516.0	7058.282737573318	-2238.7021072581247
517.0	6816.142472465514	-2801.4322847871167
518.0	6930.956093397489	-2332.296175222418
519.0	7353.195383885439	-2238.905153060868
520.0	7114.583832459176	-2801.4384076664915
521.0	7227.141321914547	-2332.4287585681463
522.0	7648.212392476996	-2239.128057646143
523.0	7413.023040415729	-2801.432913639818
524.0	7523.473472273559	-2332.5372333859123
525.0	7943.161333869682	-2239.3816176242476
526.0	7711.485754758255	-2801.534783052541
527.0	7819.829535544122	-2332.6812410245507
528.0	8116.1032034538475	-2332.8134847305214
529.0	8009.955211061712	-2801.662021058588
530.0	8238.074399669418	-2239.6418795912796
531.0	8412.371812989664	-2332.9443776915064
532.0	8308.411325339863	-2801.7280517568192
533.0	8532.970243242837	-2239.9491642092166
534.0	8708.646899880585	-2333.1026156460716
535.0	8606.859288679982	-2801.761576010642
536.0	8827.901429456397	-2240.2818332123657
537.0	9005.144300227172	-2333.26349293622
538.0	8905.307118659453	-2801.7926525718544
539.0	9123.012262067634	-2240.6819968413874
540.0	9302.838524295248	-2333.4594977998163
541.0	9203.756250444536	-2801.826829160825
542.0	9418.33304560028	-2241.115118885675
543.0	9711.34507092333	-2229.6010517246395
544.0	9502.205264572558	-2801.86105593249
545.0	9605.43418100193	-2328.5499867750664
546.0	9893.02876284962	-2229.895351133209
547.0	9800.653150443812	-2801.8923150716378
548.0	11678.88104725488	-2336.154789026559
549.0	10994.396109584637	-2801.76329820631
550.0	10185.9663182723	-2242.3977217055217
551.0	10099.100886553759	-2801.922931083757
552.0	10481.14999733999	-2242.3612567907226
553.0	10397.548406906068	-2801.952518182971
554.0	11000.455585767064	-2614.4515271317255
555.0	10776.624480316459	-2242.376882227098
556.0	10695.990331163039	-2801.9504552455655
557.0	11074.586123766881	-2241.893338332773
558.0	11292.809855088082	-2801.6356405633087
559.0	11299.141671062185	-2613.1463328434425
560.0	11110.672591775896	-2055.8167765665507
561.0	11591.25900793703	-2801.6889680384575
562.0	11448.397922077107	-2522.100234921772
563.0	11931.91047687881	-2134.4210245611976
564.0	12451.35039381014	-1897.4038966841063
565.0	12317.798437695305	-1940.4869165723487
566.0	12546.829630561473	-1988.9002776525576
567.0	11889.734973922607	-2801.7263481365467
568.0	12224.634592080421	-2041.918665992863
569.0	11975.92668488281	-1926.8012521673802
570.0	12182.273956025683	-2118.95956664231
571.0	12427.241015905072	-1991.6699933583798
572.0	12199.008632171863	-2646.9358176987425
573.0	12488.288073618407	-2827.4348869237674
574.0	12203.360973320705	-1955.5007500720437
575.0	12394.7856765272	-2040.7493675697315
576.0	12412.896468199344	-1929.0403935457218
577.0	12489.277662672619	-2687.000538586774
578.0	12901.77647881693	-2027.3014896829052
579.0	12912.05458989182	-2015.2967189700491
580.0	12584.966368622445	-1889.5445273996247
581.0	12867.345019794377	-1997.5771121620462
582.0	12878.549636763339	-1977.3958605353844
583.0	12649.308144281784	-1951.978813441956
584.0	12849.463606843541	-1950.8720599949484
585.0	12806.607642077217	-1910.34020088068
586.0	12820.801177314397	-1923.903270959611
587.0	12762.207678788383	-1907.624392163106
588.0	12756.21329412686	-1887.9540936685582
589.0	12816.500382340315	-1962.8725488534444
590.0	12729.006222289529	-1891.8068112269132
591.0	12792.43019591856	-1896.7590479632233
592.0	12784.080086503784	-1919.077037228625
593.0	12808.993101125276	-1922.0479048896298
594.0	12789.14598287164	-1936.2974792114237
595.0	12612.739757098243	-1904.64618458098
596.0	12696.161482445294	-1895.2734908374298
597.0	12840.129108100698	-1972.7351690158837
598.0	12802.261003950965	-1937.4008239603143
599.0	12702.718819379314	-1923.5797522589291
600.0	12837.638457600477	-1949.149784388407
601.0	12657.904768569328	-1899.2205011000935
602.0	12663.770807314475	-1928.5269310574506
603.0	12804.72932502839	-1978.162876581696
604.0	12866.642856244298	-1975.9115941351263
605.0	14304.2133847292	-2940.898343827943
606.0	14286.676138634813	-2920.0581571354396
607.0	12933.432490938454	-2053.5339054107203
608.0	12774.620077746602	-1910.0303979217867
609.0	12689.140861877206	-1941.784303947093
610.0	12753.008746311561	-1920.520738887132
611.0	12857.365599530005	-1988.7717627960694
612.0	12776.413386700631	-1952.4084288567046
613.0	12723.25718096072	-1930.880568903823
614.0	12738.093998756698	-1952.1751352598483
615.0	12811.79966176611	-1946.4768637279092
616.0	12885.285556611329	-2014.2198869501208
617.0	12694.712534592692	-1976.6692468730234
618.0	12830.496323657324	-1963.727077910368
619.0	12842.716746591823	-1987.2543484056168
620.0	12668.764384250208	-1984.634818012338
621.0	12621.466010409209	-1940.9498656855485
622.0	11883.832682707434	-2611.9538210413652
623.0	12624.761159480558	-2012.027267112829
624.0	12504.548433481192	-1971.5802779008015
625.0	12316.07500950835	-2391.1889565274982
626.0	12311.07732957274	-2170.5928617061986
627.0	12334.706199526923	-2015.935297486504
628.0	12042.041466294888	-2540.8956270227154
629.0	12042.566353079135	-2174.6592515257266
630.0	11591.151877778953	-2616.5371661339664
631.0	11193.582378411746	-2333.571971344491
632.0	10702.111012803105	-2614.875530975687
633.0	10857.487346704327	-2521.4455883372952
634.0	10894.14766870432	-2335.1943415703777
635.0	10403.816887064555	-2614.813589976717
636.0	10559.251951756543	-2521.6165782267276
637.0	10597.105097269907	-2335.369176245056
638.0	10104.594327653753	-2614.6472956090656
639.0	11156.112162411924	-2519.8789133765263
640.0	11380.360918178514	-2242.152685286595
641.0	11752.112209779722	-2222.9975736382826
642.0	11734.612903606894	-2520.8457091538257
643.0	10260.174884007536	-2521.383064430847
644.0	10299.654848769607	-2335.1781332265236
645.0	9800.585610316686	-2608.9058292635723
646.0	9955.38886870274	-2515.5020038135167
647.0	9997.280894559213	-2329.4573611142955
648.0	9496.503885292097	-2613.9968245320542
649.0	9645.744005355707	-2514.8795763837984
650.0	9197.094389375468	-2614.006526948971
651.0	9340.699539633286	-2520.0116138374633
652.0	8898.722783166022	-2613.9895134766025
653.0	9041.365412196968	-2520.0359070061563
654.0	8600.529419471897	-2613.9773445928554
655.0	8743.247141620415	-2520.037881840372
656.0	8302.360465122661	-2613.9580218107726
657.0	8445.330747478902	-2520.0372918808444
658.0	8004.175324590765	-2613.9137541730956
659.0	8147.4303344178525	-2520.0367127606764
660.0	7705.978975780173	-2613.784395442203
661.0	7849.516395301201	-2519.9901495432437
662.0	7407.74369228673	-2613.6769108346393
663.0	7551.553195819656	-2519.884662663279
664.0	7109.585042826019	-2613.6972814172423
665.0	7253.609906769742	-2519.8530870645504
666.0	6811.48326279929	-2613.6806033233993
667.0	6955.789813794999	-2519.867020885131
668.0	6513.3542191655515	-2613.5856157663566
669.0	6657.998540162002	-2519.7625561189493
670.0	6215.195823955147	-2613.5036579482235
671.0	6360.161011805819	-2519.6424643286664
672.0	5917.029063484461	-2613.4010848621565
673.0	6062.281031351023	-2519.5006450717665
674.0	5618.88902306619	-2613.3254274507776
675.0	5764.417600842112	-2519.3618786225784
676.0	5320.746025650192	-2613.2384228578776
677.0	5466.5760388890485	-2519.2393002319927
678.0	5022.616871496032	-2613.1576388951376
679.0	5168.745357248718	-2519.108651324343
680.0	4724.517020860541	-2613.013709296543
681.0	4870.957855812107	-2518.9653428605475
682.0	4426.962920111205	-2612.861300737668
683.0	4573.745402120038	-2518.7507260738166
684.0	4129.615750607678	-2612.7136341682967
685.0	4277.28562388839	-2518.5294603821003
686.0	3831.562031394829	-2612.655900405434
687.0	3980.326191356311	-2518.3565993319103
688.0	3533.1246681941666	-2612.640123531531
689.0	3682.2765581044164	-2518.307296466565
690.0	3223.8442693893485	-2234.3602179580503
691.0	3234.687298072369	-2612.6239217976104
692.0	3377.451200026468	-2329.228406739078
693.0	2929.289157231058	-2234.102437590251
694.0	2936.249938369017	-2612.6072667504363
695.0	3080.9590489768	-2329.099455043554
696.0	2637.8125763864773	-2612.590045882443
697.0	2634.734049319138	-2233.845540910545
698.0	2339.3752154501017	-2612.5714531462563
699.0	2488.54346374596	-2518.2726101149196
700.0	2487.9747662109316	-2328.8406350343303
701.0	2040.9221614823025	-2612.579504231877
702.0	2190.094495614087	-2518.2616562187195
703.0	2191.4669243583107	-2328.711294455407
704.0	1742.5274412009956	-2612.4504925381984
705.0	1891.688184016167	-2518.195044473831
706.0	1895.0017378004814	-2328.5006468738065
707.0	1444.0318486385393	-2612.4772566652887
708.0	1593.2393188670442	-2518.0919023807037
709.0	1598.4940256794482	-2328.3318684059086
710.0	1145.9300610833998	-2612.566293546684
711.0	868.7031261388001	-2232.394891801216
712.0	519.6730281964446	-2588.6822896236904
713.0	1295.0833993338103	-2518.2471438266384
714.0	1301.762885964341	-2328.6137755150517
715.0	715.016056848679	-2324.458958630334
716.0	697.0577514343482	-2513.435968512749
717.0	1007.1179969451126	-2328.3234078522055
718.0	12296.677453707096	-2070.605986805778
719.0	12026.262794917087	-2394.6814671898755
720.0	12093.865883629454	-2088.7145729316658
721.0	12238.18086839817	-2210.037279008898
722.0	11891.57637264572	-2261.4952599258872
723.0	12116.460894074085	-2326.3709644543615
724.0	12980.065188497038	-2089.098654109139
725.0	12867.944670786355	-2011.023414285044
726.0	14231.32034871093	-2926.1613841538037
727.0	14272.389351123275	-2923.3127155283023
728.0	14193.320603042686	-2871.131014354478
729.0	14238.619202728287	-2906.1543575703085
730.0	14167.542770975788	-2921.6950167384734
731.0	14192.400574363433	-2936.335241259207
732.0	14198.394104196203	-2902.3489145694894
733.0	14203.592019047523	-2886.4393697314117
734.0	14159.09235416469	-2885.402473770437
735.0	14158.641853266634	-2851.838648633164
736.0	14124.115609758874	-2831.62293764171
737.0	14125.617445006523	-2864.0246853600656
738.0	14173.434395621729	-2902.1269639322054
739.0	14133.695239887636	-2847.100936514828
740.0	14103.782674013966	-2862.438490028759
741.0	14089.23725162736	-2813.12711494339
742.0	13993.773893159581	-2908.0253859152053
743.0	14057.920057343481	-2828.906416371657
744.0	14032.55334629816	-2900.180165658426
745.0	14066.834995326906	-2799.8805496035734
746.0	14003.957395161835	-2773.167017114709
747.0	13903.10208196425	-2895.3888250649034
748.0	14037.416070689658	-2792.864725616298
749.0	14020.438118471371	-2850.8548442528713
750.0	13992.797329508488	-2787.84770104362
751.0	13940.048526993409	-2874.8515762043917
752.0	13998.67980783146	-2760.1405991671777
753.0	13915.691801029068	-2722.4385431955834
754.0	13966.374441840264	-2741.4167886723258
755.0	13933.234206162351	-2722.2713654726563
756.0	13803.287771441033	-2877.2848082705805
757.0	13962.08334738065	-2772.553508772789
758.0	13911.886671458888	-2709.3635720588877
759.0	13818.383075484706	-2651.926810641806
760.0	13830.869825618307	-2754.608808627317
761.0	13881.821590376283	-2691.0000263638854
762.0	13862.949327636881	-2679.2140835544656
763.0	13845.744990828054	-2851.5000094803877
764.0	13901.498221046664	-2738.6408110027346
765.0	13795.929764119768	-2638.2762523435463
766.0	13682.111656646584	-2865.692955997072
767.0	13837.523172117917	-2673.9893117396664
768.0	13762.110050476664	-2616.651746043947
769.0	13804.695061129627	-2654.019246538728
770.0	13771.067965417953	-2632.9058632158903
771.0	13728.479170808838	-2835.789051565181
772.0	13797.231009176658	-2673.794771643826
773.0	13660.863639434108	-2551.4504875863586
774.0	13737.053948726107	-2611.137004743043
775.0	13694.323127835569	-2573.5641740671235
776.0	13600.722212683526	-2607.4621175704415
777.0	13575.75443665975	-2506.247681665483
778.0	13669.591777003543	-2567.7551427787917
779.0	13399.197726256718	-2819.9096357676062
780.0	13635.94000095821	-2545.551478142814
781.0	13625.448772985144	-2831.7824252251685
782.0	13694.989312031137	-2608.487093766466
783.0	13528.242471127252	-2462.968870625819
784.0	13509.874272139217	-2461.258482677877
785.0	13594.03248504344	-2507.9180702220674
786.0	13523.156351924401	-2540.7529411871838
787.0	13572.554414653709	-2493.0075183419017
788.0	13466.214719094422	-2517.132689048322
789.0	13444.18148995414	-2416.7794972079028
790.0	13539.304475516847	-2470.4570573057313
791.0	13411.90981483731	-2395.265349125612
792.0	13495.001231582739	-2440.7144862441637
793.0	13463.593507523421	-2780.955651482041
794.0	13495.825446592864	-2475.76673205179
795.0	13561.7618360004	-2521.157490681464
796.0	13473.178606126303	-2425.7941668649014
797.0	13325.006955385592	-2426.2770757627336
798.0	13440.254782604878	-2403.4659245082735
799.0	13180.273830021993	-2551.945245122595
800.0	13407.828769470243	-2381.822138366446
801.0	13296.508211312539	-2307.3489044382472
802.0	13383.45667193758	-2376.3868683460373
803.0	13349.363545380931	-2342.023775384938
804.0	13353.382869371882	-2381.1615192481586
805.0	13360.330622767726	-2349.533175449278
806.0	13335.641072883182	-2343.6911264468094
807.0	13188.246911780458	-2245.046794320726
808.0	13307.669593796274	-2314.6870883208217
809.0	13266.297337082915	-2285.903788141963
810.0	13151.573284762215	-2307.872003221289
811.0	13212.664254609677	-2250.4734202562304
812.0	13118.49941431291	-2284.0219905092035
813.0	13081.251432645227	-2162.325586310592
814.0	13201.55942156931	-2243.1033680177084
815.0	13146.7158712699	-2206.480283426885
816.0	13125.296929337594	-2743.564537578593
817.0	13246.83185663748	-2310.3348536676513
818.0	13014.240494723837	-2115.7206993408345
819.0	13113.782689089856	-2184.318635154139
820.0	12602.767020924868	-2612.095721567371
821.0	13096.265709587931	-2183.4437054213718
822.0	13051.325714216851	-2178.3670612624833
823.0	13063.157175076942	-2149.8106258780335
824.0	13044.978655087465	-2136.8471206721424
825.0	12933.500246101348	-2136.5139100244487
826.0	13020.885173386587	-2131.6988038424265
827.0	12997.452034177959	-2102.558093839591
828.0	12982.580367744986	-2102.3633256393678
829.0	12349.337874159419	-2600.5818778860735
830.0	12421.623882438706	-2122.3015656386747
831.0	12504.786576855862	-2077.9676376060784
832.0	12983.411372521188	-2130.761904590218
833.0	12874.256343573674	-2665.503442014326
834.0	12947.657219472136	-2100.1447947710535
835.0	13081.837615694736	-2197.911866774922
836.0	12703.480968487864	-2632.2500402045407
837.0	12903.721935369458	-2040.9004769869018
838.0	12956.75337845581	-2082.8186318435332
839.0	12922.464090339505	-2084.1588938772616
840.0	12936.723575322312	-2067.869542718828
841.0	12910.73135669538	-2074.8020653839626
842.0	12919.734784208043	-2054.3152595996803
843.0	12889.5884475637	-2056.6580997636283
844.0	12887.042557282844	-2027.590497746898
845.0	12604.07385388966	-1969.445167294265
846.0	12878.059096307736	-2047.6770059367136
847.0	12477.77994670828	-2012.2246560595988
848.0	12570.656471862838	-2042.2118035753076
849.0	14135.863802458874	-2883.8023598220443
850.0	14086.99804658263	-2878.419651400664
851.0	14120.37567663632	-2906.280208887825
852.0	12223.66733699689	-2331.5039982268886
853.0	12522.252258471113	-2367.622768821016
854.0	12878.123905797309	-2100.7846069806637
855.0	12827.895589660335	-2002.8794375010068
856.0	12647.84208420557	-2094.777999230377
857.0	13008.979198756177	-2149.9960859617822
858.0	12894.324881231698	-2076.771611528262
859.0	13037.056633411468	-2168.290511407966
860.0	12926.87137024235	-2100.333508905887
861.0	12914.949065821098	-2122.7354147536807
862.0	12997.951352842154	-2191.054972822502
863.0	12970.873664123304	-2120.124990369221
864.0	12985.228184710917	-2147.790422665568
865.0	13114.634293192523	-2219.9016114669553
866.0	12987.431271248834	-2242.7348026401846
867.0	13016.784614049631	-2169.3571080309084
868.0	13147.312597566604	-2241.6139090025376
869.0	13055.930441114646	-2194.800502682792
870.0	13179.901459316447	-2263.7393193338153
871.0	13090.925901650908	-2217.386973656676
872.0	13213.420662195424	-2286.77740758506
873.0	13124.449380617172	-2239.746945418785
874.0	13177.360149480977	-2307.2062290210747
875.0	13157.441664492608	-2261.935721982436
876.0	13296.152011150787	-2343.6844309754774
877.0	13191.20848967346	-2285.030662931898
878.0	13186.08073623069	-2332.5408808172783
879.0	13264.586469358519	-2322.50361695522
880.0	13367.762808055473	-2391.074181655931
881.0	13397.901729137244	-2409.9818052658907
882.0	13326.528143405287	-2361.8909183740784
883.0	13430.169388578654	-2431.5472181034456
884.0	13335.575329272555	-2382.383432086779
885.0	13462.75659573033	-2453.7227934167677
886.0	13372.61367668047	-2407.48271496558
887.0	13350.794093436229	-2764.117530802296
888.0	13406.721340881488	-2429.2074014891555
889.0	13529.129770623886	-2498.5479574530796
890.0	13433.243165942627	-2495.5204051603746
891.0	13439.538186337339	-2451.486661244962
892.0	13012.59155254698	-2603.417669482365
893.0	13390.685853754252	-2450.4735945945067
894.0	13498.312872527546	-2541.0282473406564
895.0	13472.353125424617	-2473.6328736500654
896.0	13594.167183932039	-2542.759057927311
897.0	13505.65795606738	-2496.0869219494284
898.0	13518.690490174922	-2790.8921041564317
899.0	13627.640449817465	-2564.234814352813
900.0	13538.943721468626	-2519.062564369522
901.0	13661.517497448755	-2586.368114147282
902.0	13571.63289380224	-2541.447250703534
903.0	13633.773034309515	-2631.2385348605426
904.0	13604.876309253885	-2563.0070468531962
905.0	13635.207775898642	-2782.6560519185878
906.0	13638.884279405547	-2585.054712208168
907.0	13728.998301394322	-2629.9550614210493
908.0	13672.553029549628	-2607.3610927553855
909.0	13667.217895715352	-2654.3793399715123
910.0	13678.552762287101	-2705.59444883657
911.0	13763.161729016416	-2651.7403015220793
912.0	13706.225037293232	-2629.145671100386
913.0	13726.746433242517	-2673.5132526491757
914.0	13554.931215986357	-2738.5761503385797
915.0	13740.47875226207	-2650.702813025784
916.0	13681.207009117621	-2770.47454789222
917.0	13771.88836069194	-2841.3240793545697
918.0	13774.9116213106	-2673.331949958136
919.0	13780.35938506123	-2724.959464249647
920.0	13808.570752334768	-2693.5610959352275
921.0	13872.270190396232	-2719.549799479539
922.0	13877.750480788838	-2861.709629006196
923.0	13857.616060335116	-2710.188334217965
924.0	13932.284926476577	-2756.404611766069
925.0	13877.042659116292	-2736.726165714761
926.0	13818.084300353308	-2788.6420882413145
927.0	13892.73105959944	-2783.2256372041525
928.0	13859.79513759004	-2755.1575270118483
929.0	13909.858299833984	-2757.4394521004338
930.0	13971.46564590739	-2789.0427669030705
931.0	13945.22996501938	-2818.4624920949577
932.0	14024.453682597325	-2808.4841800238923
933.0	13904.327853426663	-2803.906116991913
934.0	13941.139991214133	-2774.5792777145434
935.0	14002.659236540107	-2806.7743637117587
936.0	14064.636622531141	-2867.648377758494
937.0	14035.0537838006	-2828.2137953194247
938.0	14038.170930709928	-2872.835778720031
939.0	14069.77008383546	-2846.360064343566
940.0	14092.771675804319	-2845.289848492753
941.0	12852.815569883935	-2025.2850686805134
942.0	12375.944281304068	-2197.474370455868
943.0	12555.381904930138	-2090.6347853700313
944.0	12644.745156279074	-2147.1883852131054
945.0	12395.455492640964	-2296.6037460591774
946.0	12481.085851964162	-2138.965172973803
947.0	12374.9764799509	-2485.916142775142
948.0	12518.108389598443	-2217.356874561758
949.0	12766.923609692576	-1992.70054856971
950.0	12846.588960335212	-2069.1470232044444
951.0	12613.349542237333	-2050.9437336526166
952.0	12725.007120576784	-2036.223690863315
953.0	12832.489131352124	-2023.1097766449038
954.0	12784.006491190616	-2010.2988188929296
955.0	12808.743457426253	-1999.1756591349022
956.0	12757.418292537463	-1943.5616988585978
957.0	12782.568508928702	-1973.3530307363174
958.0	12661.609555968535	-2016.1879700744946
959.0	12720.551159754827	-1995.692267144291
960.0	12812.690178368066	-2043.1011691267868
961.0	13252.38334347835	-2288.0339680680295
962.0	13271.16711466045	-2342.0420625054
963.0	13867.123459285867	-2782.8583574035406
964.0	13802.302258832366	-2721.343361011306
965.0	13930.31015839876	-2796.2945978366683
966.0	13971.990173292792	-2878.878010562647
967.0	12772.048595654793	-2536.3049218430656
968.0	12965.542188560534	-2189.929203899243
969.0	12766.221450591669	-2091.819979384236
970.0	12594.978047378141	-2151.7771014300683
971.0	12478.15763140988	-2299.822642829939
972.0	12741.44419368374	-1980.3693830913478
973.0	12870.811795885833	-2155.2444895499625
974.0	12692.013667132976	-2048.7538226542038
975.0	12783.359670440635	-2033.9939897409174
976.0	12852.572298395155	-2096.8744898533146
977.0	12755.753530429945	-2052.851395508925
978.0	12818.432582501286	-2065.855434831435
979.0	12822.454314662747	-2116.533902260469
980.0	13985.858033464827	-2824.7009905931277
981.0	13965.44209636149	-2813.2364301031143
982.0	13931.139303047234	-2842.6160799983154
983.0	13842.16402892302	-2808.4275865609748
984.0	13823.32005828903	-2733.62792642372
985.0	13690.901713495323	-2730.910521842532
986.0	13770.872435933388	-2758.641421864928
987.0	13764.308490697573	-2696.714377487879
988.0	13692.366290056647	-2652.300698772509
989.0	13738.826279383838	-2697.933168675214
990.0	13701.407235138186	-2675.9205287165637
991.0	13655.64559173403	-2691.2398674688234
992.0	13658.64036047043	-2630.098311288309
993.0	13626.168394113169	-2698.963174373061
994.0	13557.169630606442	-2562.915302300971
995.0	13625.052485345504	-2607.1879143885053
996.0	13555.074685776663	-2615.0944833844464
997.0	13581.397132854967	-2661.5301485863633
998.0	13591.789866179986	-2584.1011478904875
999.0	13512.981163338038	-2667.026803512861
1000.0	13566.61747766235	-2585.3212105620387
1001.0	13531.511203260385	-2564.315919096562
1002.0	13490.628427515263	-2516.8768350193436
1003.0	13448.161529407202	-2544.0151804950187
1004.0	13457.771926478288	-2494.208917576683
1005.0	13355.436890370338	-2426.9958796932156
1006.0	13381.91417592061	-2569.7461661450247
1007.0	13424.605955495963	-2472.7082290619514
1008.0	13323.540022883928	-2631.6786826773246
1009.0	13399.201670610046	-2474.0349790257865
1010.0	13364.689455699876	-2450.7611630988777
1011.0	13272.520046895412	-2393.473798067948
1012.0	13256.205701255623	-2364.542551321138
1013.0	13317.32275545806	-2403.2660575093064
1014.0	13124.049467201374	-2555.7130680794467
1015.0	13227.029703547698	-2311.0200279651194
1016.0	13226.651090495812	-2362.7967476943286
1017.0	13075.41856239152	-2238.355964365188
1018.0	13038.460167958909	-2214.617589845704
1019.0	13142.961830130864	-2283.8928397807326
1020.0	13034.563296916696	-2340.6414056132107
1021.0	13110.11603172522	-2260.1979091271537
1022.0	12989.9673716489	-2348.634099822153
1023.0	13084.79360504118	-2261.321565883836
1024.0	13030.933530529705	-2269.3098381696614
1025.0	13048.86000327961	-2238.697944646346
1026.0	12704.139205361898	-2255.7281359883823
1027.0	12931.77343864956	-2160.0127704558085
1028.0	13007.829150268859	-2214.669125679668
1029.0	12693.684899168322	-2185.6859960977968
1030.0	12888.863252547817	-2126.055820435938
1031.0	12581.405256938146	-2217.501655254071
1032.0	12979.458259762896	-2399.7254988727486
1033.0	12733.119186218764	-2114.865837354721
1034.0	12689.657812613237	-2088.427385270299
1035.0	13790.265851509243	-2795.753782244716
1036.0	13717.815520366375	-2789.6970167669097
1037.0	13469.231152106697	-2560.0674842874682
1038.0	13335.954257752643	-2474.4920791128493
1039.0	13612.873371933572	-2663.242870447984
1040.0	13389.366270949171	-2704.60751431071
1041.0	13134.112412131333	-2338.4146974443042
1042.0	12641.62667203266	-2282.955078927694
1043.0	12586.302342605515	-2498.891976389426
1044.0	12895.170801707327	-2175.422944299065
1045.0	12498.451590144745	-2459.131058297897
1046.0	12663.220206037126	-2423.8914295968602
1047.0	13741.83129467362	-2758.11968417651
1048.0	13725.836032487727	-2725.656517748564
1049.0	13603.783794084009	-2743.9586283758686
1050.0	13545.83957693691	-2691.8679744741517
1051.0	13308.98395570529	-2457.5231602712192
1052.0	13275.374608066777	-2671.806071838684
1053.0	13379.463913845679	-2502.813664201134
1054.0	13161.739629929112	-2383.2922622076658
1055.0	13086.950857154763	-2615.8341731952733
1056.0	12991.627621458829	-2528.8747907714073
1057.0	13511.53124700345	-2593.6107888018446
1058.0	13577.966522568933	-2629.800016180858
1059.0	12799.569994735575	-2095.7168393208763
1060.0	12748.252511523408	-2441.15005641333
1061.0	12622.42443175419	-2350.610424226458
1062.0	12918.672160957614	-2502.021949139426
1063.0	13310.109176469283	-2545.881780368043
1064.0	13447.304289424404	-2620.8291944054076
1065.0	12740.243200700343	-2159.714062199491
1066.0	12855.962317867	-2237.1049314837182
1067.0	12829.954465402921	-2149.6326885018425
1068.0	13047.112928052047	-2300.737962091845
1069.0	13096.92857888455	-2308.5619898165496
1070.0	13000.135816188975	-2273.2951603295355
1071.0	13043.307068539425	-2483.490493413694
1072.0	13074.414443451615	-2293.091670087177
1073.0	13103.93012207162	-2338.975533311094
1074.0	13068.866355503336	-2363.4086571030875
1075.0	13156.727464481994	-2354.8563908699925
1076.0	13342.212899042652	-2502.9831957838255
1077.0	13331.359432705614	-2579.7624773461052
1078.0	13397.91493448731	-2535.6959375842707
1079.0	13474.09467524662	-2589.0870478392776
1080.0	13373.042014976212	-2650.67343891699
1081.0	13426.289901698337	-2529.7294285073463
1082.0	13445.663488612923	-2715.0752824671667
1083.0	13525.646882463823	-2621.9834448286606
1084.0	12761.701472507373	-2273.9387172545653
1085.0	12947.694958942311	-2248.6517333560873
1086.0	12793.817525520426	-2178.1689377996936
1087.0	13213.538117775452	-2334.6079351081607
1088.0	13272.921115867153	-2459.190040787545
1089.0	13267.126856239542	-2545.713938318857
1090.0	13204.205874398169	-2389.1655647411194
1091.0	13204.450916643036	-2497.6189661939184
1092.0	13220.6479189308	-2585.8005795322874
1093.0	12855.632403628339	-2558.6189678750457
1094.0	12793.713489930371	-2319.6149570895072
1095.0	13472.075142055444	-2670.3962940521747
1096.0	13404.568380008917	-2611.5741074266793
1097.0	12960.624435722746	-2166.025675811435
1098.0	12894.163283900694	-2210.9669332277604
1099.0	13296.583208783717	-2389.866431133642
1100.0	13251.653163115372	-2496.0565171222165
1101.0	12934.91050005398	-2296.2683237130495
1102.0	12804.821491133875	-2222.351452964183
1103.0	13140.102363509155	-2454.715538017283
1104.0	13254.934743201758	-2423.879871236851
1105.0	13186.959307657387	-2458.190060159228
1106.0	13216.175181464327	-2421.317441536832
1107.0	12873.837237510901	-2390.8410282496898
1108.0	12935.683673680716	-2219.460287472312
1109.0	13075.356314949182	-2400.5816823612518
1110.0	12854.249654887493	-2290.6337499854158
1111.0	12919.26572332457	-2427.4573207324906
1112.0	12971.719288443523	-2312.7159784606615
1113.0	12801.98128799271	-2386.3183479385584
1114.0	12894.415286511392	-2321.110912212965
1115.0	13030.544144476537	-2428.9058299219705
1116.0	13101.369609674186	-2497.912267008825
1117.0	13126.85199284704	-2411.9696168614337
