12370.68         1450.28 
12456.8          1443.16
12581.9          1433.28
12682.1          1426.2
12782.3          1420.22
12868.1239143023 1416.24516512943 
12932            1414
13083            1411
13334            1411
13480.4574406485 1412.27809183775 
14030.2547770701 1416.64187245859 
14514.9102489867 1435.68382425865 
15265.3445280834 1473 
15505.0665894615 1485.27224040464 
16591.6328894036 1534.86065655063 
16856.1088592936 1533.27382723396 
17908.8013896931 1547.95199841317 
19143.8911407064 1568.18407220073 
21059.0619571511 1603.49102449668 
21882.4551244933 1612.21858573837 
24621.0191082803 1617.77248834672 
26593.51         1623.72