11500.86         0    
11742.47         547.85 
11803.4          664.624
11911.2          858.072
12034.4          1049.16
12172.6          1229.85
12277.94         1352.38
12304.0849478474 1379.977270 
12327.7665126401 1404.977270 
12351.4480774328 1429.977270 
12370.68         1450.28 
12395.6297060879 1475.27967866706 
12420.5796221758 1500.27967866706 
12445.5295382637 1525.27967866706 
12466.8          1550 
12491.7631888517 1571.60613766706 
12516.7131049396 1596.60613766706 
12541.6630210275 1621.60613766706 
12570            1650 
12596.5702219292 1675  
12623.1404438583 1700  
12649.7106657875 1725   
12676.28         1750    
12702.8511096459 1775  
12729.421331575  1800   
12755.9915535042 1825    
12782.5617754334 1850 
12805.6          1871.67 
12833.7215348462 1896.66517901418 
12861.8553496923 1921.66517901418 
12889.9891645385 1946.66517901418 
12920.24         1973.54 
13203.2374059062 2173.54408410195 
13653.2374059062 2473.54408410195 
14153.2374059062 2773.54408410195 
14586.57         2988.4 
15007.38         3169.69
15112.9          3212.54 
16127.82         3554.5 
17669.08         4014.68 
18426.0277938622 4195.18000595061 
19593.3700057904 4434.39452543886 
20398.5234510712 4574.43221263513 
21796.4678633468 4760.88465734404 
22965.1129125651 4883.46722205693 
24017.8054429647 4941.78319944461 
25204.6902142444 5000.09917683229 
26718.5871453387 5052.46454428246 
27809.0619571511 5056.43161757414 
29035.0318471338 5104.82991173262 
30318.3265778807 5163.14588912030 
31410.1042269832 5209.95735396211 
31927.3306311523 5240.90052563721 
33477.7070063694 5314.68808886244 
35029.3862188767 5396.40979867103 
36676.1725535611 5478.13150847962 