11493               0
11600.7             247.677
11696.9             468.745
11731.2             547.707
11787.4             660.776
11895.7             855.027
12027.5             1056.08
12161.3             1233.75
12260               1354.98
12281.75            1379.977270
12303.4997008454    1404.977270
12325.2495512682    1429.977270
12343.8             1451.3  
12369.5129327237    1476.303729  
12395.2224224475    1501.303729  
12420.9319121712    1526.303729  
12446.64            1551.3
12472.3508916187    1576.303729  
12498.0603813424    1601.303729  
12523.7698710661    1626.303729  
12549.48            1651.3 
12575.1888505136    1676.303729  
12600.8983402373    1701.303729  
12626.6078299611    1726.303729  
12652.32            1751.3
12678.0268094085    1776.303729  
12703.7362991322    1801.303729  
12729.445788856     1826.303729  
12755.1552785797    1851.303729  
12775.88            1871.46  
12890.4             1978.9  
13280               2259.909259  
13720               2555.357501  
14170               2824.831184  
14471.44            2990.1