1.0	11562.85534849622	-1956.7479830200973
2.0	12523.202330567086	-1893.1204144831943
3.0	12925.705482199011	-2018.5157117643419
4.0	12929.363792933755	-2030.9666040124148
5.0	12963.17162493342	-2058.08778783762
6.0	12980.355417061459	-2071.4567752147145
7.0	12672.97210253706	-1981.0000214168679
8.0	13015.995116286334	-2098.6582540802106
9.0	13090.605327367712	-2152.0298975847204
10.0	13028.498045361352	-2129.486220902741
11.0	13066.029698366205	-2170.1743405474444
12.0	12843.141903898266	-2731.5899680245802
13.0	12833.892934686492	-2847.8414038861633
14.0	13143.760414733384	-2210.720035582124
15.0	13220.158861851522	-2262.3122975390656
16.0	13220.502290729351	-2230.146629062943
17.0	12778.252751747772	-1883.1787164562036
18.0	13284.054548101543	-2281.936102948283
19.0	13303.250040150293	-2294.967671206115
20.0	13301.237787656908	-2329.04380428418
21.0	13272.175653061126	-2310.1312986307876
22.0	13336.701426039466	-2307.71505194676
23.0	13317.241399397893	-2326.496264948734
24.0	13437.912897515322	-2385.9507800393344
25.0	13457.18166323257	-2399.0569324753524
26.0	13300.909314847413	-2678.532521918171
27.0	13429.426131287297	-2718.7248052318373
28.0	13613.47839780761	-2505.6867387019815
29.0	13451.419294735862	-2902.421659738237
30.0	13456.349418206722	-2827.969153509723
31.0	13686.967138540727	-2589.962450266586
32.0	13602.47329529711	-2914.5801508882687
33.0	13769.952807378126	-2629.694016373361
34.0	13837.503998679136	-2649.040793307247
35.0	13733.046919272763	-2925.3237043464055
36.0	13884.603156880929	-2700.670799211624
37.0	13941.7581320566	-2712.1575089616194
38.0	13847.976407947921	-2932.912530407443
39.0	13948.599413645376	-2941.5171430298615
40.0	14045.389500419025	-2840.5602333041666
41.0	14090.573776995554	-2799.341581296781
42.0	14038.290729209242	-2945.3879949180496
43.0	14105.646586614695	-2833.387732429259
44.0	14155.503084381688	-2839.568271612781
45.0	14118.85849419388	-2948.491035765308
46.0	14193.4957430655	-2952.3503934271757
47.0	14228.189813335577	-2971.8064565500476
48.0	14307.027241689431	-2916.719388003017
49.0	14293.517064022119	-2973.7119688395182
50.0	14357.428744540523	-2971.1923406271594
51.0	14403.579654332718	-2977.5292083150393
52.0	85.53073587174335	-2904.396887326037
53.0	193.0703153059958	-2791.2113555428077
54.0	97.76017668511525	-1954.7797877137155
55.0	1025.8673549359469	-1951.2770683587732
56.0	2492.7225093285797	-1952.6377964639303
57.0	2639.1940745671377	-2045.6381722660838
58.0	2932.7405076998853	-2046.0882644410324
59.0	3226.9654527915604	-2046.6154822238777
60.0	3521.925287503229	-2047.0416470246807
61.0	3816.6593194250495	-2047.5000651330201
62.0	4110.795625760104	-2048.0227629268334
63.0	4404.863778144772	-2048.4339755436176
64.0	4698.891578132346	-2048.772222399652
65.0	4992.906874646956	-2049.109801182973
66.0	5286.915119906081	-2049.4547259702663
67.0	5580.917541867574	-2049.8074458257806
68.0	5874.9139907734425	-2050.1680876235523
69.0	6168.902691688086	-2050.536165387824
70.0	6462.876932714541	-2050.9055180775204
71.0	6756.819138853959	-2051.235167212762
72.0	7050.628815489977	-2051.3032284618093
73.0	7344.413477138963	-2050.9122776139043
74.0	7638.410206346981	-2050.728598143098
75.0	7931.948092025316	-2051.1221269647717
76.0	8218.89430831204	-2044.8277234238394
77.0	8499.03892566738	-2045.2770178444841
78.0	8784.36419580718	-2052.352035844427
79.0	9076.857596484539	-2052.4092240642335
80.0	9370.693759152908	-2052.4028092909766
81.0	9664.73293984281	-2052.4240463391066
82.0	9958.800925650814	-2052.488492209734
83.0	10252.802682773001	-2052.5799012357725
84.0	10841.005123203806	-2052.7526341692114
85.0	13355.941342575825	-2320.703859823045
86.0	13259.451022085634	-2256.0573479950895
87.0	14445.61774587004	-2983.856267345225
88.0	12893.423576245097	-1990.7306426468756
89.0	12062.622898507436	-1970.6531493312614
90.0	13011.315813998894	-2085.704869475778
91.0	13201.03388986054	-2217.093803427603
92.0	13074.64400420901	-2867.8874830932687
93.0	13549.074735453489	-2451.6406376788354
94.0	13668.456571263043	-2531.7475835211167
95.0	13790.323469464785	-2609.872089600002
96.0	13893.774311900374	-2673.7074569313954
97.0	13977.616598235329	-2723.7138332329528
98.0	14062.581387058259	-2773.452999602825
99.0	14127.28053273777	-2810.5004970956047
100.0	14202.428110675968	-2858.6200201759007
101.0	14263.039605152991	-2902.0664482277916
102.0	14341.206304456615	-2945.874971548077
103.0	14382.87552284635	-2958.55630007611
104.0	14422.305017096298	-2971.21422792498
105.0	377.2159825399411	-2875.243957432966
106.0	695.3934570555745	-2893.3720881990976
107.0	1002.5749768677183	-2894.6951044251546
108.0	88.01161208600267	-2308.4876390949016
109.0	236.00001975925178	-2043.85136384583
110.0	1302.7162672421898	-2894.606399780667
111.0	1602.857744125384	-2894.7099092313583
112.0	1903.0293674618385	-2894.8226385909734
113.0	2203.1824679222477	-2894.858582122099
114.0	2052.659804961358	-2044.9475371078024
115.0	2503.335558423091	-2894.8928346288617
116.0	2803.4886329351043	-2894.9256391046306
117.0	3103.6416948174883	-2894.957190754741
118.0	3403.794738435028	-2894.987635973648
119.0	3703.947766806977	-2895.0170796793705
120.0	4004.100776102347	-2895.0456204402326
121.0	4304.253766165985	-2895.073334323371
122.0	4604.406735161555	-2895.1002776843375
123.0	4904.559719094947	-2895.1265140036885
124.0	5204.721026476157	-2895.1568575052993
125.0	5504.882241394469	-2895.1865571242583
126.0	5805.043369507796	-2895.2156263943866
127.0	6105.204401900396	-2895.244084281317
128.0	6405.365331734237	-2895.2719327068676
129.0	6705.52615751175	-2895.2991869186462
130.0	7005.685350592397	-2895.327062659661
131.0	7305.846085130071	-2895.3533878016447
132.0	7606.00666119569	-2895.3790344653767
133.0	7906.1670802114195	-2895.4040414925016
134.0	8206.327305128352	-2895.428359467305
135.0	8506.48729700034	-2895.4519307215887
136.0	8806.648377870619	-2895.478362419343
137.0	9106.809575927202	-2895.505106527336
138.0	9406.970252639298	-2895.5306231858413
139.0	9707.127607978558	-2895.55043096782
140.0	10007.287682736722	-2895.5726782156903
141.0	11508.852297069416	-2894.882902741783
142.0	10307.449605817033	-2895.598286349173
143.0	10607.608874312311	-2895.622376125272
144.0	10907.766915696942	-2895.642120383822
145.0	11207.92540509948	-2895.645005412502
146.0	11427.592790486202	-2047.6137849942836
147.0	11808.243748259309	-2895.691846699345
148.0	11685.801500119784	-2027.9406349966994
149.0	12108.617031562446	-2895.7744192987902
150.0	12410.708437892723	-2909.2185645372397
151.0	12200.74517118645	-1954.328570069266
152.0	12491.05716995769	-1919.408094945311
153.0	12909.125244184397	-2004.7199266321193
154.0	12557.410492813675	-1911.4547128694578
155.0	12881.272138703569	-1989.118934343517
156.0	12852.111439394988	-1962.5696288512265
157.0	12823.272010100549	-1935.6353483980204
158.0	12742.161280343427	-1880.6446815521615
159.0	12711.63955293774	-1882.0802203736419
160.0	12780.627868067028	-1894.8952937523763
161.0	12794.809522117937	-1908.4728103056334
162.0	12676.286200530982	-1884.0655448108273
163.0	12634.305890510126	-1886.4083299519416
164.0	11977.755362818722	-1924.714484837369
165.0	12361.847231822952	-1902.5245316627163
166.0	12959.18683685033	-2045.589856106824
167.0	12835.114439543426	-1937.4541839861697
168.0	12863.976334600406	-1964.2286395800163
169.0	13047.95506103851	-2112.3647594598765
170.0	12942.318141816999	-2032.086167273843
171.0	12697.684418746592	-2913.793372978141
172.0	13066.724763070088	-2125.7946396657435
173.0	12946.134057656796	-2044.5694889629847
174.0	12976.29238882951	-2058.943639563627
175.0	13085.506533334667	-2138.975955717918
176.0	12993.583016127932	-2072.2201420248366
177.0	12918.495893447931	-2044.2500048932918
178.0	13123.623485227181	-2165.2095773822657
179.0	13029.748947087086	-2099.222352537546
180.0	13142.957898050585	-2178.312462179991
181.0	13034.348183850569	-2112.0291499359823
182.0	13162.177647187033	-2191.232242916956
183.0	13052.81328332388	-2125.3733135431216
184.0	13181.690506048026	-2204.3567278143987
185.0	13071.644279569437	-2138.808118128712
186.0	13094.4131923939	-2177.012630418151
187.0	13104.590115051835	-2152.142706286278
188.0	13118.326735616849	-2193.9408613655846
189.0	13109.684917855016	-2165.201861832904
190.0	13239.86773676981	-2243.0235065573743
191.0	13128.890647767656	-2178.358258218326
192.0	13148.176629030524	-2191.406217037707
193.0	13278.960394370071	-2268.816446196901
194.0	13166.28539680838	-2238.7653898593035
195.0	13167.562107703341	-2204.509950051967
196.0	12955.218108397878	-2924.021461250942
197.0	13081.682324832671	-2168.1941406744827
198.0	13432.833281745676	-2372.663760495507
199.0	13268.990500192618	-2294.5517065983463
200.0	13206.412317750524	-2230.3658804847914
201.0	13375.183640390673	-2333.4778495149108
202.0	13264.834580381494	-2269.223484286597
203.0	13225.785862719496	-2243.4007559376428
204.0	12766.23300576	-1878.643793996126
205.0	13394.375877119004	-2346.5160457324264
206.0	13298.078893945967	-2281.7131454082523
207.0	13413.665072668213	-2359.885781189216
208.0	13317.46081360282	-2294.7756265035555
209.0	13490.70000904404	-2412.095649954112
210.0	13380.379517920956	-2346.553050695082
211.0	13352.018290917506	-2351.01398566864
212.0	13322.625232367895	-2308.030636740581
213.0	13361.153199292574	-2333.7619250336375
214.0	13398.445387064365	-2394.867277572333
215.0	13510.124402315627	-2425.14161003545
216.0	13399.642305735057	-2359.910434443065
217.0	13529.529509949236	-2438.5171762058835
218.0	13418.863817559426	-2372.980404463315
219.0	13304.636845195084	-2798.384412457901
220.0	13451.972471244924	-2385.9576409258602
221.0	13364.52947072294	-2944.275615064116
222.0	13471.390073101546	-2398.8930505031076
223.0	13568.611333012706	-2464.9377520940466
224.0	13476.582520878119	-2412.0511843376175
225.0	13490.153993819104	-2443.1918427618457
226.0	13588.18779601962	-2478.3882942926016
227.0	13495.937718217945	-2425.1332005166423
228.0	13508.153362961979	-2468.6884719542145
229.0	13608.107423946707	-2491.7932930149123
230.0	13515.330819483783	-2438.3694517389667
231.0	13177.718991206037	-2933.8688911710124
232.0	13708.70929113068	-2558.069614706977
233.0	13648.389438690598	-2518.312655928093
234.0	13534.795547813008	-2451.6773221503627
235.0	13588.328503015005	-2512.001998883094
236.0	13573.771847204822	-2478.408767680844
237.0	13688.729835399345	-2544.6102574519305
238.0	13593.439420798784	-2491.970433405787
239.0	13628.201389904345	-2505.437595160199
240.0	13729.023940787874	-2571.140929135492
241.0	13633.680865576103	-2518.8701036984958
242.0	13528.619960014299	-2948.1960881599957
243.0	13641.90632653734	-2546.9490279784754
244.0	13601.698554095428	-2521.265866260275
245.0	13810.759831861264	-2622.8268713240695
246.0	13749.468305929002	-2584.129094099835
247.0	13653.817768949002	-2531.893169072026
248.0	13769.961503537575	-2597.2063269119967
249.0	13694.119141922323	-2558.157271589201
250.0	13722.928759199602	-2612.9682033807876
251.0	13714.184732308073	-2571.5980773162296
252.0	13734.639521840318	-2584.6190841849434
253.0	13831.485707378548	-2635.6820976503773
254.0	13753.50172894859	-2632.2517514211645
255.0	13755.228534469961	-2597.7184762603524
256.0	13668.540099019237	-2956.4529244274036
257.0	13611.293688751613	-2851.292433666971
258.0	13846.529675389647	-2676.841545657537
259.0	13872.892086360092	-2661.1336215891447
260.0	13775.69277469672	-2610.5675930873313
261.0	13832.716311563616	-2668.333126049049
262.0	13816.596936771088	-2636.3269646542217
263.0	13914.645205399735	-2686.2784708174663
264.0	13852.32470731123	-2648.316464473471
265.0	13935.513246053088	-2698.8182533727017
266.0	13858.207769997609	-2661.7799513391733
267.0	13791.70079714724	-2958.9559439453474
268.0	13839.57902602446	-2716.3544784857836
269.0	13938.91260690642	-2732.6000121026304
270.0	13922.397751256764	-2736.0205603071845
271.0	13878.921799315734	-2674.527526391104
272.0	13998.704367534074	-2736.302933871293
273.0	13920.759780182096	-2699.6435377339353
274.0	14019.904383024046	-2748.6728957739047
275.0	13956.559692702538	-2711.290716107536
276.0	13899.056096104416	-2964.0559710658486
277.0	13855.465743182971	-2882.8891337733844
278.0	13953.028866251268	-2740.880141009122
279.0	13983.934855505744	-2737.167177451054
280.0	14041.136851768613	-2761.059199855203
281.0	14005.077606514926	-2749.7291118749963
282.0	14083.966935050472	-2785.784873156486
283.0	13950.680687900438	-2900.2984790147075
284.0	14026.276793010074	-2762.1118720352647
285.0	13993.59635637633	-2967.5730161031092
286.0	14016.618020858275	-2792.1987174103087
287.0	14047.65025193562	-2774.5510319848054
288.0	14148.863304522814	-2824.3332936540573
289.0	14105.597007866716	-2798.1686216197472
290.0	14078.079402053632	-2967.9378134450694
291.0	14080.346787457018	-2816.546259375695
292.0	14145.705560735949	-2860.9771784830277
293.0	14112.262383694635	-2811.7410872587043
294.0	14188.103594844222	-2903.7583210894045
295.0	14174.139135951424	-2838.6330577362264
296.0	14155.250931161538	-2970.6860330390246
297.0	14125.839384204139	-2914.039118574854
298.0	14236.28491310953	-2877.134448752566
299.0	14273.233835564124	-2923.6902587849418
300.0	14180.791079787052	-2858.03334222889
301.0	14202.918049256557	-2921.883221045593
302.0	14237.348392906395	-2903.273825592847
303.0	14261.877723081683	-2955.3677313989197
304.0	14316.505663472024	-2948.399423884208
305.0	107.53957943425242	-2610.2728577314792
306.0	733.0795324686446	-1950.5859610891193
307.0	431.52037312948227	-1946.3907865587446
308.0	1319.627167619678	-1951.2865197940089
309.0	383.0294595602342	-2464.245466649369
310.0	1172.3724023342427	-2044.2477704462638
311.0	1612.901007708213	-1951.6235015946534
312.0	1466.125525051163	-2044.2620012555142
313.0	1906.1748413374946	-1951.9608384205028
314.0	1759.3926687136345	-2044.6041174553786
315.0	2199.448674011282	-1952.299123673707
316.0	2785.9963357366682	-1952.9772056418199
317.0	3079.5494725166723	-1953.4200910655084
318.0	2939.3843861594905	-2233.9928465963603
319.0	3373.5018108836884	-1953.8366258512951
320.0	3235.5652644470188	-2234.340001717396
321.0	3667.7898372836876	-1954.1784582929406
322.0	3532.0817542885	-2234.579690469633
323.0	3961.516372860855	-1954.6272463862642
324.0	4255.206673674086	-1955.033358513384
325.0	4548.865055300869	-1955.3706614296777
326.0	4842.515003717006	-1955.7038077960478
327.0	5136.160881870824	-1956.0404426396287
328.0	5429.8037790314775	-1956.3809350099702
329.0	5723.4438338876635	-1956.7253649217728
330.0	6017.080757992691	-1957.0737792343718
331.0	6310.713064857652	-1957.4256451126737
332.0	6604.335529074491	-1957.7753343506981
333.0	6897.9358010524165	-1958.0874966745453
334.0	7191.425735765854	-1958.1755980263745
335.0	7485.000992756749	-1958.0287482532694
336.0	7778.70299502922	-1958.324120982198
337.0	8071.819408490429	-1958.7544795015729
338.0	8358.929741371287	-1952.3619198678953
339.0	8645.244555901116	-1959.535976348847
340.0	8356.875542448239	-2606.8714205694528
341.0	8937.535541566433	-1959.7691402944681
342.0	8662.556219226206	-2612.0815384766897
343.0	9231.018486633819	-1959.9253669952832
344.0	8963.127863564385	-2612.2094758223066
345.0	9524.652234290148	-1960.0949279478407
346.0	9262.971723879278	-2612.296781929676
347.0	9818.33819737907	-1960.2788064700435
348.0	10112.000750153496	-1960.4915762450971
349.0	10699.284328936623	-1960.917015505629
350.0	10405.620484556604	-1960.7024179227117
351.0	10546.805731500783	-2052.673138069674
352.0	11408.269921368768	-2230.6304924528927
353.0	11285.273020917222	-1960.7889896517581
354.0	10993.100406314972	-1961.1141164488774
355.0	13253.019017266997	-2376.7670221116236
356.0	13341.882601313344	-2320.993184985499
357.0	13245.229186481827	-2256.379942751894
358.0	12733.963608786189	-1911.218833544918
359.0	12896.409192036583	-2003.0212509825396
360.0	11893.465580527385	-1995.6723981488494
361.0	12874.1980757607	-2049.461985200671
362.0	12411.256497768942	-1928.9045898165912
363.0	12129.773199346177	-1916.5690837671762
364.0	13014.12170894804	-2131.7076288836784
365.0	12997.78727710317	-2084.9447753755912
366.0	13187.023667701758	-2217.4630162786734
367.0	13195.406777758815	-2245.484384057807
368.0	13277.820369417523	-2888.1162761725377
369.0	13426.58171692079	-2400.9500382172114
370.0	13084.962363732433	-2763.153957964167
371.0	13541.85096326456	-2492.850833592626
372.0	13554.325566701335	-2464.8969187802086
373.0	13668.032370956624	-2563.9701907341864
374.0	13674.026143134508	-2544.9770548265046
375.0	13788.665635989251	-2654.917877620708
376.0	13796.020928957521	-2623.3412701719813
377.0	13889.091612842434	-2716.625404393079
378.0	13899.886779792085	-2687.083669429482
379.0	13972.874077667779	-2765.7697447803366
380.0	13962.864913892503	-2724.587643214896
381.0	14053.451112891626	-2800.774697833962
382.0	14069.069336621122	-2786.9451596940307
383.0	14125.205120849196	-2863.2850106472583
384.0	14133.198073605812	-2825.2588446675286
385.0	14160.369966039276	-2899.7704645863364
386.0	14210.929378642033	-2878.7333331986097
387.0	518.7469829843875	-2780.1515930812407
388.0	1004.0438917589794	-2518.171268784877
389.0	578.0388454874357	-2039.3253347946045
390.0	845.3972727809115	-2799.5659900209066
391.0	195.5511915202551	-2474.7564960735003
392.0	569.9967601571843	-2224.8012964317586
393.0	413.7297232001183	-2289.3661402313796
394.0	226.25145516013922	-2201.350755881311
395.0	879.105297238555	-2043.879414168004
396.0	847.1265675196615	-2611.1561539706786
397.0	1165.3107561492895	-2232.874541496931
398.0	1152.5729229009187	-2800.7633745771504
399.0	1461.4478214168787	-2232.6286981586068
400.0	1452.6955294659135	-2800.7412507585664
401.0	1756.9832899836535	-2232.986489364612
402.0	1752.8484689928916	-2800.9205609440846
403.0	2502.7481592783297	-2518.486737540712
404.0	2348.0150689657653	-2233.4552505978713
405.0	2053.013032097084	-2801.032305210037
406.0	2345.926942897097	-2045.2922927246002
407.0	2052.7573269382374	-2612.890801969261
408.0	2353.1590623656652	-2801.065572623136
409.0	2802.8705657563974	-2518.458015499765
410.0	2653.3050666858508	-2801.0957009808785
411.0	3094.793162631737	-2329.0491927143544
412.0	2953.4510423875777	-2801.123128481969
413.0	3392.258089324418	-2329.099188789766
414.0	3253.5969871948314	-2801.1481967261975
415.0	3828.025024445725	-2234.967079630051
416.0	3553.74289849165	-2801.171157026039
417.0	3689.3120090896336	-2329.183516234925
418.0	4124.031093993472	-2235.5031775517386
419.0	3853.8887754662987	-2801.1922128678343
420.0	3986.1175461148982	-2329.5746755082005
421.0	4419.968155669219	-2235.8301244445997
422.0	4154.034614132636	-2801.211538887046
423.0	4283.546519431901	-2329.9099220392714
424.0	4715.908172931402	-2236.0593834529423
425.0	4454.180412499172	-2801.2292675063622
426.0	4580.986027624372	-2330.0539713839503
427.0	5011.851495938669	-2236.2847373911645
428.0	4754.326204735462	-2801.2455185618915
429.0	4878.476219807776	-2330.1659050575295
430.0	5307.792249552902	-2236.513661548157
431.0	5054.4803353573925	-2801.2651697580645
432.0	5175.982632809359	-2330.274314425711
433.0	5603.729620820645	-2236.745927231114
434.0	5354.642696964244	-2801.2882842538456
435.0	5473.492987631369	-2330.378351993195
436.0	5899.662853728901	-2236.981445901189
437.0	5654.804879303213	-2801.3101245181447
438.0	5771.004775796192	-2330.4772046047433
439.0	6195.588075556046	-2237.219536179073
440.0	5954.96687911647	-2801.3307230504142
441.0	6068.515004816111	-2330.5705083032585
442.0	6491.489126085881	-2237.4538853780928
443.0	6255.12868065024	-2801.350100738107
444.0	6366.010642096953	-2330.657383204496
445.0	6663.44332748217	-2330.7266426593887
446.0	6555.290275568924	-2801.368274750647
447.0	6787.314743890297	-2237.6381082208804
448.0	7082.906737194869	-2237.4783517666074
449.0	6855.450133734412	-2801.3864760786523
450.0	6960.709327793645	-2330.6655609874615
451.0	7378.657261802041	-2236.5822947783286
452.0	7155.609900660063	-2801.4037483368616
453.0	7257.947442133824	-2330.020738495597
454.0	7556.043846187163	-2329.204027957015
455.0	7455.7710505706855	-2801.4187915177886
456.0	7675.209275114317	-2236.233860682419
457.0	7855.96005931156	-2329.1782126276194
458.0	7755.931884959362	-2801.4325165838563
459.0	7972.406087540322	-2236.470956070872
460.0	8161.136300919209	-2323.8974358378205
461.0	8056.0923681993545	-2801.4449129609966
462.0	8267.753205225812	-2224.6218506539867
463.0	8450.137645896039	-2224.9604109324214
464.0	8356.2524242956	-2801.4558735652954
465.0	8743.275890976653	-2237.1340479117375
466.0	8656.413336345197	-2801.468947892545
467.0	9038.47202797044	-2237.2045016955904
468.0	8956.575454579388	-2801.485195073503
469.0	9334.283547090134	-2237.1716362873794
470.0	9256.737168655398	-2801.500527215212
471.0	9630.257984395785	-2237.1530463667405
472.0	9556.895040014084	-2801.508923030908
473.0	9926.286976321013	-2237.1661731396375
474.0	9857.052309418837	-2801.514049435968
475.0	11686.13600346094	-2205.7941657681918
476.0	11057.688696729294	-2801.5303515496275
477.0	10222.218043742134	-2237.2015613841636
478.0	10157.214146564636	-2801.524976192532
479.0	10518.137054618514	-2237.241793298015
480.0	10457.375177447553	-2801.5377454773256
481.0	11061.935298741542	-2612.4426557736874
482.0	10814.287637413187	-2237.2588652573163
483.0	10757.532326634793	-2801.5446508871864
484.0	11358.613917409093	-2800.7342052827994
485.0	11110.958538927343	-2236.588868999502
486.0	11363.999186293187	-2610.4651784552902
487.0	11135.597442927092	-2052.2945400971853
488.0	11658.772099876252	-2800.7441179448538
489.0	11543.866982719946	-2317.618221250199
490.0	12083.959200418845	-2080.786585296574
491.0	11791.16296380471	-1941.3963912022155
492.0	12014.461823459584	-2161.195096747737
493.0	11958.37667367661	-2801.598705877073
494.0	12559.68641623506	-2833.071762497413
495.0	12331.735442112773	-2014.6460074698607
496.0	11973.530931621615	-2622.266177140689
497.0	12261.68451641938	-2815.0886185276086
498.0	12256.30200469084	-1908.5489659678078
499.0	12276.089845548546	-2660.674987427001
500.0	12449.87763750414	-1897.4132276348225
501.0	12545.422096315253	-1989.0372661799659
502.0	12425.225332512557	-1991.573101034922
503.0	12315.571152753982	-1940.1512096702281
504.0	12603.072495053033	-1969.427284191254
505.0	12912.636402670476	-2017.2031770630138
506.0	12901.422115810832	-2029.6784377271294
507.0	12584.116780062386	-1889.5367406533512
508.0	12649.029596405146	-1952.201281847622
509.0	12878.549636763339	-1977.3958605353844
510.0	12849.463606843541	-1950.8720599949484
511.0	12806.607794448042	-1910.3400417655823
512.0	12820.80160238888	-1923.902826975036
513.0	12775.041874771907	-1910.2499899944844
514.0	12756.23194859575	-1887.8569380474944
515.0	12817.104614255923	-1964.5783604367928
516.0	12728.902272735526	-1891.324246420355
517.0	12657.547984184304	-1899.1546096717304
518.0	12792.429917130625	-1896.7593394153891
519.0	12784.50203589991	-1919.296470186225
520.0	12808.99367857058	-1922.0473017899574
521.0	12789.866755811787	-1937.1877080513616
522.0	12695.812410513516	-1894.7822458940939
523.0	12857.791379295248	-1989.1205371898232
524.0	12802.56012615235	-1938.0713081951453
525.0	12701.901178631428	-1920.7246130231658
526.0	12837.638457600477	-1949.149784388407
527.0	12612.195355726792	-1904.678835464487
528.0	12866.584862274161	-2012.1308095390868
529.0	12663.641331634635	-1928.651674515162
530.0	12866.689600409054	-1975.8685340869922
531.0	14161.558718948172	-2874.158798748531
532.0	14106.527697226275	-2890.735284901279
533.0	12935.61814000822	-2058.1312884831223
534.0	12840.48153942498	-1973.7268332165943
535.0	12762.665701288402	-1907.7465567496795
536.0	12688.46831609922	-1939.5049767833304
537.0	12753.656369086742	-1920.42888737891
538.0	12806.90162058236	-1980.8050125918774
539.0	12776.568468565367	-1953.9221602067137
540.0	12722.789657106312	-1927.9171746272762
541.0	12757.464429921281	-1944.1903267793077
542.0	12812.098631596673	-1947.1475070778379
543.0	12883.34993250542	-2015.52783484428
544.0	12698.661509810263	-1970.6784790883412
545.0	12830.802010816851	-1964.7618021592127
546.0	12620.82571417148	-1940.9747225167357
547.0	12832.564556350262	-2008.6004733168295
548.0	12562.921637048477	-2696.2606677517433
549.0	12502.951579159899	-1971.7302901564283
550.0	12221.185604166369	-2044.3567807220425
551.0	12484.957630650439	-2129.900526224725
552.0	12391.980355925354	-2039.6878406806798
553.0	12138.17661863662	-2562.0282594617984
554.0	11667.884753371318	-2605.3948924868077
555.0	12332.498986995546	-2165.589759600551
556.0	11241.311247800042	-2328.100026012684
557.0	10761.993557068616	-2612.5704326964205
558.0	10916.474748143019	-2517.580206417116
559.0	10941.744016524603	-2329.9146764392995
560.0	10462.178427002169	-2612.5275268261817
561.0	10616.873354300747	-2517.6379392833624
562.0	10643.898166263732	-2329.991901822075
563.0	10162.394644183098	-2612.469337860825
564.0	11217.557275995829	-2516.288282809053
565.0	11832.510659699381	-2521.0100925049155
566.0	11806.86762587532	-2245.5970979187637
567.0	11523.350219448577	-2509.2646504562276
568.0	10317.433352990107	-2517.532429366322
569.0	10346.367168643466	-2329.892733299443
570.0	9862.596706950806	-2612.416007285159
571.0	10018.01257788715	-2517.418997733174
572.0	10048.902161792828	-2329.7909173233916
573.0	9562.771641641271	-2612.3637753772164
574.0	9419.081409490364	-2517.1817302466134
575.0	9718.548607137714	-2517.3072411633198
576.0	9751.349292602245	-2329.68548742758
577.0	9119.596540136079	-2517.025641990603
578.0	9453.767066780349	-2329.5927549718767
579.0	8819.343669736625	-2516.8152337522915
580.0	9156.22270605695	-2329.489471623043
581.0	8513.253298033984	-2511.480068309891
582.0	8858.061668221808	-2329.346429993135
583.0	8050.6077951656625	-2612.3167372404932
584.0	8555.254971299248	-2324.001381504095
585.0	8201.465850247298	-2511.715730750959
586.0	7749.081595390443	-2612.3623496959603
587.0	7893.832217608811	-2517.205698884102
588.0	7448.658687109951	-2612.4149546543817
589.0	7592.044008166038	-2517.3050307140734
590.0	7148.824884453582	-2612.8065930132157
591.0	7291.948705462858	-2517.752395614592
592.0	6849.1760110718205	-2612.918713857712
593.0	6992.626211723327	-2518.262145115075
594.0	6549.425951453777	-2612.9475142215483
595.0	6693.387710734012	-2518.410664168607
596.0	6249.630757244156	-2612.965919099071
597.0	6394.003084213006	-2518.4669905387327
598.0	5949.825645010325	-2612.978104297152
599.0	6094.565244388167	-2518.507283889019
600.0	5650.020071407122	-2612.984204291966
601.0	5795.11732750556	-2518.5370874149453
602.0	5350.216149974345	-2612.9843935996105
603.0	5495.670886508477	-2518.5567462438444
604.0	5050.414490224829	-2612.9788551335164
605.0	5196.228634353693	-2518.566652226515
606.0	4750.625543322681	-2612.973004181829
607.0	4896.793212549601	-2518.5676849990773
608.0	4450.860744024224	-2612.9673163733773
609.0	4597.386405273825	-2518.5658121712895
610.0	4151.139246579051	-2612.93542887737
611.0	4298.038730137453	-2518.53527318071
612.0	3851.4168549124624	-2612.8042781296713
613.0	3998.7334879949267	-2518.3815756923937
614.0	3552.3549499148517	-2612.755826635183
615.0	3700.087897676343	-2518.213814550352
616.0	3252.945593700662	-2612.820917783294
617.0	3401.7553963640603	-2518.2450266398887
618.0	2953.136925909997	-2612.8774876002612
619.0	3102.6761848457377	-2518.38427093013
620.0	2643.5549085907564	-2233.664837180575
621.0	2653.001115984725	-2612.8737182577206
622.0	2797.0010482198923	-2328.9084527116393
623.0	2352.87561392203	-2612.881458258144
624.0	2499.1714694208663	-2328.8274192516924
625.0	2052.482464102372	-2233.2515307059034
626.0	2202.643314319766	-2518.5329645163315
627.0	2201.3594592209643	-2328.7660751450785
628.0	1752.6539361754913	-2612.759011413828
629.0	1902.5791294855917	-2518.5195858199418
630.0	1903.5881217485282	-2328.6472039278374
631.0	1452.5258819566516	-2612.4656016215545
632.0	1602.4935637987219	-2518.272710564091
633.0	1605.8139253439476	-2328.37257040698
634.0	1152.3125430534299	-2612.6493749871006
635.0	871.7401154273988	-2232.3087733591074
636.0	522.0795837904212	-2588.6899332769867
637.0	1302.2862398854388	-2518.2167510536055
638.0	1307.8878178004404	-2328.2799877477687
639.0	717.6722653272373	-2324.491281917377
640.0	700.4553526003583	-2513.5005923446156
641.0	1011.4405269398376	-2328.3331986005446
642.0	12292.906727029544	-2073.0719744202165
643.0	12186.849732864319	-2439.995291028347
644.0	12018.588701425564	-2300.8016268358538
645.0	12209.028472722994	-2227.7920488490563
646.0	12171.549934237502	-2116.730730385265
647.0	11874.47436799035	-2368.382270575088
648.0	11908.835739256836	-2122.019574093905
649.0	12843.448213516594	-1988.6378470482152
650.0	12985.820014795221	-2097.473010129899
651.0	14119.33741357793	-2842.8016547904826
652.0	14038.618479216993	-2905.904842000029
653.0	14073.451013392803	-2885.7007982921386
654.0	14088.754221248242	-2837.019944869216
655.0	14039.163080599878	-2792.4874876093127
656.0	14068.772055108857	-2856.589623264386
657.0	13980.820483843903	-2874.128751769649
658.0	13996.106769992623	-2767.04662374179
659.0	14058.121721782436	-2816.819089375331
660.0	14002.988934991372	-2811.484624163509
661.0	14010.24513343548	-2775.314933965863
662.0	13908.62670559453	-2872.8139104166353
663.0	13955.310888436807	-2786.073097203333
664.0	13961.25599926292	-2837.1988545425124
665.0	13967.075402161747	-2749.316476493303
666.0	13876.135046274625	-2796.3315188669076
667.0	13832.662532037853	-2771.267945750665
668.0	13910.489810535952	-2716.4033415274066
669.0	13901.971820974339	-2811.8580960571453
670.0	13733.660344008124	-2869.837474038368
671.0	13870.578497230033	-2692.3173155944987
672.0	13807.061532268393	-2653.570835160028
673.0	13781.06404332251	-2842.167136540289
674.0	13852.87068966643	-2693.985005110903
675.0	13817.162615760333	-2672.218300897986
676.0	13729.22494219277	-2711.461234912021
677.0	13705.141443710823	-2588.8695998971484
678.0	13783.462137588207	-2638.1884059628137
679.0	13742.284671780284	-2655.710485841009
680.0	13744.508727199567	-2613.637477483491
681.0	13676.398004406103	-2661.0680340802633
682.0	13628.488696934059	-2538.3644924555774
683.0	13718.81978238131	-2597.5391922427575
684.0	13612.83636702525	-2588.3842414186497
685.0	13681.420277929623	-2572.7785845678914
686.0	13677.973917209098	-2837.6789768980684
687.0	13708.341322818369	-2630.4473225881907
688.0	13562.632040321094	-2494.2074783673047
689.0	13650.551356673495	-2565.7965783352483
690.0	13525.682173599598	-2468.1860633987035
691.0	13611.229377550117	-2540.511111475574
692.0	13465.340173005468	-2426.4048365487088
693.0	13571.937071352106	-2514.2185704563694
694.0	13517.511932407026	-2786.093450657614
695.0	13600.396636971956	-2564.062466720798
696.0	13525.618870443739	-2510.8559565605015
697.0	13175.899760788447	-2730.502694544844
698.0	13452.381415377435	-2417.792552060869
699.0	13538.705003836918	-2477.011289592327
700.0	13413.951965931692	-2392.3475312804662
701.0	13503.068046709936	-2452.032006238957
702.0	13473.673936772544	-2444.5079444104067
703.0	13425.671255951442	-2442.5053375647185
704.0	13330.091197050378	-2335.136253781488
705.0	13435.841042795262	-2419.6925186892536
706.0	13368.531054139887	-2375.041804110628
707.0	13233.096681754121	-2270.981182785418
708.0	13389.334471758943	-2375.5248040090305
709.0	13335.015029937793	-2352.0989892540365
710.0	13347.947427379913	-2468.1939582150558
711.0	13226.985497803036	-2363.378227443198
712.0	13182.4896232962	-2236.872681490693
713.0	13292.41084717438	-2310.7702207785874
714.0	13199.890870089259	-2371.08026185814
715.0	13256.235691073633	-2286.150318393605
716.0	13203.869749869666	-2264.1766742373807
717.0	13224.695683970504	-2309.846295282403
718.0	13238.719628050065	-2287.5854221356217
719.0	13381.719000092278	-2468.22693615261
720.0	13040.79825004146	-2138.42680549744
721.0	12673.229343889352	-2622.4616874866606
722.0	13156.69104286925	-2219.5089468848514
723.0	13072.283368763978	-2255.795488471678
724.0	13127.977771602636	-2213.208883871667
725.0	13097.787847615256	-2192.6029491147715
726.0	12974.224961847316	-2088.388326661226
727.0	13061.090447136017	-2153.842259868476
728.0	13044.155897354247	-2153.882273359826
729.0	12923.16882041767	-2090.5672703773466
730.0	12953.560807510197	-2072.651753335675
731.0	13006.218016636505	-2113.6864594595845
732.0	12428.348987835308	-2617.993838690962
733.0	12504.00698608694	-2076.726259392321
734.0	13047.43503133215	-2186.295049412685
735.0	13117.344558885356	-2235.165761442602
736.0	12941.355096876932	-2673.5134383491827
737.0	13004.204795910618	-2151.8384683892314
738.0	12989.571452041107	-2113.2613096094597
739.0	12949.879490631543	-2109.331606939828
740.0	12960.551116192144	-2090.4391565081933
741.0	12626.135128999425	-2010.2664921161675
742.0	12939.06010177853	-2073.7156211250167
743.0	12891.93013939175	-2080.759948274693
744.0	12884.851697793589	-2029.701771157975
745.0	12920.934324682597	-2058.9313676748575
746.0	12903.623295853542	-2044.2743733093346
747.0	12567.735849359631	-1955.0493693551125
748.0	12887.293843495228	-2059.360424345697
749.0	12570.128062225487	-2041.4705308553864
750.0	12475.74088144996	-2012.403934064271
751.0	12974.965321072495	-2132.5638100097112
752.0	12771.205119663087	-2643.032660434532
753.0	12651.31857371369	-2091.4288244079307
754.0	12886.735266264028	-2134.989482272266
755.0	12694.157078072023	-2179.7634362400727
756.0	12910.698022984734	-2080.3552600198964
757.0	13031.787419327375	-2174.4114856172296
758.0	12926.997900588736	-2108.3958530196396
759.0	13080.540529129665	-2209.235888179083
760.0	12563.13511770671	-2467.6077350634737
761.0	12954.81140242694	-2131.202502867655
762.0	12981.694972630472	-2153.119799365389
763.0	13041.312903418506	-2254.5972185398773
764.0	12970.054606052368	-2180.6523600992637
765.0	13012.561130832823	-2174.771259082199
766.0	13155.397790073368	-2260.5632909858864
767.0	13052.135598637948	-2205.3245001669434
768.0	13021.715538771396	-2685.041104238666
769.0	13192.81657233068	-2285.9694298847567
770.0	13090.446204413978	-2232.530678000831
771.0	13118.096381216339	-2312.2250690309525
772.0	13257.369213039905	-2329.1115118617367
773.0	13128.829267053146	-2258.9819665321497
774.0	13293.950402848399	-2351.8459843912206
775.0	13167.062441810449	-2284.9316377909695
776.0	13351.292137531147	-2392.8032080579783
777.0	13233.632503648265	-2331.67279131119
778.0	13156.739504761083	-2340.6925866171864
779.0	13201.64292044926	-2310.7616001230595
780.0	13386.974304597117	-2416.9283943649098
781.0	13270.317022344649	-2352.552614116577
782.0	13314.877847476802	-2366.2611805283227
783.0	13463.059166233666	-2464.745754506646
784.0	13493.682933553551	-2489.4127200633534
785.0	13398.604360498772	-2441.774177181704
786.0	13438.006710437976	-2465.275324875473
787.0	13561.007769289012	-2537.049351806603
788.0	13471.495485347778	-2488.732680341889
789.0	13523.9016715198	-2590.512712199161
790.0	13501.463812537047	-2511.4122686831665
791.0	13535.470645437177	-2535.0433826854137
792.0	13571.860300346854	-2797.26444751121
793.0	13573.300153125603	-2563.1309695578043
794.0	13495.843123942796	-2720.8199813309107
795.0	13672.56450261052	-2612.5360041479507
796.0	13604.19745952575	-2622.078988197171
797.0	13644.659788743907	-2665.719551085216
798.0	13639.091565478819	-2587.67193730044
799.0	13648.697335422055	-2613.1400094023606
800.0	13687.937506798407	-2791.258664002117
801.0	13683.038483600641	-2633.238593930552
802.0	13774.333487546004	-2676.8118345016787
803.0	13718.704233650033	-2654.5753311107383
804.0	13701.82731323143	-2708.2330544886063
805.0	13808.428455418858	-2694.033607807282
806.0	13653.641053195819	-2757.327872429367
807.0	13751.161087280358	-2679.4487837522083
808.0	13734.804813612704	-2778.443628586345
809.0	13783.99522348367	-2697.2800989502944
810.0	13742.906631025098	-2738.106289332481
811.0	13826.304060799448	-2847.634690140152
812.0	13873.753894544212	-2738.180244829491
813.0	13817.462612183466	-2716.8943054641586
814.0	13796.316830145464	-2739.8562389770523
815.0	13912.872000689416	-2759.629428878585
816.0	13848.936717179027	-2740.4339566632207
817.0	13885.626341670382	-2761.567050535219
818.0	13971.974470924406	-2810.7881606044816
819.0	13925.870203018587	-2784.9485685812087
820.0	13920.694034731068	-2839.3933186173003
821.0	14019.887992428039	-2839.63444271156
822.0	14008.438012942055	-2875.8678763796693
823.0	12447.044143659732	-2505.602747839616
824.0	12423.446549426257	-2113.6929405424326
825.0	12125.564616870317	-2331.4544338484825
826.0	12343.45811560067	-2426.250928142203
827.0	12371.400929501537	-2337.853906479451
828.0	12298.256402617864	-2247.9358843661685
829.0	12595.792175471748	-2145.5695857100886
830.0	12402.793895579678	-2181.1688925119483
831.0	12473.165221688616	-2244.01679963069
832.0	12476.014839988164	-2318.355688832575
833.0	12555.923649707112	-2088.485880159899
834.0	12772.702131062033	-1995.2916714802807
835.0	12615.504449216258	-2048.3218419554464
836.0	12852.111348337648	-2046.3586949714256
837.0	12737.149728442882	-1950.220455264757
838.0	12783.869578618558	-1975.5837858926272
839.0	12667.830854249789	-2010.612670010895
840.0	12726.454443679037	-1974.2013959656572
841.0	12848.55181113283	-2096.678573260237
842.0	13396.27606997136	-2780.091245120966
843.0	13450.428398737138	-2512.1437832723914
844.0	13176.747366704309	-2647.66238500786
845.0	13364.84252891795	-2359.4644395073187
846.0	13321.028177112383	-2387.2855431449375
847.0	13491.444824992037	-2543.004338910683
848.0	13428.856230782883	-2496.7799060737666
849.0	13260.428301021318	-2745.512725724288
850.0	12867.4926842638	-1998.0125173739877
851.0	12525.270010110331	-2204.538184971809
852.0	13700.183020188764	-2675.0854485985233
853.0	13636.440772446731	-2693.0731253351682
854.0	13774.50451205035	-2726.5621026212843
855.0	13802.15905884529	-2770.1504010861213
856.0	12814.601452154056	-2005.44118493567
857.0	12744.201841197768	-1997.605611580894
858.0	12698.251041110607	-2039.5288827669167
859.0	12757.828963219696	-2051.9242956710605
860.0	12845.99990013928	-2023.2014556235365
861.0	12794.334795194574	-2016.5610755336172
862.0	12874.389096444218	-2104.1607030189516
863.0	12733.950608270969	-2029.780268347403
864.0	13772.24492333778	-2797.193603984217
865.0	13847.988414007283	-2803.778702248624
866.0	13627.43310074998	-2638.4941161899146
867.0	13557.239046623608	-2593.0925093687274
868.0	13575.696622970463	-2627.7187533102424
869.0	13358.990162175398	-2652.68335906836
870.0	13514.425654169965	-2558.5452032670487
871.0	13462.5968593979	-2544.4158932213722
872.0	13334.43515258591	-2530.576558000191
873.0	13381.763614811212	-2530.9806487757464
874.0	13399.635415889854	-2500.4626777339176
875.0	13301.250032919424	-2404.74106771766
876.0	13236.67371867788	-2527.9556604089
877.0	13183.485112413247	-2340.290130566789
878.0	12965.06712027025	-2506.1524606855564
879.0	13149.143182276865	-2310.1262640796704
880.0	13097.551963183272	-2349.34730445183
881.0	13109.4471177297	-2285.4491182885154
882.0	13079.799573911905	-2284.8977236698142
883.0	12953.052166861846	-2328.440424425358
884.0	13031.070808576791	-2227.421020056891
885.0	12990.904312080233	-2195.451724496997
886.0	12812.976848106327	-2460.920595027507
887.0	12996.995890966791	-2222.690070155059
888.0	12932.628646163583	-2150.2082366006775
889.0	12731.975646485293	-2437.260380825812
890.0	12761.42019831927	-2088.730986992263
891.0	12941.142198231033	-2179.102104476608
892.0	12920.573863666963	-2203.3240456487983
893.0	12584.187891311465	-2208.447623689595
894.0	12692.369440357676	-2082.2896873246737
895.0	12819.624550415727	-2149.0826028176434
896.0	12645.810712487551	-2141.6612188580602
897.0	13595.399999958327	-2704.469369491666
898.0	13564.673117462751	-2673.248971604907
899.0	13338.482955872247	-2440.1601296281983
900.0	13360.624472682955	-2415.347324748958
901.0	13123.443503069377	-2369.208264950157
902.0	13066.770279638587	-2591.7886827699317
903.0	13130.864710515489	-2587.0612269584494
904.0	12833.724646117931	-2550.431032799304
905.0	12564.163000134271	-2368.7576977191857
906.0	12640.387154365817	-2258.8308688345974
907.0	12970.749787455976	-2250.5221824646833
908.0	12654.74766872316	-2506.199845649737
909.0	13604.244075201752	-2749.720199169557
910.0	13669.82328115159	-2721.569214220299
911.0	13021.767256013183	-2290.2894894143915
912.0	12643.10594085657	-2329.9408766060715
913.0	13185.259468305163	-2409.103270546531
914.0	13047.118738074903	-2310.823056243755
915.0	13247.0448652353	-2629.27197301617
916.0	13440.73058458739	-2578.6262704132587
917.0	12731.66024261761	-2109.3477642263624
918.0	12896.541883843698	-2307.6134746058374
919.0	12764.61770192253	-2258.53188190199
920.0	12804.127940215483	-2223.0283623675073
921.0	13056.221863859631	-2348.4966862833335
922.0	12985.279057660651	-2290.945403241029
923.0	13033.882945375692	-2515.708685904065
924.0	13135.55770893744	-2406.82881758815
925.0	13114.34994888521	-2452.580556473471
926.0	13152.255201645543	-2512.0177994052706
927.0	13276.187484043294	-2492.8590063505944
928.0	13262.07672637928	-2576.325997561967
929.0	13265.932713916758	-2400.9557350830855
930.0	13360.539249562427	-2598.877105087436
931.0	13317.49026337842	-2571.7802924830444
932.0	13498.33232569308	-2626.536634728977
933.0	13398.176548915022	-2570.8348557974928
934.0	13520.646195289175	-2674.646650193208
935.0	13455.728866707808	-2622.6734019363903
936.0	13411.625743648408	-2668.6882413015483
937.0	12719.306036191141	-2359.851449126434
938.0	12700.33780411057	-2234.0550482371036
939.0	12738.955741558098	-2156.589118691632
940.0	12838.162364725555	-2064.826574418332
941.0	12789.712860279033	-2041.0190429578877
942.0	12818.200079824972	-2114.941455267163
943.0	12914.018470900008	-2134.1769003759946
944.0	12809.46587741544	-2062.9680141135536
945.0	12794.189833386792	-2094.846418678617
946.0	12917.594012638683	-2570.70479166194
947.0	13028.32649110513	-2392.5213234535117
948.0	12867.706220514296	-2407.5742361201374
949.0	13276.489051126262	-2455.9387634265854
950.0	13309.37247652748	-2435.071537509941
951.0	13060.072123492258	-2451.543987160783
952.0	12935.927126157463	-2432.5323429155505
953.0	13318.535380952182	-2500.025609020808
954.0	13209.254380757047	-2442.586194939491
955.0	12780.867147512346	-2313.2182750198463
956.0	12933.088807668142	-2242.045370927628
957.0	12862.322451543392	-2161.648500064032
958.0	12784.6467058896	-2175.3772111541803
959.0	12876.697869155194	-2194.552592777241
960.0	13197.45787414966	-2499.74898491291
961.0	13248.771792368236	-2433.872627511472
962.0	12848.266130214464	-2337.2808478118545
963.0	12972.99731887578	-2383.065904426788
964.0	12853.481202353412	-2229.637846744179
965.0	12891.107794854674	-2261.6416418844533
