1.0	26603.42176626115	-1572.2398745084936
2.0	26209.931858563523	-690.1231843003869
3.0	26355.1208239807	-779.9791594479767
4.0	26560.053168178445	-697.5622069274364
5.0	26641.58722091585	-1628.3675481830205
6.0	26405.116332178997	-1159.0476690055036
7.0	26543.983464667468	-1464.66214245033
8.0	27214.285143104178	-1585.1259004309497
9.0	27329.297178212215	-1484.5113329531798
10.0	28205.974774336777	-1491.0404802791672
11.0	28429.032943463943	-1325.303150342256
12.0	28863.217890609663	-1331.6777134864378
13.0	29285.445819787874	-1329.953937247213
14.0	29718.819847692914	-1313.1848148103338
15.0	30167.739996921984	-1314.589289982199
16.0	30619.771885391227	-1317.222362526196
17.0	31071.96754604285	-1321.2846581490749
18.0	31523.306398279277	-1326.1075490914618
19.0	31971.190448690817	-1333.1452191412839
20.0	36259.91602225768	-1550.2318253692347
21.0	36492.432770555904	-1380.6825518274743
22.0	36942.79839362126	-1382.3351285844562
23.0	37394.413919185194	-1384.8443654362143
24.0	37847.97134366178	-1387.1132314058186
25.0	38309.67454863881	-1388.8632312392037
26.0	44850.46361429452	-1589.2454385910298
27.0	44637.27610315543	-1403.554887080392
28.0	44843.743062951624	-868.1295107871264
29.0	41027.718465449456	-846.4220126782083
30.0	39117.21079560372	-838.2160730665704
31.0	43834.414573815186	-857.6247957672698
32.0	26998.672119908075	-718.7748045133084
33.0	33051.5891675308	-806.4783376600905
34.0	26751.34944797643	-1600.501033550243
35.0	33518.23785173438	-808.9637515524765
36.0	27427.40020701094	-736.0899647230627
37.0	27876.678408836946	-735.5957465441076
38.0	33985.39347514589	-811.5540024382963
39.0	27618.649977908834	-1442.2019588370283
40.0	34452.62178289129	-814.1220208807246
41.0	28311.321813207574	-803.501587745901
42.0	34919.812952626344	-816.633017748883
43.0	28933.65867757333	-987.080975495193
44.0	35386.64257312889	-819.1154773380186
45.0	29358.093168420324	-795.0243177871974
46.0	35851.55712997344	-820.4294426070823
47.0	29818.91724869343	-797.2691928493696
48.0	30282.50345296072	-799.2962045250242
49.0	30746.44110575539	-801.8122361416144
50.0	31210.194845551337	-804.6351521209054
51.0	31673.279975961443	-807.5525842186636
52.0	32133.581544107397	-812.3397107962015
53.0	32588.74949505705	-802.4372713392507
54.0	32411.154739470745	-1327.539084202577
55.0	33095.40477663199	-1503.2133892736313
56.0	33307.63702656457	-1327.4528013417232
57.0	33765.93502458259	-1332.1189274955107
58.0	34224.814473942715	-1336.7457820932657
59.0	34683.73167707629	-1341.1038826693195
60.0	39592.35410521152	-840.6033582035603
61.0	40075.78292847652	-854.5330237333939
62.0	35142.25279115204	-1345.176756937667
63.0	35598.49933499078	-1347.8713650216064
64.0	40558.6380610409	-844.5647073798358
65.0	36310.32277676397	-836.9899910576278
66.0	36772.80060950887	-838.0388693579334
67.0	37236.1818666147	-840.1762147487119
68.0	37699.908827832165	-842.1884042307012
69.0	41495.45290832937	-848.1023929706839
70.0	38165.23141545077	-844.1733830840175
71.0	38637.10360221497	-845.7360632175399
72.0	41962.71669157361	-849.9243139925833
73.0	38786.16234314134	-1381.057549334384
74.0	39265.921835382265	-1374.044410075181
75.0	42429.92019811997	-851.7838331059805
76.0	39917.83508336869	-1572.022684872286
77.0	40216.90845526023	-1573.5910958867462
78.0	42897.186815236004	-853.6750703332992
79.0	40686.32316678654	-1563.844202804139
80.0	41141.96280459822	-1565.9180985644227
81.0	43364.980747393805	-855.5299815191524
82.0	41596.25762803206	-1567.8107527723485
83.0	42050.08163698954	-1569.8411329242088
84.0	42503.84368271802	-1571.9057969725293
85.0	42957.67016061428	-1573.9993890304922
86.0	43868.0172395925	-1578.3474653853464
87.0	43412.02435216995	-1576.0543687024438
88.0	44318.04167771577	-860.3977391035208
89.0	44103.438958319595	-1394.964394089992
90.0	26481.57667951229	-1329.8655301155743
91.0	26698.566655935258	-1651.4419960264656
92.0	26316.47150050067	-940.2956539500304
93.0	26848.939936100487	-829.3714388319069
94.0	26441.425338577228	-1025.1518385374548
95.0	26615.240255115525	-1508.6990612137142
96.0	26997.10781769392	-1611.1893597800645
97.0	26508.451590170745	-1225.6322360903152
98.0	26563.438199347725	-1381.7576775384894
99.0	26672.259555324577	-1367.4921669174098
100.0	26642.8837387836	-1190.2973506695246
101.0	26700.826166214873	-1456.6876156867984
102.0	27209.056722144494	-1034.2924006256799
103.0	27482.74944438405	-1551.4859276457466
104.0	27990.25374190559	-1381.8233641962968
105.0	27545.283612244093	-1222.2104342612874
106.0	28491.18728376061	-981.0662040580715
107.0	28640.29195321249	-1483.455547483146
108.0	28772.887080472825	-794.6218632077167
109.0	29074.961222517202	-1499.266901661262
110.0	29206.350891424056	-986.1417814174459
111.0	29509.560759573375	-1480.8099706579608
112.0	29646.447184903674	-971.2113177693376
113.0	29956.94325010574	-1480.3612483512422
114.0	30102.086658298915	-973.4707315213227
115.0	30407.088972759277	-1481.6358236843705
116.0	30560.839704215734	-976.0013018277263
117.0	30857.58054731254	-1484.9901785513932
118.0	31019.760285661196	-979.3277764377659
119.0	31307.88015949016	-1489.6439313947023
120.0	31477.828344722104	-983.0556515289736
121.0	31757.504246076413	-1495.0019637040075
122.0	31932.444232133017	-988.7477372184281
123.0	32204.339560052467	-1502.6563255684603
124.0	32828.37975236173	-973.746105231221
125.0	35814.59900078224	-1532.3190846115983
126.0	36978.0862655911	-1024.9333234659514
127.0	36520.99798688552	-1023.7595727607086
128.0	36708.947521209404	-1552.363653543204
129.0	37158.8842410608	-1555.3519999505534
130.0	37436.423672769255	-1027.0703853528776
131.0	37609.16800744972	-1558.0205350175147
132.0	37896.702410460166	-1029.0550807023417
133.0	38061.048523593374	-1560.5044983233593
134.0	38365.12637369782	-1030.5902667033388
135.0	38519.47917759168	-1562.4460933877388
136.0	38848.33494270562	-1022.6204837000502
137.0	40389.33180456951	-1391.3136873618623
138.0	41327.09979994373	-1382.932006387753
139.0	38986.145396864675	-1555.2222430758563
140.0	43164.132830707604	-1389.973574608551
141.0	27211.742186186533	-843.7263621482174
142.0	27047.330645816077	-1398.2110705588166
143.0	26596.814690389398	-976.5759662381824
144.0	32646.037174874848	-1495.8987669190772
145.0	26828.663115168194	-1641.1255506394339
146.0	27088.374942605093	-1532.9899803123487
147.0	27060.880598194344	-1125.5266722687313
148.0	26898.499853370322	-1574.6636979859356
149.0	26858.750751707354	-1475.7367515122812
150.0	33289.09729789392	-978.2601124586054
151.0	33548.581810623786	-1508.9520636801353
152.0	27644.06392943796	-858.6339424955281
153.0	27276.069178103116	-1328.7802138330444
154.0	28063.66709331489	-924.0522069308007
155.0	27800.191550786785	-1537.0670952158755
156.0	33754.130794363846	-981.3233042509696
157.0	34002.26826493175	-1514.6263071827268
158.0	27678.62010085188	-1094.9950679045662
159.0	27942.04865763542	-1159.7428614607281
160.0	34219.743914375606	-984.4691005933763
161.0	34456.03143882378	-1519.9669421318122
162.0	34685.39258071091	-987.5356429181215
163.0	34909.76228034039	-1524.8613880481744
164.0	35613.61592600532	-992.3005782619315
165.0	35150.64255980336	-990.5166263895738
166.0	35363.13621346303	-1529.3463946457866
167.0	36068.52531849524	-1008.1626189956991
168.0	36046.68378031857	-1364.4814742405404
169.0	32379.14294008347	-981.6199513531737
170.0	32853.65563279226	-1321.288467961644
171.0	39334.81463455703	-1015.475305700229
172.0	39447.84757479419	-1557.859903682883
173.0	39824.61595628468	-1029.779783381211
174.0	39749.00222504212	-1388.4672244855817
175.0	40322.129100968916	-1031.7286595716448
176.0	40865.77622894175	-1381.2996431647036
177.0	40805.293826796704	-1021.6051755306179
178.0	41273.33786294001	-1023.1303881356243
179.0	41786.60806061799	-1384.5269580136937
180.0	41739.56527791902	-1024.620216464158
181.0	42245.58391928143	-1386.2992609957025
182.0	42205.261756564476	-1026.289183613613
183.0	42704.562390962805	-1388.139353452947
184.0	42670.96106908171	-1028.0274669684875
185.0	43137.2508072104	-1029.7611423958178
186.0	43605.70775464443	-1031.6983948439467
187.0	43625.86933592338	-1392.0103498145047
188.0	44630.555551812526	-1043.0459214764885
189.0	44089.99787382123	-1034.5536794424734
190.0	44338.20331355703	-1581.3174193549428
191.0	27356.155078610213	-1175.7632839498704
192.0	26916.314419241928	-1377.4835035528777
193.0	26925.771342214623	-1121.7414299418342
194.0	26760.898749401662	-1496.528036505355
195.0	26853.887363652193	-1270.103062224446
196.0	27120.012846206057	-1294.615871557282
197.0	26848.768256484866	-1016.7430624070088
198.0	26724.830184102004	-1280.265134073704
199.0	26676.79319651058	-809.302829130218
200.0	26694.937832604028	-1075.1369112854409
201.0	12378.281969699223	-1444.300979856357
202.0	20433.62671891355	-1525.4387977055012
203.0	25598.583973382494	-698.3332522101332
204.0	25854.385208151303	-1547.9485870302497
205.0	26425.057122353737	-1556.5996141756123
206.0	26381.114331757344	-1388.6660043780405
207.0	12386.358709579195	-1436.8370794407
208.0	12407.332212514591	-1431.2211798285682
209.0	12435.292729330613	-1423.9862965145758
210.0	12472.15174019681	-1415.3380844486355
211.0	12613.528923129883	-1407.548547762647
212.0	12646.693806939256	-1377.0002799145216
213.0	12574.407403856598	-666.7303129968486
214.0	12842.773020844115	-1340.0896248561567
215.0	12824.641600119665	-1253.8820853328773
216.0	13214.727011060915	-1355.5055117485751
217.0	13126.965593233901	-1183.352043272397
218.0	13345.661125359446	-1184.8226932487269
219.0	13452.070375995281	-1187.740192113449
220.0	13703.728607094274	-733.355324256263
221.0	14012.371303045851	-1364.0742122126628
222.0	14003.83571044157	-730.2656684866521
223.0	14274.139591498812	-1197.2242209493827
224.0	14301.052570635688	-733.8194460774256
225.0	14576.094091705128	-1329.8777463855013
226.0	14600.844232665904	-743.4650916623558
227.0	14895.675550798713	-1345.6038177585842
228.0	14902.621065554986	-748.3877571623733
229.0	15103.637146161333	-1233.9020830950085
230.0	15203.958720747703	-749.7467767556009
231.0	15502.268392534128	-743.1870327875376
232.0	16024.057967948052	-1456.7477251553435
233.0	16225.500161945054	-1457.6006318824093
234.0	15826.3650491619	-1436.1764177189846
235.0	16424.97762016526	-1472.5465824948258
236.0	16724.440659083168	-1398.8956651347169
237.0	16859.42819068975	-652.1409642433804
238.0	17426.566419578434	-1469.129329582811
239.0	17330.695353109546	-1241.7063884517338
240.0	17615.567374972063	-737.665829082237
241.0	18028.09420030091	-1482.0769219220986
242.0	17933.105745064382	-1255.143635789959
243.0	18217.812371681615	-742.9556165505392
244.0	18629.236039612177	-1492.0355700734715
245.0	18533.318511874186	-1265.3818099779176
246.0	18820.194765158976	-747.5855269499399
247.0	19230.704200019998	-1501.6152275868226
248.0	19134.859530811784	-1274.7785768890506
249.0	19422.548045284482	-752.8322240031363
250.0	19832.072917709404	-1512.4014876785852
251.0	19736.894204081927	-1284.6569942857684
252.0	26031.667988161847	-777.3821372378469
253.0	20334.88807382202	-1304.2899616096577
254.0	20627.195542983103	-761.3454497805325
255.0	21034.50390536618	-1534.764173419491
256.0	20938.81457215009	-1307.3950452134122
257.0	21230.674501590143	-769.6935018509207
258.0	21635.584986492657	-1541.2305128255696
259.0	21531.91866463116	-771.3141077859467
260.0	21833.07952708359	-772.9522191780358
261.0	22236.719880858956	-1545.5613141544436
262.0	22134.70403443177	-775.2785769486339
263.0	22436.34875284001	-776.6875989273489
264.0	22838.003527877503	-1548.5046202301892
265.0	22740.35614485394	-778.4772617989979
266.0	23044.138535075774	-779.1186941116107
267.0	23439.34885155894	-1548.725828657621
268.0	23345.79749236282	-780.1158665528542
269.0	23647.230325075067	-781.248561814608
270.0	24040.80486668783	-1548.6344886912839
271.0	23948.652316736097	-782.2451441577781
272.0	24250.366359707263	-782.3316127572125
273.0	24642.290509240254	-1549.918241648377
274.0	24551.846734985724	-783.6125224876818
275.0	24853.233984954542	-784.7317731053396
276.0	25446.753686461307	-788.5429226960558
277.0	26149.405600740476	-1022.0660903347534
278.0	26265.65663634348	-1241.005558716162
279.0	25982.41570944688	-1460.097045435744
280.0	26536.187610180437	-1594.6868854825552
281.0	26256.231106877694	-1569.8152166335428
282.0	26493.89499064822	-1528.053846902192
283.0	11748.022604152218	-551.2704529451262
284.0	12286.752448632671	-1354.4429790220272
285.0	12305.742630346174	-1367.4376935613616
286.0	12337.961070295272	-1408.9994814175998
287.0	12358.73306155572	-1430.529648411498
288.0	12348.323583377627	-1419.796656787914
289.0	12369.084067792513	-1441.189181606009
290.0	11754.266732894173	-554.7011470082874
291.0	11761.37820729826	-551.3350986051283
292.0	11768.829367408094	-588.138204894068
293.0	11783.641417507126	-605.7085598741934
294.0	11829.391611741397	-557.9033573913224
295.0	11796.623902751431	-641.1961600835106
296.0	11845.650380524714	-570.0600796928412
297.0	11833.965536774813	-660.0926527092494
298.0	11824.996486553202	-693.9669185389753
299.0	12296.89106319265	-1365.442630322008
300.0	11840.246486052993	-711.2095951989116
301.0	11847.465684404087	-724.326919605555
302.0	11854.735242813678	-737.4208893495376
303.0	11890.791182397925	-717.4193301110432
304.0	11869.248821857705	-763.5809189276911
305.0	11883.114289723728	-798.7533969321279
306.0	11890.483827397484	-811.7711603533189
307.0	11920.447969310306	-863.633002548187
308.0	11912.9034371905	-850.7139998003317
309.0	11936.2729771197	-880.3133655803655
310.0	11951.727402691155	-905.8781638150558
311.0	11958.003287619053	-880.4574024092562
312.0	11983.219764931646	-965.5200787022292
313.0	11998.52184278122	-943.3692915514797
314.0	11943.469140256244	-902.1580166962158
315.0	12016.56451972034	-1006.084545119444
316.0	11905.359674733458	-837.7684767917617
317.0	12033.807737609923	-1039.6069474302926
318.0	12385.152703949816	-640.844833854203
319.0	12069.140691393286	-1087.8888415615813
320.0	11875.765700765847	-785.6880333710028
321.0	12087.150986883518	-1111.834079549858
322.0	12078.135127253954	-1099.884115556374
323.0	12104.832136764237	-1126.5134427851729
324.0	12113.989511153579	-1138.3828976107634
325.0	12123.151453141994	-1150.2343433060657
326.0	12141.551611465287	-1173.754920486945
327.0	12150.847045767952	-1185.516398030619
328.0	12160.171773213435	-1197.1931019285578
329.0	12178.884888023918	-1220.500468540806
330.0	12236.154330020283	-1289.496504543785
331.0	12255.706424437793	-1312.0727973715377
332.0	11775.66813531881	-601.4334031710761
333.0	11803.661518200699	-654.3926642911879
334.0	11832.195517296546	-707.0755397071874
335.0	11897.90610032359	-824.753686141858
336.0	11928.053928672854	-876.5068233804959
337.0	11959.257710947872	-927.5718351504332
338.0	11762.561830187087	-573.9979733591808
339.0	12327.61496661696	-1398.161075896978
340.0	12042.522163145766	-1051.7450595961784
341.0	11975.278240358486	-952.9439348525915
342.0	11991.446230227315	-977.9890521938136
343.0	11782.772455787614	-574.5039133674842
344.0	12025.1525844012	-1027.390004866393
345.0	12008.115801333797	-1002.8119011436335
346.0	12132.896199171802	-1171.0478366397776
347.0	12096.20735785173	-1123.703069191387
348.0	12060.15467801086	-1075.908458332099
349.0	11789.608769840539	-627.9495292567534
350.0	12317.320877990554	-1387.3062812403234
351.0	12227.405805531627	-1287.1230971319467
352.0	11810.751966692222	-667.5753349898105
353.0	12266.709113462928	-1332.2417181060966
354.0	12246.932006661344	-1309.7954602145007
355.0	12208.11259793934	-1264.2460598641853
356.0	12170.191016137958	-1217.9240124201735
357.0	11888.504555626007	-576.968387171782
358.0	12276.747462172823	-1343.3693897779485
359.0	11861.140930918249	-759.5398296750064
360.0	12019.280860809617	-595.0813232194777
361.0	11967.427469002805	-940.147675944193
362.0	12051.345953851827	-1063.7956892435752
363.0	12548.955019532166	-1417.0204435545577
364.0	16623.53651932503	-1466.1439820086441
365.0	12790.985919657614	-1385.6174066736291
366.0	13051.384843006153	-1361.8211365701256
367.0	13375.781575756206	-1357.5085577745665
368.0	13694.361527876548	-1358.9747188375316
369.0	13853.686219650806	-1360.687704169207
370.0	14172.667705685906	-1366.314683185201
371.0	14493.124854156218	-1380.3294274727657
372.0	14813.338531927022	-1395.8008770640506
373.0	15131.930604252424	-1412.3786561600198
374.0	15451.214824650147	-1428.0587782326236
375.0	15627.076309552971	-1430.3803816657246
376.0	15803.642076768481	-744.6064643604313
377.0	16099.244087930763	-934.1195221881238
378.0	16240.058994519592	-1180.459736368129
379.0	17024.750582090168	-1465.6069365450485
380.0	17225.92435478901	-1467.3448120032529
381.0	17627.256681108953	-1473.3513711888636
382.0	17827.679979793986	-1478.027892231391
383.0	18228.387777100073	-1485.1375340597895
384.0	18428.769409451324	-1488.9139357107085
385.0	18829.67998361922	-1494.5729753044745
386.0	19030.14338395073	-1498.2019662593636
387.0	19431.2212897086	-1505.0457508672982
388.0	19631.837353419327	-1509.0999115309044
389.0	20032.58541007541	-1517.1066576745627
390.0	20233.07451544981	-1521.1017614967848
391.0	20633.660884405723	-1528.663265339135
392.0	20834.286333437998	-1532.1564711127514
393.0	21234.894349241556	-1537.247856411386
394.0	21435.250077172343	-1539.561561264074
395.0	21835.973572258088	-1543.4594331321025
396.0	22036.34393659943	-1545.3286152401936
397.0	22437.170185850573	-1546.633256706851
398.0	22637.58326593719	-1546.9903724394126
399.0	23038.442897619865	-1548.3233863936837
400.0	23238.871331658043	-1548.7987463947736
401.0	23639.829638945313	-1548.8008853882748
402.0	23840.30494914176	-1549.407071257993
403.0	24241.28954930681	-1548.9043417790208
404.0	24441.796589244957	-1549.4262612077928
405.0	24842.893302878627	-1549.7775591163054
406.0	25043.412878591724	-1549.7354166767952
407.0	25735.913703309212	-786.9030429889566
408.0	25446.34383604466	-1550.0732422813046
409.0	25647.0231128399	-1556.4778491853924
410.0	25244.320263857702	-1550.1601261964586
411.0	25847.26398011431	-1055.1669119027472
412.0	26189.248745117595	-1481.2481101396854
413.0	26363.262319789214	-1503.7576286946287
414.0	25997.693951390047	-1293.360634448655
415.0	12476.986637896493	-600.6481489660582
416.0	12397.640748879945	-1441.2475035778168
417.0	12375.517949133056	-1421.3789695548937
418.0	12422.103885525396	-1436.7923779186451
419.0	12217.745277109925	-1275.7262125231762
420.0	12455.280073923548	-1431.5694517112304
421.0	12198.579567520637	-1252.7609774510822
422.0	12352.200107204168	-1389.070058468483
423.0	12189.074113773526	-1241.1815936177752
424.0	12497.027484976066	-1425.0511295547885
425.0	12393.446528789756	-1388.9593805843415
426.0	12294.363533737953	-1327.6045238784518
427.0	12517.92342934697	-1404.587443867397
428.0	12756.870509857605	-1234.0193755343334
429.0	12687.438715927354	-886.6709100717375
430.0	12693.267590275604	-1397.3386538203904
431.0	12690.776569629008	-617.4014620957041
432.0	12630.945155760632	-1324.1002571050383
433.0	12951.864319091066	-638.5812291609355
434.0	12908.838008599889	-1371.921499974208
435.0	12995.04009175075	-978.8552474195621
436.0	12812.050919659792	-703.6969073675751
437.0	13244.524354636153	-644.5820346674346
438.0	13130.491319845234	-1305.6129090671404
439.0	13549.609622609916	-644.8651640178938
440.0	13092.868956235832	-729.7655712375698
441.0	13535.239835955632	-1359.3046339333011
442.0	13296.090218348554	-1301.5567512598589
443.0	13396.941246416905	-734.8530898706744
444.0	13774.43468542479	-1306.065041279604
445.0	13851.887218389349	-644.308805840676
446.0	13587.773192161707	-977.8544217649657
447.0	13973.011143208654	-1188.8964761545037
448.0	13771.254038177072	-1184.4336375404364
449.0	14151.155203179036	-643.003560770178
450.0	14333.22809098858	-1375.3014432125303
451.0	14303.688472902388	-902.2719625001477
452.0	14093.564630617637	-1311.4198289026524
453.0	14450.542555805298	-649.0906359533443
454.0	14653.864250443075	-1387.8348175720482
455.0	14597.493304823302	-911.6151746278587
456.0	14449.827530229397	-985.6932353415692
457.0	14752.385342431086	-653.8772588770031
458.0	14972.795345050712	-1403.0841911466905
459.0	14895.108188816512	-1223.6109638649893
460.0	14788.946688997356	-1218.3894910379531
461.0	15053.75786591621	-655.2413539752569
462.0	15290.630596389026	-1419.5070233294762
463.0	15209.773500553581	-1239.6011023057097
464.0	15055.104280261892	-1354.4569170457899
465.0	15355.161474845634	-656.4643309921256
466.0	15653.506014924467	-649.9096625290886
467.0	15408.709549506544	-1243.2751749317983
468.0	15783.075312335715	-912.7881776075416
469.0	16259.420567330373	-660.3148187271859
470.0	16127.327780586535	-1393.7202743027665
471.0	15928.40701050355	-1382.7151673177868
472.0	15518.306147048417	-1241.0721185260827
473.0	16713.070518140856	-1255.9025351545522
474.0	16560.868980892134	-661.560585175439
475.0	16327.931938336145	-1401.6150460966128
476.0	16824.328972890948	-1466.6608315876854
477.0	17163.272402468927	-653.42877463716
478.0	16409.575019321048	-755.0042856032634
479.0	17009.109109813555	-736.242515537389
480.0	17465.65991154617	-652.3525394691584
481.0	16822.71574095996	-993.8074858447635
482.0	17128.90137430805	-1250.3831763893722
483.0	17313.90235344815	-735.226038241272
484.0	17766.375901214673	-657.0966180000199
485.0	18068.227613409046	-656.3031502606455
486.0	17732.794422030503	-1249.378243523879
487.0	17916.696599613108	-740.3883873518292
488.0	18368.930150505006	-660.8918997206249
489.0	18670.861980906146	-659.805345359339
490.0	18332.873409556614	-1260.645503924803
491.0	18519.008261956882	-745.2297591273377
492.0	18971.55513092893	-664.475720065122
493.0	19273.543902972586	-663.2162689909013
494.0	18934.030027162666	-1270.1236636462381
495.0	19121.438210003587	-749.7683980596074
496.0	19574.103443431653	-668.7675985305458
497.0	19876.333828619336	-666.7999522839694
498.0	19536.352781785332	-1286.7978178574388
499.0	19723.89949370941	-755.1878547743094
500.0	20176.984363881504	-673.3600836537776
501.0	20135.91164674253	-1298.920811178914
502.0	20477.757965363788	-670.3659190507133
503.0	20025.341936937428	-758.552287375646
504.0	25892.637052704882	-693.5105372569284
505.0	20325.32759646005	-760.8902016204947
506.0	20780.29078762639	-675.0433843357101
507.0	21082.425443551972	-676.8126771793359
508.0	20436.93503316448	-1213.5256467398497
509.0	20739.54124398995	-1310.260347221488
510.0	20930.424543949466	-766.5641553872603
511.0	21381.979222488895	-679.4007833212655
512.0	21654.549992173095	-1044.9180396825643
513.0	21338.37767577837	-1312.1487215704892
514.0	21685.108083814823	-679.6613356362567
515.0	21984.578562163148	-682.2669472352496
516.0	22255.403346537063	-1049.4226194940122
517.0	21938.316204908228	-1318.2043662220676
518.0	22288.171068384832	-683.2157459287497
519.0	22587.661757793216	-684.9040217358596
520.0	22859.208471702645	-1053.1537979006152
521.0	22538.71617568663	-1319.999365781731
522.0	22893.61693762059	-686.2334613222938
523.0	23192.882625236878	-686.7735065703673
524.0	22992.541119107085	-1053.678886499716
525.0	23440.139261129825	-1232.8337506847104
526.0	23139.388725675246	-1322.212701515485
527.0	23496.71437212946	-688.4586862854322
528.0	23795.753935170957	-689.134254354016
529.0	23594.213067200002	-1053.5570264294008
530.0	24041.65378115755	-1233.1030923463604
531.0	23740.610404950767	-1322.9389235285805
532.0	24099.574841012323	-690.6833211504972
533.0	24398.906455363944	-690.4487754753454
534.0	24196.234677790475	-1054.8164559196914
535.0	24643.39650038075	-1236.791335296297
536.0	24342.101914089988	-1323.159710469198
537.0	24702.493693512613	-693.1922834028614
538.0	25151.34037285524	-784.2338016227162
539.0	25001.7321825546	-692.7960786148984
540.0	25554.76544513616	-1069.6115591419348
541.0	24798.665826064476	-1058.3426987920786
542.0	24944.12163301584	-1323.4338388572414
543.0	25595.90437942532	-1338.350245034658
544.0	25302.038558635133	-693.9223644421327
545.0	26134.899742981517	-1188.880164632836
546.0	26009.79105381883	-949.0085487701598
547.0	25736.626595868485	-1335.351314541928
548.0	26073.235366560795	-1533.4172606496559
549.0	26268.529546580277	-1366.3906000634404
550.0	12398.625581445216	-1417.9045228985385
551.0	12307.092403230607	-1376.4117199808336
552.0	12326.187733735334	-1389.2013867886556
553.0	12322.030595027541	-1367.311049298134
554.0	12357.233127906298	-1421.5831343574603
555.0	12368.649670578949	-1414.3493858852028
556.0	12367.574195996996	-1432.2021327321538
557.0	12346.852778526498	-1410.8469594764065
558.0	12354.976077868329	-1402.3743935470113
559.0	11754.258904624223	-562.2360421121465
560.0	11777.066736411636	-554.5509698984835
561.0	11810.54574972866	-582.5771093380627
562.0	11762.700706162695	-565.4326257055958
563.0	11782.586521805782	-614.7165610349136
564.0	11807.766986411598	-627.2012063810549
565.0	11800.385112429527	-556.2117482831128
566.0	11790.614767953002	-618.9530785232834
567.0	11817.840418902075	-680.7667705389803
568.0	11866.839519962312	-560.4499741071172
569.0	11945.274275528604	-585.1739822153841
570.0	11830.615346696397	-625.0445052173291
571.0	11825.880902644392	-684.9493993625318
572.0	12295.57384295179	-1356.4707577965985
573.0	12462.682571069416	-1389.6994173088508
574.0	11839.370290098464	-720.2321441593707
575.0	11980.783817733662	-568.8884968950046
576.0	11846.633813657281	-733.3292581116293
577.0	11879.68236381084	-757.7122154437511
578.0	11865.204695571389	-731.9157122427345
579.0	11853.88125373218	-746.4502940798233
580.0	11850.430697390984	-706.0198092529068
581.0	12114.25757959993	-607.6000021071137
582.0	11893.946392124206	-783.4100137506035
583.0	11868.435083874494	-772.6125561483387
584.0	12014.616204753069	-635.5497594481658
585.0	11876.563788093108	-776.6428126778446
586.0	11891.24993336134	-802.7457881423403
587.0	11906.056517565756	-828.7075147010701
588.0	11921.098163755509	-854.6018395944362
589.0	11908.552556702749	-808.368712785527
590.0	11935.73188053634	-889.3558050329884
591.0	12171.847416066756	-581.798631232625
592.0	11951.2786066161	-914.9251898808958
593.0	12307.26106377445	-590.7245694784145
594.0	11999.742210134695	-990.44380904566
595.0	11931.482428812213	-848.3214038262419
596.0	11999.843688030227	-981.385929039319
597.0	11943.967432011481	-893.1167335142782
598.0	11961.540644651259	-899.0262897489125
599.0	12016.598975365712	-1015.1439097114107
600.0	11913.556777255626	-841.6881043961866
601.0	11921.663855364006	-832.6134476847407
602.0	12032.4235453898	-1008.0327998423096
603.0	12085.625471735322	-1070.1421501454904
604.0	12033.645836285616	-1030.54791458619
605.0	12234.767169505709	-622.6257786211712
606.0	12026.773416112776	-999.8792714116225
607.0	11883.904063177912	-789.7137603294627
608.0	12077.752096239294	-1090.8087546187646
609.0	12086.741147664654	-1102.7834086048153
610.0	12130.997025572406	-1129.701879208628
611.0	12105.349681149355	-1135.5822508751535
612.0	12114.513218932547	-1147.4462902043135
613.0	12150.863155279243	-1165.78601160221
614.0	12123.693769907788	-1159.2814113537572
615.0	12142.174158104419	-1182.8187678409129
616.0	12151.476495869678	-1194.5766629423176
617.0	12168.719965617698	-1187.950994641861
618.0	12160.822562865886	-1206.2320757748923
619.0	12179.59483486686	-1229.5642805901077
620.0	12188.313095070693	-1232.1269347236566
621.0	12197.794422664068	-1243.7322953456564
622.0	12223.796439319134	-1246.1915455557476
623.0	12216.836403432315	-1266.7075619388645
624.0	12288.722764134627	-1299.0204951403969
625.0	12237.154990521709	-1298.5056740104958
626.0	12275.539320680722	-1334.3833639188058
627.0	12258.013398776551	-1286.3278495228194
628.0	12256.806856455732	-1321.0706148371846
629.0	11776.810715178503	-592.423159091075
630.0	11786.700776074305	-584.1863124330721
631.0	11804.656297489988	-645.3929516086123
632.0	11818.776438781017	-671.7371611732015
633.0	11819.964282939247	-634.0292640357711
634.0	11833.06752236712	-698.0941234543025
635.0	11861.41284021571	-683.7932950305336
636.0	11898.632014669944	-815.7162514082261
637.0	11916.662165957978	-823.9597218481995
638.0	11928.647839972009	-867.4754622335362
639.0	11973.207561440982	-904.0186083972918
640.0	11959.65928334339	-918.5268352550205
641.0	11767.702862107697	-557.9180773628835
642.0	11770.587656226771	-578.3024496811946
643.0	12336.50478623446	-1400.0351206033772
644.0	12427.256568375431	-1404.3118127252674
645.0	12042.311047235738	-1042.700284018841
646.0	12055.074599966376	-1027.8659335445052
647.0	11983.592396983659	-956.4853896532526
648.0	11977.350240044902	-922.7351303032077
649.0	11967.877603633542	-931.0299535575745
650.0	11991.585322440333	-968.967143592864
651.0	11995.375038640761	-952.8405406450262
652.0	12025.061774407593	-1018.3439534863546
653.0	12043.424981109996	-1023.3808160224744
654.0	12008.156936912688	-993.7652253505831
655.0	11786.528835623147	-562.7125104499622
656.0	11812.832013401458	-565.9588862232736
657.0	11794.660667540107	-601.5593840740142
658.0	12132.319762221852	-1162.0134962474267
659.0	12144.713873710956	-1157.9768019388193
660.0	12095.744599020187	-1114.667682705641
661.0	12068.740189725146	-1078.8432256359563
662.0	12059.631675804756	-1046.1161240653582
663.0	12051.07075111117	-1054.7395280017415
664.0	11808.426141280152	-614.396198717126
665.0	11797.646203520226	-632.1815976423139
666.0	12315.944291255844	-1378.3531337565928
667.0	12335.74524342697	-1381.3636943789988
668.0	12226.466047742497	-1278.1261708941645
669.0	12245.231177543028	-1281.7278158033703
670.0	11822.567443504071	-651.9679451832653
671.0	11811.707216704342	-658.5589145865048
672.0	12276.459324734002	-1307.6734014567337
673.0	12265.574616650336	-1323.2722803621011
674.0	12245.89875506883	-1300.8112588644317
675.0	12506.140933581564	-1371.487756274233
676.0	12207.278442758194	-1255.2473330329974
677.0	12226.126397901162	-1259.3970851696479
678.0	12169.521327034323	-1208.8367812533136
679.0	12189.212245943463	-1214.179861880518
680.0	11835.853998807142	-679.6646847242973
681.0	11915.97577559291	-564.9898197079004
682.0	11973.035753672431	-641.1131180753333
683.0	12285.539347983356	-1345.4594791055144
684.0	12283.366413269221	-1325.433955831999
685.0	11861.979735175571	-750.5189378262148
686.0	11906.36050512683	-742.8567816890094
687.0	12064.340633829479	-575.2000943834629
688.0	11905.546610967574	-789.4456660856868
689.0	11946.136004837552	-873.9972092522166
690.0	11975.88988971801	-943.7315471359883
691.0	11987.350850483637	-937.8017528431028
692.0	12059.85601204703	-1066.8032476630267
693.0	12070.001086340511	-1060.5444630942627
694.0	12575.0986546757	-1391.5847969443514
695.0	12242.551800506408	-1268.2242866748275
696.0	12264.2067932059	-1303.89553575258
697.0	16525.55717252634	-1405.857142726285
698.0	16407.910393232163	-937.101697546285
699.0	12795.81349093705	-834.2883084059437
700.0	12735.270490515979	-1360.4713393700551
701.0	13100.93816016621	-893.3890158562444
702.0	12973.260567398202	-1320.0943093311805
703.0	13455.795848316322	-1304.7921595350144
704.0	13412.919063514315	-903.6542020922467
705.0	13725.914359548653	-897.5434697817624
706.0	13614.936818413806	-1305.5645907253854
707.0	13889.89112031799	-1118.630310460713
708.0	13933.62559529375	-1309.3224661238303
709.0	14170.86947464873	-976.9470848671353
710.0	14254.95355483087	-1317.3021683472364
711.0	14583.128935441278	-1205.0973599400852
712.0	14415.48297775856	-1324.6332976088595
713.0	14736.402190688576	-1337.8907067886864
714.0	14897.681490155892	-923.8872291338284
715.0	15200.804564751343	-928.8399731392195
716.0	15214.127433297013	-1362.8239226124113
717.0	15372.01638243592	-1369.805777411024
718.0	15727.460648725848	-1367.8372010700696
719.0	15492.4424596765	-921.3858811082628
720.0	15623.113317634074	-996.2902240969239
721.0	15537.36083686178	-1370.8102169731167
722.0	15957.973636301815	-659.1118150869142
723.0	15981.960618576866	-1248.0497169611808
724.0	16108.118151952562	-753.7835680366337
725.0	16114.148647806176	-1255.4486061258588
726.0	16700.531231650075	-924.6994227610952
727.0	16486.48421647225	-1265.4584154562065
728.0	16708.144165458594	-745.602378597563
729.0	17073.24981072595	-988.7541974852338
730.0	16925.16830428439	-1398.5829376515983
731.0	17327.623246851785	-1399.9212155527678
732.0	17320.25564777055	-898.8786019799596
733.0	17126.28072043706	-1398.6709996898778
734.0	17679.648811744635	-987.6588825887926
735.0	17528.49633766092	-1402.4690902777493
736.0	17929.549474782078	-1411.947098736754
737.0	17729.16055251868	-1407.318290550249
738.0	17923.02441850329	-908.6829759395727
739.0	18129.80294583178	-1415.241880736933
740.0	18530.401431027138	-1422.3371261922814
741.0	18280.022813341795	-997.5411384550456
742.0	18330.017737893402	-1418.6301648490005
743.0	18524.198323686047	-916.0025224427912
744.0	18881.15491541244	-1005.9348685482855
745.0	18730.846187025036	-1424.923160961602
746.0	19131.84755823878	-1431.7909967661915
747.0	19126.230400717137	-922.7599221096576
748.0	18931.28730929061	-1427.9949910688567
749.0	19483.268971744787	-1020.8551147765278
750.0	19332.46531777632	-1435.1636578251957
751.0	19733.54136803851	-1442.4435712364293
752.0	19728.5294609105	-930.2839868133711
753.0	19533.142573343972	-1438.9508750254827
754.0	20334.97642126304	-1455.655887519256
755.0	19933.838058072244	-1446.4972737991102
756.0	20083.92210628452	-1031.6883351413555
757.0	20134.38804253655	-1451.2300721519193
758.0	20326.00900863825	-945.5557584847465
759.0	20535.10798571337	-1459.4478090762739
760.0	20935.689248235558	-1465.4394473207321
761.0	20688.476091430115	-1036.7072096987715
762.0	20735.30924985778	-1462.6082143909953
763.0	20933.81899304871	-947.2898024650561
764.0	21135.828411400315	-1467.6096696373309
765.0	21536.312791264663	-1471.6653946264125
766.0	21286.407432605338	-1043.1159733260968
767.0	21336.100558349637	-1469.8613233837543
768.0	21533.49368928088	-953.9351012403877
769.0	21736.554460799725	-1473.7224135632414
770.0	22137.088885830264	-1477.1319904999957
771.0	21886.41345188557	-1047.616743299285
772.0	21936.828966160178	-1476.2867504522917
773.0	22135.22858030202	-958.4095541163036
774.0	22337.427719201165	-1477.4278808595536
775.0	22738.147205619054	-1479.3395256852625
776.0	22487.292134176605	-1050.8984734008402
777.0	22537.80272991674	-1478.0673296425718
778.0	22740.01597521109	-961.3639706596665
779.0	22938.517174072967	-1480.2351118928673
780.0	23339.310788565224	-1480.427245688148
781.0	23076.65152043008	-962.1211407307486
782.0	23239.77364737165	-1232.8536725454057
783.0	23138.895109473946	-1480.2248509306107
784.0	23539.778722122403	-1480.3049768547316
785.0	23940.7290378788	-1480.6831260268
786.0	23679.1471954564	-963.599036342163
787.0	23841.051452857046	-1233.6576253793403
788.0	23740.244292637974	-1480.9087511809428
789.0	24281.826061100423	-964.2689797140696
790.0	24141.223164752486	-1480.110708112823
791.0	24542.23506769452	-1481.6313127764763
792.0	24442.632262535146	-1234.0945958073316
793.0	24341.72445924219	-1480.793632446
794.0	24884.495365823972	-966.0062876343915
795.0	24742.84151809748	-1481.7184564931404
796.0	25144.410805753232	-1481.1089124888488
797.0	25047.248797961405	-1234.3460978852647
798.0	24943.473777107927	-1481.1760657724342
799.0	25263.871503224425	-1235.234646507987
800.0	25346.852015774803	-1480.9176938136404
801.0	25756.617310518468	-1483.858567301929
802.0	25549.065312843933	-1486.63801512322
803.0	11796.577446247591	-589.0473807128941
804.0	11842.520932129833	-590.4544097633485
805.0	25712.417565061653	-976.9330061024624
806.0	25849.67273544449	-1232.7049232831596
807.0	25509.54607853101	-1244.507084380609
808.0	12385.104560808546	-1422.902118013092
809.0	12315.239174331686	-1360.0444947986944
810.0	24743.489290795584	-1326.2892935647196
811.0	25151.492445620923	-965.3452256217939
812.0	24141.691687819704	-1322.3589299941898
813.0	24549.737837205554	-965.132430871577
814.0	23540.160432180983	-1322.3458233160636
815.0	23946.93414866317	-964.3930312369733
816.0	22939.25954560777	-1323.3524171212066
817.0	23344.57609014701	-962.8516808311997
818.0	22338.47600080309	-1319.3679205672172
819.0	22738.96802126933	-1321.043181278921
820.0	21738.289297944462	-1315.6602067585525
821.0	22138.303806541753	-1319.050822221343
822.0	21138.408950516034	-1309.9251090966784
823.0	21538.10365068739	-1313.7893064788416
824.0	20538.504647405312	-1298.9005840202208
825.0	21055.013058809236	-1039.1917976227724
826.0	19937.68531327779	-1288.6143722574798
827.0	19335.83998495611	-1277.0624980557986
828.0	19852.425695003058	-1017.8126202360005
829.0	18734.128744988353	-1266.9918704553784
830.0	19249.8315563513	-1008.8617318070774
831.0	18133.477846276477	-1257.2406901158654
832.0	18647.950413445935	-1000.9743718003416
833.0	17532.558241506005	-1244.610510625629
834.0	18047.34056102742	-992.5517288699563
835.0	16925.962498452613	-1239.9287508058896
836.0	17445.695725883157	-980.8236633328943
837.0	16355.669903691049	-1262.7458187592401
838.0	16551.591420994726	-1022.7550412819928
839.0	15888.009842131853	-1158.3264468262762
840.0	16248.881877219697	-1022.7481848216976
841.0	15322.969830716218	-1169.7536005435486
842.0	15735.55183362248	-1224.6526805339672
843.0	13581.394001288862	-1120.8079736612679
844.0	14020.914079644559	-895.7566761608874
845.0	12207.372750427565	-1236.8382348065472
846.0	12132.70195484465	-1142.2599960859473
847.0	12227.738349711239	-686.944634824793
848.0	12067.92179970882	-969.4293702316749
849.0	12342.620523801523	-1388.5782635836556
850.0	12429.861122297101	-1341.1838339368053
851.0	11914.501663523451	-631.0280312187551
852.0	11817.875894786428	-643.2064468221319
853.0	12195.489090955723	-1221.929036164837
854.0	12561.148722332895	-1349.1472352646026
855.0	12276.726716160498	-1318.0523286006082
856.0	12178.721727569993	-1201.2472224480928
857.0	12502.199589557962	-1305.2189472367081
858.0	12257.68031580093	-1296.40212311717
859.0	12163.141511793168	-1169.5201961933897
860.0	12232.535195194527	-1266.99604917746
861.0	12213.672289669135	-1244.503295493776
862.0	12175.425233100119	-1144.8935683401353
863.0	12205.828437422053	-1224.0896345198464
864.0	12433.841521682576	-852.4179644555958
865.0	12189.718774593173	-1204.0138469546648
866.0	12114.815484987208	-1120.7009148749319
867.0	12276.822353597418	-790.5506959269993
868.0	12178.571155805825	-1189.4004096829747
869.0	12104.445766990482	-1106.338697900881
870.0	12375.731625615002	-723.0105226711233
871.0	12145.638383099547	-1147.2703698250316
872.0	12098.465794920994	-1098.4322197637782
873.0	12138.682266174641	-1114.9788413816357
874.0	12120.922816090779	-1128.6128338351962
875.0	12087.06258023797	-1083.3381879744018
876.0	12114.891874044997	-1109.561556476386
877.0	12113.024480471926	-1080.3233159541371
878.0	12075.914486068505	-1068.5671008642282
879.0	12099.170258508973	-1088.062360070974
880.0	12052.933444697172	-982.729944569896
881.0	12016.060904762513	-983.8581503834035
882.0	12070.05195283889	-1048.9135007384277
883.0	12109.114960332996	-659.3669661258022
884.0	11891.35680582244	-764.7970142430404
885.0	12010.532848491865	-975.626977337292
886.0	12042.293500207787	-1009.9117526586324
887.0	12000.643342306976	-961.1341246307038
888.0	12057.222466842994	-952.347826470134
889.0	12026.22866557606	-986.6995524686323
890.0	12158.250271615218	-1138.8949917844614
891.0	11919.716997516538	-784.7865689804852
892.0	12002.409518600796	-918.33434866546
893.0	12159.675977005349	-697.8844514549352
894.0	11941.85507931245	-823.3606722064827
895.0	11941.063345162596	-865.4545801468515
896.0	11988.361066179796	-925.9230583969407
897.0	12097.265986937062	-749.8480156502719
898.0	11956.375811376345	-890.5344872186948
899.0	11931.39478035558	-835.3589073206913
900.0	11943.247739557593	-855.3316846933079
901.0	11955.822389728348	-830.3848638247151
902.0	11870.02839703678	-740.6428815407144
903.0	11918.432290748615	-812.6583546662883
904.0	11864.880869445218	-718.2555844985587
905.0	11889.051968087917	-774.6959742564862
906.0	12063.644193775719	-685.1003822795022
907.0	11933.894279111513	-809.313845388621
908.0	11942.19086752392	-616.9301671670249
909.0	11840.650870660253	-688.4214585005702
910.0	11875.43200021523	-693.10991889467
911.0	11879.623134732594	-743.795069905566
912.0	11855.243287434316	-714.7584230992876
913.0	11831.129782063881	-670.8454482958799
914.0	11849.96307692767	-692.2130888074504
915.0	11856.023153777453	-640.0074493335518
916.0	11882.522842130602	-602.0324505825793
917.0	11893.10285568149	-624.260539112156
918.0	11857.728358072027	-605.9083675884218
919.0	11823.97589967372	-594.9159105766188
920.0	11799.311356501239	-610.380139244915
921.0	11848.389618257801	-625.5836193449571
922.0	11821.40905405451	-609.830754274064
923.0	12367.86342539211	-1404.0903423862612
924.0	12399.92264604222	-1368.1055974322255
925.0	12301.992700044631	-1345.9686529347243
926.0	12332.964691453884	-1368.426504372208
927.0	12306.239444325101	-1316.9498923248495
928.0	12295.328326959987	-1338.6440212928246
929.0	12312.806464271001	-1347.5473266974666
930.0	25147.598869215	-1323.4618206125112
931.0	25033.145636189704	-1055.1820171430281
932.0	25281.868241402044	-1056.2821322595064
933.0	25426.43129646253	-969.7912665143516
934.0	25363.21519167976	-1323.6393060015064
935.0	24844.18893148465	-1236.606169272692
936.0	24428.257258976937	-1053.9060508160976
937.0	24542.69328613691	-1323.9335693528174
938.0	24664.816055007603	-1058.1787418062904
939.0	24242.13552722183	-1233.5186416835859
940.0	23825.952637479353	-1053.6326159607663
941.0	24062.57731591711	-1054.6176252013981
942.0	23941.109429281296	-1322.9035078005097
943.0	23640.577461316676	-1232.8719041972442
944.0	23224.174208375374	-1052.5117674678506
945.0	23460.595302195583	-1053.5330153395596
946.0	23339.719488077524	-1322.4943212539056
947.0	22839.56671506258	-1233.325581052187
948.0	23039.67888535597	-1233.4285422068976
949.0	22639.317527357358	-1230.6260641722304
950.0	22620.72372465905	-1051.1186367045477
951.0	22238.98308317237	-1229.4201855834544
952.0	22439.131913222398	-1230.5053325536737
953.0	22403.056485121986	-959.7634953249417
954.0	22039.046096058966	-1229.1650627313168
955.0	22019.550606454544	-1048.5213607157195
956.0	21639.110683060117	-1225.2922178733097
957.0	21839.195648150868	-1227.3148420971895
958.0	21800.94641079215	-955.5879297699024
959.0	21439.318054023795	-1223.9728713032375
960.0	21419.268783504307	-1044.492844255529
961.0	21239.75200578601	-1221.850694057468
962.0	21199.867667748164	-951.3469752165614
963.0	20841.6436514847	-1221.7642018359245
964.0	21040.209768396435	-1219.0352107715182
965.0	20821.844781970514	-1041.5023722363142
966.0	20448.944628508107	-1031.3713112958496
967.0	20213.621111687367	-1040.8467069332698
968.0	20234.50977221477	-1217.426574614181
969.0	19839.273008958367	-1196.7320091862937
970.0	20037.956269486942	-1206.9144951599271
971.0	19996.80383612006	-934.4688232886152
972.0	19638.400397904104	-1199.1602774121995
973.0	19616.88296868799	-1023.7066588900956
974.0	19237.090839772794	-1186.5016479402846
975.0	19437.806165329755	-1194.7915339298572
976.0	19394.043507949646	-925.486162769262
977.0	19014.52822772264	-1008.9394803134182
978.0	19035.89807439579	-1183.3182189596039
979.0	18635.43567842254	-1177.1489633528843
980.0	18835.705259454593	-1178.7703573756323
981.0	18792.093135969604	-917.9817900754891
982.0	18412.90723875004	-1000.7692625895634
983.0	18434.54216196158	-1173.9739585721472
984.0	18035.32537102791	-1167.272268354236
985.0	18234.918349207976	-1169.1516825145245
986.0	18190.59750040981	-910.9096065721066
987.0	17812.77360302751	-991.5442618921194
988.0	17834.87011958811	-1163.284382258226
989.0	17433.700429681285	-1153.055922829657
990.0	17634.952454465863	-1157.5527445103737
991.0	17589.249894986653	-902.4843892072853
992.0	17231.617114917768	-1160.8421616017138
993.0	17209.182113376894	-990.2466346267023
994.0	16573.09342232862	-1182.752124758401
995.0	17028.16543012938	-1158.6649263988347
996.0	16980.00959389229	-898.8119929752398
997.0	16813.753026116854	-1165.0135147618123
998.0	15616.112804636243	-1157.4577626825878
999.0	15928.532807847258	-1007.6294824855146
1000.0	15020.760848967953	-1160.5365033023143
1001.0	15342.181385991646	-1013.7563756964695
1002.0	14713.443592488	-1143.5532153758988
1003.0	15045.664134520759	-1009.8340223303306
1004.0	14744.094839189389	-997.5268138139612
1005.0	14466.114407548761	-1133.1490190918582
1006.0	14381.437687414953	-1202.2332756733679
1007.0	14079.99751212745	-1189.845280510647
1008.0	14178.286623863662	-1124.662187395342
1009.0	13891.151340046721	-973.9879590404107
1010.0	13260.772191460472	-1116.5105879426999
1011.0	13664.816456068074	-1184.1198978749173
1012.0	12954.268160025289	-1209.8483169564945
1013.0	13268.57137566394	-977.0065915076817
1014.0	13028.86670902191	-1129.3142784006966
1015.0	12252.82354914901	-1256.608517493285
1016.0	12828.429094176792	-1061.5206556633063
1017.0	12871.714180502522	-1175.467968076243
1018.0	12877.1564564284	-945.4419735624233
1019.0	12234.08315805265	-1234.8017928626166
1020.0	12721.686393960606	-1156.7683476775717
1021.0	12719.286501440423	-1295.0808477540388
1022.0	12661.534950021423	-1279.0481393948903
1023.0	12216.53758261951	-1212.8443294954832
1024.0	12583.830339608454	-1312.2109632734148
1025.0	12558.111503334125	-764.7168531401397
1026.0	12632.7412445285	-1218.8405096659462
1027.0	12290.811165645166	-737.2091144989566
1028.0	12128.684445750803	-1102.7504376096579
1029.0	12451.269659039206	-780.8003779262696
1030.0	12096.599886957418	-1059.584874070677
1031.0	12201.097440296653	-1192.1289479137897
1032.0	12523.222591423959	-1341.4831942816454
1033.0	12271.55290189187	-1278.3401339118197
1034.0	12475.775820083263	-1366.31277482184
1035.0	12405.36109350084	-1403.801237199307
1036.0	12322.82891760166	-1336.644165606768
1037.0	12437.77474384097	-1386.2563007821373
1038.0	12364.118502422161	-1379.8527883711274
1039.0	20597.70079394923	-937.6852851614173
1040.0	20641.28954022983	-1215.7681731135751
1041.0	11847.558587333975	-656.7702255182685
1042.0	12376.338159871806	-1391.2804743264333
1043.0	12344.894203402271	-1355.3301004503003
1044.0	12422.355386218842	-1364.891942104061
1045.0	12363.043223034545	-1362.6620120960276
1046.0	12458.373728933077	-1339.161550127871
1047.0	12558.392138634046	-1263.0622773511338
1048.0	12549.81763058578	-932.7221400486784
1049.0	12311.558505604926	-845.7892025574796
1050.0	12467.715840565383	-1308.0722845353266
1051.0	12333.801739968361	-1290.109764257988
1052.0	12514.687519492492	-1263.7343022973844
1053.0	12607.64401662702	-853.7412058581461
1054.0	12746.172397896937	-1062.6837450631785
1055.0	12576.7132492933	-1214.743941453813
1056.0	12548.387071735802	-1156.8776834055618
1057.0	12604.718673231544	-1049.5619880789072
1058.0	12597.988372079528	-1114.1119110047578
1059.0	12655.308680050499	-1157.622190168333
1060.0	12686.524985138845	-998.9876646280894
1061.0	12384.436797201168	-1328.157657675302
1062.0	11934.076804998775	-671.5570577942617
1063.0	11875.941907142565	-642.5602861065933
1064.0	11860.969467764198	-667.860001104255
1065.0	11875.989499750232	-709.4216749627527
1066.0	11964.724754853762	-666.8936007297276
1067.0	11891.68993294726	-733.7809943636876
1068.0	11935.481491735898	-698.2523582575492
1069.0	11959.362521984704	-712.1586390575036
1070.0	11894.382928470754	-670.8618490463601
1071.0	11877.025043638307	-660.3151880679549
1072.0	11892.346512596165	-687.7232859467968
1073.0	12032.544069111003	-673.6732061802049
1074.0	11905.968148923761	-759.9556560301771
1075.0	11972.681022119927	-874.259654023342
1076.0	12146.960187495431	-742.1497082758124
1077.0	11957.12740151686	-849.3933798059898
1078.0	11988.063174770097	-848.0000661127773
1079.0	11972.173074199369	-857.5893109148643
1080.0	12220.260500234683	-803.0641687044912
1081.0	11970.473877354249	-819.4199441284854
1082.0	12037.581470885636	-976.3136014924003
1083.0	12023.648541455595	-952.882685884743
1084.0	12068.28513437556	-1020.1824465274616
1085.0	12008.845854916975	-851.5498265394932
1086.0	12126.54810252761	-1051.115919592433
1087.0	12054.269778425942	-999.0941992984912
1088.0	12083.081961417543	-1039.3420455451298
1089.0	12395.128980729583	-985.286226789669
1090.0	12145.088926876067	-1054.4247496958385
1091.0	12129.107846321946	-1087.806171041305
1092.0	12152.999083962553	-1119.1615802183849
1093.0	12193.06092580451	-1181.4162216581892
1094.0	12306.090620379598	-1258.5672057528798
1095.0	12214.460411543218	-1194.9256116040845
1096.0	12231.51474287889	-1218.0028982834174
1097.0	12329.920052775358	-1228.1520341066825
1098.0	12265.109468652736	-1227.0553208774702
1099.0	12249.88425146268	-1240.1654038099102
1100.0	12269.04242930095	-1262.1243310108282
1101.0	12442.739882872293	-1281.7161461316362
1102.0	12381.738997736653	-1353.2359148992175
1103.0	12340.58226558839	-1339.6575527715613
1104.0	12111.89121742302	-1065.0418677827518
1105.0	12088.354243588534	-979.0591378913674
1106.0	12304.708904882791	-1275.11827083577
1107.0	12320.604378448035	-1320.7329604502527
1108.0	12286.774200443886	-1283.5193372367987
1109.0	12304.231228874845	-1302.433963722484
1110.0	12316.211486868313	-1287.326394759968
1111.0	11903.639925658897	-799.7418038747583
1112.0	11935.741799340545	-796.0415339934049
1113.0	11987.986096931514	-881.0073922445754
1114.0	11971.774996208167	-914.47212783756
1115.0	12016.245277347434	-940.1484798922738
1116.0	12011.193410555594	-964.3970815296265
1117.0	12053.798764767811	-1038.1263686967693
1118.0	12162.502855642744	-1180.186735267831
1119.0	12195.108449436753	-1167.4201631741169
1120.0	12446.68731447638	-981.0181098239731
1121.0	12229.327542924782	-1180.835078393514
1122.0	12483.803308715791	-1226.1699629702428
1123.0	12246.87945746658	-1205.1758389783474
1124.0	12410.126181584992	-1319.3192320410544
1125.0	12285.645443349777	-1250.7524692529169
1126.0	12284.65178038789	-1232.1265728029339
1127.0	12214.309253065476	-1152.0916740963166
1128.0	12358.701688150968	-1185.7054397177792
1129.0	12264.6730898304	-1208.8646506251068
1130.0	12178.14026865873	-1160.8963136690975
1131.0	12164.203889875753	-1106.1618545999354
1132.0	12499.181750299851	-1167.6316799757412
1133.0	12187.634426035247	-1072.6785016939714
1134.0	12246.769428588768	-1185.9267369798429
1135.0	12116.813818333474	-1037.2583847897167
1136.0	12189.603371782165	-1130.2995034382893
1137.0	12167.695023962087	-1036.5043787442755
1138.0	12146.515407621497	-1075.833552973325
1139.0	12146.982173867566	-822.05897625817
1140.0	12003.017839049173	-903.4238059503435
1141.0	12037.112318887406	-957.8198218534835
1142.0	12270.647048109035	-885.4833802869658
1143.0	12038.026296446269	-920.698308443872
1144.0	11987.668989713486	-828.8392153076729
1145.0	11940.932870242585	-747.4738529060663
1146.0	12110.545044440558	-818.6280788534744
1147.0	11922.710655600538	-733.8785099573985
1148.0	11967.148089046277	-794.3064414479201
1149.0	11980.656269924933	-694.2745046676797
1150.0	12349.695811239571	-1321.1498151189408
1151.0	12336.186416097831	-1309.0004013459068
1152.0	12384.561183102303	-1238.5124138868202
1153.0	12466.081147322315	-1137.047116726472
1154.0	12268.81128910936	-1169.7631554926254
1155.0	12366.836634338746	-1281.2531270124243
1156.0	12446.339421088172	-1241.298469505876
1157.0	12346.191515787019	-1271.2737324509817
1158.0	12367.956253661823	-1312.2385725924644
1159.0	12413.66283052788	-1290.9408098284293
1160.0	12117.350634005945	-1018.8298100976723
1161.0	12068.611793737333	-1004.8797756452896
1162.0	12097.03064680096	-1044.375790967917
1163.0	12019.122737470852	-926.9922314524161
1164.0	12082.986622482595	-1024.8397172621535
1165.0	12087.707903888278	-998.1452885763871
1166.0	12008.26082915783	-867.8868095628137
1167.0	11987.544259721393	-896.4471198017533
1168.0	11961.951984945408	-738.4798035958514
1169.0	11920.279480512625	-769.5533376852248
1170.0	11919.848740054556	-710.9781798472292
1171.0	11984.24259628241	-781.9839517601825
1172.0	12008.680754500665	-817.3468920922018
1173.0	12064.511009889704	-731.3161749830948
1174.0	12033.377058493832	-753.9680937108454
1175.0	12176.952627228906	-785.4319561231332
1176.0	12110.165990201349	-966.0529029640948
1177.0	12219.667572497396	-1102.2759928018913
1178.0	12363.320175970917	-873.5222169902767
1179.0	12135.179536775826	-1006.463707030538
1180.0	11914.698599816977	-659.8744391915976
1181.0	11902.599839031513	-703.5947873261957
1182.0	12006.861306370383	-740.6965635723724
1183.0	12006.895133101541	-706.6174687453246
1184.0	12547.806017978814	-1016.2261677130876
1185.0	12482.856979936258	-915.3153738599982
1186.0	12305.034032009295	-1216.154045539508
1187.0	12386.853826820974	-1268.7937898826367
1188.0	11949.551751699453	-784.8876036328069
1189.0	11938.89405135774	-766.0498062927248
1190.0	11983.211906154485	-754.6747640330753
1191.0	12034.065211373081	-781.5674736366424
1192.0	12023.986887487588	-831.774317717253
1193.0	12018.913940971199	-893.5049094334967
1194.0	12130.495583474074	-888.042527065134
1195.0	12059.644390084313	-934.6252804384027
1196.0	12055.589250125378	-890.0056679960029
1197.0	12037.209179498235	-902.1215291400689
1198.0	12181.344216773023	-990.3441968156689
1199.0	12097.472123538484	-1011.4448879928963
1200.0	12414.969725025088	-1220.2417572068528
1201.0	12329.982978183778	-1251.9392978700714
1202.0	12090.821297243529	-789.6993660928971
1203.0	12008.58014937756	-795.6051312252766
1204.0	12231.391784579615	-1157.1559072906402
1205.0	12227.560427424076	-860.8113369746019
1206.0	12280.837837573357	-1185.1804561194283
1207.0	12200.31772765654	-1090.1641395562747
1208.0	12301.656468017098	-1187.3985991083657
1209.0	12355.569220105534	-1217.9664847662086
1210.0	12482.440876975372	-1041.2373968826887
1211.0	12221.000251811382	-993.5499046484783
1212.0	12414.076539007523	-1155.5481269840045
1213.0	12395.428492332996	-1082.6691215681585
1214.0	12360.7773004778	-940.687743360375
1215.0	12312.719772351527	-969.4839227149392
1216.0	12091.828053360752	-850.7191094405674
1217.0	12195.44586404069	-884.0838358705169
1218.0	12058.754473075422	-798.766905351517
1219.0	12023.715093869738	-873.4076406031448
1220.0	12162.974819184741	-1083.5229613839722
1221.0	12259.040969606445	-1149.3810941042532
1222.0	12228.867418646374	-1027.5626801055812
1223.0	12183.633216210465	-1111.301201264166
1224.0	12399.136691602145	-1184.2005499773102
1225.0	12333.615358143366	-1129.053949428763
1226.0	12329.674956828596	-1167.1355426271111
1227.0	12320.006368882372	-1027.798393012783
1228.0	12193.781111558024	-1047.0687223317611
1229.0	12061.925377155125	-850.2554798936757
1230.0	12048.575544066822	-827.2319885652026
1231.0	12082.127717228323	-925.2761569738777
1232.0	12047.382162474205	-869.5375607887842
1233.0	12267.929032557797	-1123.6748815254075
1234.0	12369.659406654726	-1041.4202090165
1235.0	12211.519210969496	-1130.9737596894513
1236.0	12242.720085950781	-1094.3479739506977
1237.0	12133.00093847739	-978.8747377743148
1238.0	12107.791142785414	-937.7143941251143
1239.0	12158.175483489957	-862.9636877354429
1240.0	12456.651628906846	-1086.7544264000433
1241.0	12377.581936871116	-1118.9714235261254
1242.0	12198.191235418823	-926.727644885607
1243.0	12134.463420476714	-920.4852418766974
1244.0	12274.351190348754	-942.0125740743273
1245.0	12294.422162163473	-1057.8587113954072
1246.0	12163.125296012076	-1013.7926286852859
1247.0	12161.051362455471	-968.1011986207335
1248.0	12234.009941041926	-959.9843397770534
1249.0	12164.888691870727	-938.0502115620966
1250.0	12254.661483160793	-1051.5287822573925
1251.0	12302.458383819221	-1108.1934927043687
1252.0	12100.585282771877	-879.228846174954
1253.0	12078.889694217423	-899.2333238352809
1254.0	98.20095678501825	-1262.3941413954437
1255.0	11995.662583199015	-1020.1621606232142
1256.0	7388.260831665691	-638.3900825062866
1257.0	11712.919610511863	-552.1767709612665
1258.0	11696.400337204532	-553.423446406855
1259.0	11674.832083284527	-555.0994608579721
1260.0	11203.57958338675	-591.7933032461157
1261.0	11612.38070351504	-560.2186996430383
1262.0	11781.147055213793	-659.8877588622264
1263.0	11681.200338158995	-585.6077022663036
1264.0	11802.187523682276	-699.603045877018
1265.0	11801.26741899621	-708.6231093075976
1266.0	11275.687225019754	-626.2622903904171
1267.0	11507.24685993936	-568.3988044020224
1268.0	11387.364595477875	-608.7756233684578
1269.0	11838.219107227837	-765.2622422795774
1270.0	11418.449900321104	-1151.4874458752086
1271.0	11859.655713719238	-813.3763375354696
1272.0	11867.15163760189	-826.3933757338388
1273.0	11889.987147068829	-865.196085362586
1274.0	11583.889404529233	-1268.0241246540338
1275.0	11937.308875313247	-941.8401628184635
1276.0	11727.99116603446	-1285.5788962832007
1277.0	11987.20942568587	-1016.9033156716263
1278.0	11995.793543751803	-1029.2314308904079
1279.0	12004.450203795393	-1041.5059420653633
1280.0	12013.169365421889	-1053.7294280894766
1281.0	12021.952395362854	-1065.9087553292695
1282.0	11844.028709057004	-1300.065399076849
1283.0	12005.726142044083	-1063.6465399195215
1284.0	11938.446521065556	-1309.4331692753178
1285.0	12063.616236965163	-1152.6876719565607
1286.0	12102.789750518403	-1173.9273625627968
1287.0	12014.783106627461	-1318.0013113992584
1288.0	12148.632728691728	-1233.204199220386
1289.0	12075.94166366884	-1325.2618063604382
1290.0	12125.419028828897	-1329.910805706033
1291.0	12195.213007901633	-1291.868884692779
1292.0	12165.410135555998	-1334.420747902425
1293.0	12197.27059846496	-1336.608986718141
1294.0	12214.176991405135	-1349.5004358939657
1295.0	12229.864263222136	-1349.5037652614992
1296.0	11860.342864446759	-804.3516401229016
1297.0	184.33370431528968	-1127.7282389012878
1298.0	96.58468599768649	-632.2536296753359
1299.0	1007.9457643467478	-633.3427423103191
1300.0	1146.3701386677083	-723.9611274687531
1301.0	1436.0022458569954	-724.0160376194084
1302.0	1726.1064666561804	-724.0372918718562
1303.0	2016.2984498284375	-724.0544668507928
1304.0	2306.5061915812607	-724.0723816868616
1305.0	2596.7200887560666	-724.0923408026605
1306.0	2886.9383918636845	-724.115625763851
1307.0	3177.1576314198246	-724.140581835209
1308.0	3467.3489822195806	-724.0816364974839
1309.0	3757.5188461575003	-724.0311732064383
1310.0	4047.7220211742606	-724.0788941655114
1311.0	4338.008628520904	-724.2125245547683
1312.0	4628.52464327655	-724.0787895685534
1313.0	4921.287035114029	-725.764565595693
1314.0	5213.618783527555	-727.7654066799649
1315.0	5503.444474118216	-727.9140705508904
1316.0	5793.27197307206	-728.0907102194359
1317.0	6068.206761467666	-905.5178295708683
1318.0	6360.055747803647	-906.580217789396
1319.0	6651.847163707013	-907.6682846400139
1320.0	6943.196303421049	-907.78776189772
1321.0	11730.703998071245	-554.0445608331794
1322.0	7525.894163704939	-908.1623493376889
1323.0	7817.243199020551	-908.3487072107049
1324.0	8108.593380363755	-908.5066784499795
1325.0	10713.280388835996	-713.4805537926694
1326.0	12251.204351098024	-1351.1470296161108
1327.0	11760.629433546545	-619.8783961626656
1328.0	11845.56617562603	-778.3340881770213
1329.0	11921.628815887774	-907.3930563230188
1330.0	11978.679229944022	-995.4497490627961
1331.0	12039.344406828348	-1081.086569478508
1332.0	12084.1664309345	-1141.0488609819247
1333.0	12129.645220979684	-1200.4933388092704
1334.0	12166.486313296045	-1247.7159787923672
1335.0	12185.093996053669	-1271.2243681698494
1336.0	12213.09483845432	-1306.3263182258904
1337.0	12232.241103948028	-1330.3168733945615
1338.0	12244.827217895552	-1343.4774613412567
1339.0	452.529847528776	-1263.5621229098613
1340.0	743.8143292215782	-1262.1759242281523
1341.0	182.71743352795792	-767.6131825145135
1342.0	331.3610766827412	-759.8279860677793
1343.0	821.3580901197784	-903.814905165882
1344.0	1037.5160233505196	-1262.2069380646165
1345.0	1331.7817980075818	-1262.3401707331163
1346.0	1626.1491677069137	-1262.4686028291026
1347.0	1920.529823559944	-1262.5951048326303
1348.0	2214.9088979219596	-1262.7199062388156
1349.0	2509.2861823494536	-1262.8432390044184
1350.0	2803.66086597177	-1262.9653660979209
1351.0	3098.0223693022394	-1263.0861242724013
1352.0	3392.2929583120203	-1263.1975524523416
1353.0	3686.305188075576	-1263.0768061484725
1354.0	3980.6099371474397	-1263.1924089468703
1355.0	4275.053547857982	-1263.311459180623
1356.0	4569.4975399693185	-1263.6383814392318
1357.0	4861.789856837536	-1262.0259576354747
1358.0	5156.35234833595	-1262.0989799994838
1359.0	5450.9141015124405	-1262.1660888687738
1360.0	5745.0036990897015	-1261.3498361524944
1361.0	6039.618270777343	-1261.385308352117
1362.0	6334.232840464397	-1261.4201349894408
1363.0	6628.8474033212615	-1261.4543559795886
1364.0	6923.462064563676	-1261.4554481447778
1365.0	7218.076608008635	-1261.4909131948043
1366.0	7512.69114879454	-1261.5250282276972
1367.0	7807.305673884596	-1261.5590976658004
1368.0	8101.920195666589	-1261.5930093082375
1369.0	8396.53469901903	-1261.6267571973322
1370.0	8691.149194550491	-1261.6603426166287
1371.0	8985.763767151015	-1261.6674394308452
1372.0	9280.378229039497	-1261.7028326859802
1373.0	9574.992665466636	-1261.7402018318087
1374.0	9869.60703572757	-1261.7852996873573
1375.0	10164.221452683787	-1261.8087258706662
1376.0	10458.835958522746	-1261.8161164802252
1377.0	10758.409599934796	-1261.307576633164
1378.0	11045.057323332474	-1284.2730090517362
1379.0	11767.432197412136	-633.2308010332214
1380.0	11795.121419470242	-686.3955971261298
1381.0	11296.275621142593	-1295.708560561022
1382.0	11816.527407464906	-725.932961640183
1383.0	11830.92864093707	-752.1560974896116
1384.0	11823.698845981691	-739.0582651159142
1385.0	11592.488547235838	-576.3057225611686
1386.0	11774.24392983103	-646.5820809663459
1387.0	11662.536713772557	-564.7354733545419
1388.0	11747.378743388508	-592.9800047321824
1389.0	11740.59368327337	-579.4604237558843
1390.0	11734.872278372	-565.9101035347998
1391.0	11953.79051507289	-957.9972942741077
1392.0	12005.130516305107	-1103.6632609191383
1393.0	7098.523334078952	-638.2008817756133
1394.0	7677.998323040046	-638.5899538163295
1395.0	11753.925545018357	-606.4811407678181
1396.0	11719.495376288682	-555.0765712669835
1397.0	11705.495520687962	-557.9053794329149
1398.0	11686.851525143962	-560.8370335550691
1399.0	11701.221704412475	-577.4517335389895
1400.0	11788.10491991135	-673.1535288171599
1401.0	11707.71948671848	-568.3583470884399
1402.0	11040.273156195266	-606.0116849781431
1403.0	11474.255414656718	-595.1745370898361
1404.0	11632.223191235498	-569.8695289435905
1405.0	11740.774231915442	-634.0204894208988
1406.0	11790.303199225747	-713.6582343237448
1407.0	11766.573943448393	-683.2797758090383
1408.0	11777.282854778767	-688.5140408028286
1409.0	11780.110359609696	-668.8888346996732
1410.0	11497.336921422926	-1307.0103322236591
1411.0	11787.10733150976	-682.1615553462639
1412.0	11852.941141929186	-791.3504289786744
1413.0	11809.313849640102	-712.7927965888699
1414.0	11330.754349565432	-581.9585808109377
1415.0	11798.72292442843	-728.6618816376109
1416.0	11566.326230789737	-563.7276398880559
1417.0	11430.253535761389	-574.3596541276387
1418.0	11486.150607294583	-641.5870970292696
1419.0	11882.894181480871	-843.2515762274012
1420.0	11826.919624030357	-779.3275599305167
1421.0	11182.245841263823	-1225.2379504156743
1422.0	11890.522779667697	-856.1503657482339
1423.0	11837.462296043215	-774.2963376099233
1424.0	11905.952339459474	-881.8444715559414
1425.0	11867.802020693382	-817.3545682319404
1426.0	11913.756203940793	-894.6342189038223
1427.0	11875.32274401606	-830.3241393570693
1428.0	11870.531669209477	-869.4156230658003
1429.0	11874.708519606711	-839.3647196157693
1430.0	11929.56169891505	-920.1035702505686
1431.0	11882.319745997132	-852.2966514479068
1432.0	11937.56931679919	-932.7821589066456
1433.0	11898.206116093903	-869.0123315505489
1434.0	11905.69455216868	-913.684870898666
1435.0	11897.714269986502	-878.0634785756141
1436.0	11973.563182849264	-1029.808577259255
1437.0	11905.501854607166	-890.8949309159676
1438.0	11658.649571180928	-1315.8450662592256
1439.0	11863.827954540053	-844.4512520801394
1440.0	11895.970774154142	-910.9937600972529
1441.0	11962.007044026994	-970.5271993851546
1442.0	11913.353615874776	-903.6910610890906
1443.0	11929.2550597768	-929.165534005229
1444.0	11945.148799064025	-1032.013301225238
1445.0	11945.63954088521	-945.4061419458291
1446.0	11734.826162590194	-1224.3429145265436
1447.0	11970.310599217628	-983.0228297883182
1448.0	11945.435459685737	-954.4725040981847
1449.0	11944.37684606957	-987.6037998234478
1450.0	11978.70117331107	-1004.5203676461593
1451.0	11953.635640541075	-967.0576684249341
1452.0	11959.838875279	-1036.3138304617453
1453.0	11961.913776830092	-979.5962674202539
1454.0	11788.097242081078	-1324.5962297395342
1455.0	11935.335147324766	-960.8828797645989
1456.0	12057.156615695581	-1105.128181774863
1457.0	11959.229370411294	-1008.5572674892804
1458.0	11987.141165594958	-1007.8435010819807
1459.0	11996.216952738423	-1062.2752773207496
1460.0	12004.276392785274	-1032.4485193755256
1461.0	12048.23880604315	-1093.1185594938788
1462.0	12012.941795106215	-1044.6635475568285
1463.0	12021.684405520571	-1056.8520909623828
1464.0	12066.083014658661	-1117.1601352133678
1465.0	11942.071140945112	-1169.7160445723682
1466.0	12030.47470229128	-1068.9792320153272
1467.0	11892.759549931921	-1330.3566280012164
1468.0	12021.088248460159	-1085.1502466064303
1469.0	11848.84292759916	-1251.8293134803073
1470.0	12093.21211629048	-1152.9652433067
1471.0	12075.134894122099	-1129.1208702829913
1472.0	12030.80662235171	-1078.0473392382937
1473.0	12047.323530846159	-1131.8765496647447
1474.0	12048.62395696638	-1102.1444897108238
1475.0	12057.524897083282	-1114.1912307304199
1476.0	12102.27788377366	-1164.8763832678821
1477.0	12019.871077523085	-1234.8071008364896
1478.0	12066.52412291718	-1126.2159921032874
1479.0	11978.174540121277	-1333.9843021033994
1480.0	11940.972763564068	-1269.831158468324
1481.0	12098.961164329703	-1198.9895243095634
1482.0	12120.510835159534	-1188.6449736622353
1483.0	12075.597437145903	-1138.1599382017357
1484.0	12099.358300918933	-1189.1595296350522
1485.0	12093.691191531578	-1161.999199071698
1486.0	12138.801786284266	-1212.334061413648
1487.0	12111.390409323792	-1176.7849272185138
1488.0	12148.018069095639	-1224.173842431738
1489.0	12111.92118554539	-1185.8207055417236
1490.0	12046.45168243502	-1338.941187578078
1491.0	12112.06493011987	-1204.677481267311
1492.0	12130.19385557277	-1209.5219992387772
1493.0	12123.335064080893	-1256.2398345130823
1494.0	12139.39237719945	-1221.383828266861
1495.0	12175.753243252357	-1259.4688213898273
1496.0	12136.224187912434	-1247.2815565673675
1497.0	12157.243737567687	-1235.9522891632657
1498.0	12101.530508955415	-1341.2579974505925
1499.0	12130.356484309421	-1229.0268053039115
1500.0	12155.117758139495	-1260.4367923321927
1501.0	12167.120820732967	-1256.7352870898428
1502.0	12194.483191325902	-1282.8603725395917
1503.0	12145.666495941563	-1343.6007428857065
1504.0	12166.901995318862	-1276.4116043015104
1505.0	12176.437760465778	-1268.5163178454497
1506.0	12184.370890427539	-1310.7030736018448
1507.0	12212.767209484306	-1316.4080485807388
1508.0	12203.819650650867	-1294.561740824591
1509.0	12181.530745059878	-1345.7764309320173
1510.0	12221.58291814949	-1318.8984466324127
1511.0	12168.32589519312	-1317.3643061778469
1512.0	12195.004889311553	-1313.754682500062
1513.0	11850.188525222484	-820.167368534782
1514.0	11852.229687453531	-800.3559134085809
1515.0	86.13274753027144	-947.592123389882
1516.0	578.5085976105065	-715.5749436966344
1517.0	1297.4406062932	-633.451655786084
1518.0	1190.8863399378824	-1171.9217251844798
1519.0	1587.3319295290955	-633.5312403678867
1520.0	1484.9166139392219	-1172.1208652956523
1521.0	1877.2988850854447	-633.6064979454444
1522.0	1779.0617691365296	-1172.313274741853
1523.0	2167.277970694413	-633.6820032537356
1524.0	2073.218628996521	-1172.502053498253
1525.0	2457.2606848313276	-633.7580006884258
1526.0	2367.3721174309762	-1172.6876630167278
1527.0	2747.245925862279	-633.8355502764467
1528.0	2661.5212151257315	-1172.8705982225194
1529.0	3037.2330459320056	-633.914873556529
1530.0	2955.654531723463	-1173.050958837189
1531.0	3327.2192234114796	-633.9940942547171
1532.0	3249.683753708659	-1173.220620538297
1533.0	3617.1784547248208	-633.9895161257165
1534.0	3543.363702126941	-1173.1487777610548
1535.0	3907.143145342459	-634.077218870584
1536.0	3837.077810607306	-1173.0811096022705
1537.0	4197.135687734642	-634.170824991702
1538.0	4131.223300034658	-1173.2532379811075
1539.0	4487.183810682162	-634.3444371667533
1540.0	4425.508032501482	-1173.6366858201554
1541.0	4777.40576048335	-634.1706779123996
1542.0	4717.641471125981	-1172.288659621694
1543.0	5069.700260512701	-636.1638011008055
1544.0	5009.893409137559	-1170.6867335286329
1545.0	5359.491566889935	-636.3051069035838
1546.0	5304.414783457408	-1170.7643401086186
1547.0	5649.28000909642	-636.4460528786435
1548.0	5598.463263856104	-1169.9526716083158
1549.0	6228.868218844912	-636.760900395207
1550.0	5939.073123836839	-636.6153344790417
1551.0	5892.564562765951	-1169.1093664383454
1552.0	6083.106124827489	-728.271969829087
1553.0	6519.048198046547	-637.8626963716711
1554.0	6373.32714104414	-729.3857438148038
1555.0	6808.785729452194	-638.0345465671024
1556.0	6663.490593658364	-730.5258020797868
1557.0	6953.211671697708	-730.7303995768166
1558.0	7242.932715918145	-730.9523476090884
1559.0	7234.5452915187225	-907.9589625755052
1560.0	11725.313326505717	-550.601513807501
1561.0	11733.237393074925	-574.4637577251493
1562.0	7532.6536468861805	-731.2078317428922
1563.0	7967.7359994520275	-638.7621712526247
1564.0	7822.374756679458	-731.4463325823177
1565.0	8257.474640162041	-638.9338137245927
1566.0	8112.097015808395	-731.6566045836685
1567.0	8547.223816971886	-639.0862547360874
1568.0	8401.830775335191	-731.8471001602187
1569.0	8836.972961378211	-639.2391196792686
1570.0	8691.575038558301	-732.018818207982
1571.0	9126.722084771669	-639.3924723300123
1572.0	8838.105263018648	-992.6499688203245
1573.0	8981.319248365025	-732.1914478949944
1574.0	9416.471354055486	-639.5474711754802
1575.0	9131.11022176566	-992.6733867313936
1576.0	9271.06358304924	-732.3662114842936
1577.0	9706.210028594987	-639.7511898825035
1578.0	9424.115190229655	-992.7287231687988
1579.0	9560.797468879498	-732.5913411298721
1580.0	9996.181513821104	-638.7241825547128
1581.0	9717.109472321785	-992.8424840681733
1582.0	9850.753570652056	-731.6344646021925
1583.0	10286.258871220438	-638.941777125396
1584.0	10010.336545629603	-991.7115759702143
1585.0	10141.048355284445	-730.6914639381724
1586.0	10574.068175110166	-637.1861624472849
1587.0	10303.669626688665	-991.7875625247392
1588.0	10434.456319721327	-729.0222880707983
1589.0	11155.442566545864	-748.9528650097163
1590.0	11132.827089675638	-650.3834536153436
1591.0	10830.985885446817	-623.5226344621193
1592.0	11752.71773869096	-615.4610763226236
1593.0	11836.4123567519	-796.1667104222112
1594.0	11844.840979429138	-787.3488164310014
1595.0	11911.176147145045	-935.1004691456146
1596.0	11921.270057135263	-916.447676052229
1597.0	11969.766076361053	-1012.1154059266095
1598.0	11970.267415746705	-992.0827979038007
1599.0	12030.764086378776	-1098.0769051786235
1600.0	12039.714132277635	-1090.127902597197
1601.0	12075.680226999342	-1157.4787968226744
1602.0	12084.638578024553	-1150.0795311758163
1603.0	12118.157747656265	-1212.5814852264782
1604.0	12121.051716323243	-1197.6717547133112
1605.0	12157.871137865031	-1244.9709692534182
1606.0	12127.424971860324	-1308.8546266217847
1607.0	12178.942068484348	-1290.1728089533287
1608.0	12185.844329874919	-1280.2060775734826
1609.0	12200.196905113211	-1322.601899237423
1610.0	12204.432429584542	-1303.6882839606526
1611.0	12236.186360451591	-1341.836892191139
1612.0	12222.447207583877	-1328.8122248911977
1613.0	12210.705192270441	-1340.328914320242
1614.0	342.2606814890108	-1128.8545373134968
1615.0	934.7718335148202	-992.4641415403725
1616.0	392.7033678587759	-940.9332253553566
1617.0	607.1384360402445	-1173.2377128313872
1618.0	719.6190124487831	-633.5835466772492
1619.0	438.39770114784295	-624.55749183321
1620.0	647.4321049305581	-994.2325555615735
1621.0	858.3026028163513	-724.2266062668309
1622.0	543.2662027888546	-896.6356536819076
1623.0	1110.1407205323533	-903.4942277997555
1624.0	897.5217415069336	-1171.8200033328292
1625.0	1401.0520028109797	-903.5961582143973
1626.0	1226.2609451118296	-992.5648767120753
1627.0	1692.5369937417734	-903.6596321583183
1628.0	1518.8122135686729	-992.7337012493377
1629.0	1984.1230331993381	-903.7170967362696
1630.0	1811.5539955419383	-992.8914681173834
1631.0	2275.723249746454	-903.7736005740111
1632.0	2104.3196122305067	-993.0458520263619
1633.0	2567.3278317810305	-903.8306800508993
1634.0	2397.0854860214845	-993.1975588238141
1635.0	2858.9342189432414	-903.8898797010794
1636.0	2689.8494959668	-993.348143461914
1637.0	3150.528362262128	-903.9493815424048
1638.0	2982.5996038538665	-993.4979272009532
1639.0	3442.003702503942	-903.9156519801072
1640.0	3275.2446745381444	-993.6369094445363
1641.0	3733.199196637694	-903.6582299806796
1642.0	3567.513525489377	-993.450588382581
1643.0	4024.7205211585956	-903.7353413336374
1644.0	3859.821995806988	-993.3607228129513
1645.0	4316.464139648058	-903.9018095521338
1646.0	4152.589698846132	-993.5165571571937
1647.0	4608.437546947317	-904.0087844200146
1648.0	4445.552225480084	-993.9637170155802
1649.0	4900.50565608529	-903.9959242388844
1650.0	4736.537285125378	-992.3320314070521
1651.0	5194.413296429509	-905.9835752826524
1652.0	5029.713394385915	-992.6133283466843
1653.0	5485.814140628936	-906.1131356183547
1654.0	5322.655746302608	-992.7223405737356
1655.0	5776.744637592317	-905.3873101661078
1656.0	5615.122340127399	-991.9417178927797
1657.0	5907.646424997273	-991.157794167495
1658.0	6200.697462244595	-991.2012341115806
1659.0	6187.190833785593	-1169.1171406219785
1660.0	6494.133374854704	-992.1996529064903
1661.0	6481.817095974457	-1169.123663596137
1662.0	6787.126931224185	-992.2343914482329
1663.0	6776.443449718681	-1169.0964520981609
1664.0	7080.12054140287	-992.2648590629336
1665.0	7071.069784050999	-1169.0704846600636
1666.0	7373.113924085025	-992.3512150675002
1667.0	7365.6959979268095	-1169.0775400896694
1668.0	7666.107282199898	-992.4468460395134
1669.0	7660.322193447716	-1169.0831999073525
1670.0	7959.1008063484815	-992.5146197473229
1671.0	7954.948369964711	-1169.0886563345796
1672.0	8399.95504367527	-908.6447095111113
1673.0	8249.574524744088	-1169.0937912127977
1674.0	8252.095273057485	-992.5814969417964
1675.0	8691.32720286212	-908.7638005736584
1676.0	8544.200653272937	-1169.098599867876
1677.0	8545.100249615785	-992.6288464526564
1678.0	8982.69938570164	-908.8573146703742
1679.0	8838.826851049867	-1169.0767574480756
1680.0	9274.071582706614	-908.9812591102951
1681.0	9133.453015183813	-1169.0567228641137
1682.0	9565.433305396293	-909.1575454971893
1683.0	9428.079043144382	-1169.0669606117638
1684.0	9857.017177862059	-908.1595544205453
1685.0	9722.704979477401	-1169.0869029598277
1686.0	10148.939779882941	-907.1537675353211
1687.0	10017.330896339497	-1169.092902345372
1688.0	10443.97565059106	-905.4057698729927
1689.0	10311.956948779618	-1169.0611944849265
1690.0	10735.150924269925	-889.271819230417
1691.0	10612.03102725456	-1168.4976243342724
1692.0	10876.897339198878	-930.7927304157365
1693.0	10605.458041413827	-989.3609096872273
1694.0	10910.501375891736	-1190.8934464467445
1695.0	11763.769812370958	-663.7779729438256
1696.0	11773.169320845149	-655.5826108241221
1697.0	11759.495254745038	-628.8477590854088
1698.0	10948.275016826808	-682.1994793449026
1699.0	10972.315935144941	-813.6783098607721
1700.0	11794.158147580922	-695.4047582237199
1701.0	11406.089800159534	-1247.9267918496978
1702.0	11294.204527190814	-702.0217617486924
1703.0	11812.458611317843	-753.8604226026013
1704.0	11808.475776329535	-721.8002724353001
1705.0	11812.412320276331	-767.3449894807842
1706.0	11815.683861587073	-734.9376837609594
1707.0	11830.125725771684	-761.1778498459836
1708.0	11801.146305779379	-747.3483575601398
1709.0	11822.865666676924	-748.0560790867485
1710.0	11540.963600689318	-584.5105431097971
1711.0	11549.563272840836	-620.6346875668236
1712.0	11766.313905900772	-642.2222491771942
1713.0	11647.24654803398	-557.3104344700621
1714.0	11715.593197627064	-614.8825451224529
1715.0	11741.567511281653	-620.6634946343826
1716.0	11746.126343500358	-601.9605847660733
1717.0	11730.674000916806	-612.9787120500556
1718.0	11721.697296585231	-562.2054915164954
1719.0	11739.380533141513	-588.3732640742496
1720.0	11729.47500246973	-594.1462726384422
1721.0	11723.146262326612	-577.2785631051969
1722.0	11729.132947369993	-561.1717415650392
1723.0	10947.962649773928	-1053.2569051740757
1724.0	11202.581582761317	-1109.4943560669005
1725.0	12185.191787951293	-1297.9438189306231
1726.0	12158.860693748711	-1303.5186285590528
1727.0	11717.345496838925	-569.7586588663034
1728.0	11666.307567469596	-581.6683952862641
1729.0	11720.597021853275	-588.0482377001244
1730.0	11755.343304286245	-646.7189909012692
1731.0	11596.457946399134	-658.5658062726203
1732.0	11884.183609719066	-921.9513008869011
1733.0	11637.383552602623	-591.8764369704968
1734.0	11779.054561933432	-706.588700332392
1735.0	11086.929551383626	-836.0599268883852
1736.0	11102.854338712159	-1030.8928734302935
1737.0	11402.616170840107	-668.6576403809582
1738.0	12168.655969516183	-1289.0863860057561
1739.0	12148.954398191738	-1252.5898388379137
1740.0	12144.84717963069	-1299.5161101533492
1741.0	12141.95487559127	-1279.73787638678
1742.0	12076.786960537314	-1299.6902952582902
1743.0	12154.21441551197	-1271.065613088238
1744.0	12094.18287722302	-1262.8314720992992
1745.0	12097.588804996718	-1287.06936841709
1746.0	12136.52991870977	-1236.9145970399925
1747.0	12126.889436594072	-1274.146431057501
1748.0	12018.546632721469	-1286.8031218204815
1749.0	12080.770584643587	-1175.6038261576366
1750.0	12117.729785477728	-1223.0365244383993
1751.0	12076.481163173923	-1234.215932907744
1752.0	12093.260422578993	-1181.2245606599888
1753.0	12057.936079124644	-1134.4365886531734
1754.0	12035.06711471917	-1115.5650434710399
1755.0	12081.713220340918	-1165.4294438642603
1756.0	12051.060505397501	-1282.1714868971528
1757.0	12085.68658601521	-1205.7644138489002
1758.0	12050.92297319531	-1160.0760692077347
1759.0	12064.005594201777	-1142.3994835295136
1760.0	12011.591976434489	-1071.7807778851213
1761.0	12003.636572236994	-1143.893365704577
1762.0	12047.353457063313	-1120.6870486319106
1763.0	12036.705896009938	-1106.08553350551
1764.0	11974.665099717704	-1250.5534514131002
1765.0	11985.454657140726	-1035.3925101313187
1766.0	11985.89454224894	-1090.187932398822
1767.0	12020.675987037937	-1096.1384794280712
1768.0	12010.39590947136	-1081.9541619393156
1769.0	11907.434331095174	-1210.4366788175575
1770.0	11954.171618485525	-989.254265052749
1771.0	11995.16858480541	-1049.2005599992397
1772.0	11926.537391163502	-946.8715082294044
1773.0	11975.448911947196	-1020.3886530667563
1774.0	11900.100010972588	-1242.5185315976807
1775.0	11986.012418852906	-1073.1848987752558
1776.0	11921.158022217927	-938.4063989194461
1777.0	11959.75265316399	-997.595278049835
1778.0	11811.042396283692	-1172.8559422218332
1779.0	11943.747600928216	-974.4762712307323
1780.0	11885.398564604931	-881.0044799356862
1781.0	11933.802163099057	-971.8262727463201
1782.0	11880.238680257831	-872.41284297037
1783.0	11911.985976035206	-967.4260384820227
1784.0	11924.767744374492	-956.8478630231845
1785.0	11910.981542924133	-922.2037100330581
1786.0	11799.746457178966	-1215.1241623863352
1787.0	11932.62551926662	-997.3496678477173
1788.0	11591.844126398277	-1191.568497001538
1789.0	11848.827368092612	-863.5165847176717
1790.0	11852.480585248559	-837.8830444282315
1791.0	11895.37548852661	-897.2606622998228
1792.0	11883.51026799735	-891.1512042998687
1793.0	11792.361500834479	-843.5415992781176
1794.0	11841.338653674009	-804.8368239109417
1795.0	11872.07710234991	-858.3451511576895
1796.0	11861.770972766995	-854.3866084015541
1797.0	11855.19004390104	-828.8657483406308
1798.0	11822.016460470026	-770.5623983213032
1799.0	11839.98464217048	-815.6235816245747
1800.0	11328.971462801657	-1083.5256202377593
1801.0	11673.439289605705	-1178.1534568500726
1802.0	11838.836409716258	-843.0940529725273
1803.0	11517.651743453544	-1134.1153585966742
1804.0	11869.266438776773	-896.5585441753714
1805.0	11814.585462500727	-800.8917606265555
1806.0	11540.075819662796	-1066.3843050539065
1807.0	11826.594880935938	-792.1832044888246
1808.0	11800.22485191047	-777.621709602301
1809.0	11598.97956808841	-604.4218269065004
1810.0	11527.74172472874	-650.9355087984823
1811.0	11343.559264926298	-993.9671842879828
1812.0	11260.717690549593	-919.8533623863981
1813.0	11425.899083361111	-900.220535351055
1814.0	11457.400303761484	-680.6542310795727
1815.0	11740.43761508502	-735.4264409055983
1816.0	11803.538376743842	-737.4234326893323
1817.0	11773.891507697137	-733.6445529791454
1818.0	11788.596777968536	-724.6895308073277
1819.0	11753.873819742315	-659.2741848101244
1820.0	11781.989405602537	-697.3552876629468
1821.0	11581.416923793826	-627.9678886904143
1822.0	11740.120567834623	-667.2389016638044
1823.0	11624.03208573474	-610.3417120152766
1824.0	11696.866858999567	-632.7315995927196
1825.0	11399.72002532913	-780.0116362747291
1826.0	11364.52322709872	-717.6000691817135
1827.0	11244.712362428036	-766.1221859987636
1828.0	11146.4026443758	-930.8103156995676
1829.0	11727.738185923312	-641.8852378975007
1830.0	11734.025026808116	-603.255737736552
1831.0	11750.790280523242	-637.7874340318831
1832.0	11708.298474059578	-589.6217199117806
1833.0	11656.177763098143	-596.2502644286906
1834.0	11683.684036817349	-616.2074313936246
1835.0	11704.22655157795	-602.181023198406
1836.0	11689.44892632139	-574.4123530316787
1837.0	11971.212985113054	-1056.016375127867
1838.0	11984.655887184213	-1046.3042165503127
1839.0	12105.25139949967	-1230.574659600119
1840.0	12115.031431151821	-1291.5881560196315
1841.0	11290.514393439591	-842.272294564263
1842.0	11483.215924706727	-730.2805173806415
1843.0	11688.90119376845	-601.2063860602399
1844.0	11958.88903590332	-1084.4267997118288
1845.0	11746.431206140884	-1115.4717296706337
1846.0	11713.45066199978	-630.4320761833818
1847.0	11635.030915021054	-634.3369952376166
1848.0	11764.552319044806	-711.6155428086689
1849.0	11692.609314753705	-650.6516358203522
1850.0	11665.853376836438	-615.1906167421148
1851.0	11721.06708689242	-693.7229306034982
1852.0	11787.64394926178	-753.1566262340699
1853.0	11658.057995627232	-634.8120725062612
1854.0	11761.095686065722	-727.6400989718392
1855.0	11556.48385348854	-819.7850333878426
1856.0	11612.583237030092	-720.5550896047249
1857.0	11375.203356432781	-840.5834374072074
1858.0	11547.743851087973	-689.4341962667264
1859.0	11463.62859001576	-780.6954937750428
1860.0	11826.0813241581	-823.4897821455537
1861.0	11667.990920816306	-678.2494392445193
1862.0	11625.019419980033	-659.0150277110466
1863.0	11531.968354599056	-729.7120707985827
1864.0	11759.897165359356	-763.955578403887
1865.0	11584.606421805378	-689.7312926172739
1866.0	11492.368530838508	-891.44915407802
1867.0	11563.283504799823	-767.4161669463405
1868.0	11687.868877447605	-1129.4275036284598
1869.0	11786.768786434382	-769.9454113980482
1870.0	11855.036761319026	-874.232375021842
1871.0	11818.65864350333	-864.8063049437563
1872.0	11812.960895527489	-817.0776214912912
1873.0	11825.155835505937	-837.586760934395
1874.0	11810.166847600542	-850.5237181934468
1875.0	11837.24017433337	-858.7922369405527
1876.0	11899.720567632206	-944.9632439892163
1877.0	11853.091665320913	-886.9296510506441
1878.0	11792.080742418866	-919.2891739977003
1879.0	11869.344494870958	-913.6255429649736
1880.0	11616.41029654204	-1053.5556392559404
1881.0	11871.724923054111	-956.1797568627402
1882.0	11835.508494937014	-894.8068297968402
1883.0	11881.574117658109	-996.828890502106
1884.0	11918.289587882433	-978.1865704613447
1885.0	11885.103639569032	-938.7539753321149
1886.0	11930.764492431104	-1047.5262391513945
1887.0	11931.479456147876	-1012.4292145958456
1888.0	11899.618473192086	-963.0673386776476
1889.0	11916.483698908642	-990.5824369700264
1890.0	11939.630617433415	-1060.355238521631
1891.0	11901.359173483113	-1005.0812600477742
1892.0	11911.461894477945	-1020.5260243187853
1893.0	11945.491296174505	-1017.8328303996132
1894.0	11958.2874474993	-1051.6099219113632
1895.0	11854.438082930114	-1163.6523860347327
1896.0	11971.521148848731	-1069.8223400313
1897.0	12021.104436506947	-1121.4686716491753
1898.0	11997.831564507236	-1093.5354755606556
1899.0	11968.527174163464	-1098.5102246139668
1900.0	12034.494758736071	-1141.3879828422098
1901.0	11908.845462503106	-1130.623393833029
1902.0	12004.224119510376	-1115.5091229036934
1903.0	12001.466044271794	-1258.96269811133
1904.0	12020.562006741	-1136.1021099875113
1905.0	11943.027594950638	-1201.97351363657
1906.0	12066.592965087832	-1182.5233007269642
1907.0	12035.429118932821	-1155.3086505854135
1908.0	12022.16826771265	-1168.8127225074447
1909.0	12032.364670521012	-1198.8997871167248
1910.0	12051.828933797471	-1175.7646621875065
1911.0	12053.532401924544	-1208.874692119538
1912.0	12068.853691379583	-1198.8678493595041
1913.0	12108.071130864942	-1249.443663157422
1914.0	12089.361121734551	-1222.945133195805
1915.0	12056.162659931004	-1261.9523562105885
1916.0	12042.053820506257	-1242.4283938590768
1917.0	12078.483187297117	-1255.2332682539352
1918.0	11772.887331978192	-747.8065139697501
1919.0	11769.6334190955	-778.4077795293033
1920.0	11800.285701854009	-793.9207960888252
1921.0	11768.403859877733	-672.6625962349868
1922.0	11750.563295784	-705.7384423532827
1923.0	12032.92192868569	-1182.1343058172333
1924.0	12057.48533799954	-1227.042056320873
1925.0	11853.419881465828	-924.6963495248256
1926.0	11671.631111362281	-653.7489233854036
1927.0	11643.821651684053	-714.3651963878316
1928.0	11755.003822673882	-968.0025626123328
1929.0	11786.116449273344	-809.1677258673972
1930.0	11718.207570117358	-716.0911429202309
1931.0	11986.27171627728	-1173.6684559540572
1932.0	11969.385610981686	-1214.7776593614697
1933.0	12014.134863612833	-1209.4458582954728
1934.0	11992.026918461039	-1129.8530081659403
1935.0	12004.308473011895	-1162.6833104813068
1936.0	11970.677634586573	-1133.3374797212552
1937.0	11888.969232167663	-1057.3857975952385
1938.0	11939.924042101755	-1079.3661514186635
1939.0	11824.143747482556	-1099.2124671969893
1940.0	11881.396678850933	-972.7843399762805
1941.0	11815.704779397534	-882.8633782030896
1942.0	11831.808687484541	-996.0548629656956
1943.0	11854.880279799014	-950.4478889773782
1944.0	11813.528078332725	-929.3533081710715
1945.0	11835.758654987747	-915.5065294814194
1946.0	11629.186674001832	-993.7887743173754
1947.0	11794.230060109263	-824.1924813648033
1948.0	11768.920231990924	-801.331007512128
1949.0	11740.243270097599	-757.5799593470414
1950.0	11749.080503368372	-815.0685806975252
1951.0	11607.035816513455	-757.9620894019354
1952.0	11673.171442953508	-781.0365525390747
1953.0	11496.351534096337	-1009.1233778384327
1954.0	11638.638526242103	-787.1980845897275
1955.0	11505.581368596808	-832.495913634486
1956.0	11722.489644126683	-769.8879593304773
1957.0	11676.92524465719	-732.5418426479415
1958.0	11686.132985909768	-694.060638606598
1959.0	11644.406310040236	-683.9906208388069
1960.0	11424.051694744623	-976.0232144096954
1961.0	11590.328463864718	-945.6561680829722
1962.0	11922.944502857586	-1093.2092830937988
1963.0	11911.089427871653	-1041.4425780487097
1964.0	11751.996174978764	-691.0646392991445
1965.0	11704.87905697545	-683.468545138246
1966.0	11695.651968106837	-717.9784664609955
1967.0	11737.763529582198	-683.9601616425704
1968.0	11726.260263442806	-658.0931836976021
1969.0	11964.250531627913	-1158.3629827326422
1970.0	11990.45034162553	-1197.8256635186826
1971.0	11855.83399077779	-1119.1945131165128
1972.0	11885.042946725765	-1179.5842749854103
1973.0	11710.254633052517	-1043.5920105335517
1974.0	11786.112907715993	-1130.6622399112596
1975.0	11857.100641516901	-1012.1734277159698
1976.0	11661.725608712228	-1081.3725517697883
1977.0	11611.329689610031	-900.0409054238917
1978.0	11748.103345139083	-1062.4613602855995
1979.0	11913.238631817185	-1155.9675533623056
1980.0	11958.208515752563	-1117.18810131567
1981.0	11835.384340251527	-965.7979479412752
1982.0	11680.027189645281	-973.3821175038496
1983.0	11733.471133612373	-721.0021770134414
1984.0	11707.715195273413	-664.5600582111159
1985.0	11688.693702169441	-757.3867829827699
1986.0	11665.297208248594	-854.9091302989333
1987.0	11595.682325385931	-851.2977531452652
1988.0	11771.11434181463	-858.0696678440903
1989.0	11726.021698432824	-798.8385551443025
1990.0	11721.682759151656	-861.9368803955537
1991.0	11784.21501316002	-978.6329521357075
1992.0	11787.533958301583	-1041.4672418451075
1993.0	11811.693365263318	-953.8931871783747
1994.0	11894.834280232584	-1084.6386523109904
1995.0	11823.892659069947	-1063.0278385158715
1996.0	11931.59083824825	-1116.9478080886674
1997.0	11882.045685259363	-1109.7822425379138
1998.0	11794.507603534405	-893.4989437142976
1999.0	11748.06195897588	-845.2611254907455
2000.0	11747.11549757873	-910.4151417228628
2001.0	11770.953647461714	-883.9267511917715
2002.0	11533.827800838471	-948.1621058060633
2003.0	11720.896992107419	-901.2338132799899
2004.0	11796.70913408181	-1006.5605632702778
2005.0	11858.359788882533	-1044.2397246913158
2006.0	11715.779836525782	-995.3684412061781
2007.0	11761.034838863321	-933.1986634816288
2008.0	11657.815818198855	-899.2328665583555
2009.0	11687.65510809699	-924.4414724039101
2010.0	11699.242660079639	-807.9150228020208
2011.0	11634.084686425862	-828.1648818915552
2012.0	11695.922265190966	-840.8208032600518
