1.0	29091.324837086493	-3538.3598016475316
2.0	28890.849913919967	-3572.4371091230155
3.0	29398.878420933703	-3942.266167866976
4.0	29795.36317941472	-4165.351061055183
5.0	29147.292844377112	-3689.1173858776688
6.0	29346.80175013358	-3696.7262575298155
7.0	29725.565409123858	-3677.1111503068155
8.0	30053.304572403675	-4036.734808186388
9.0	30617.780703392084	-3542.206645666389
10.0	30894.441664973867	-4161.115272048468
11.0	31361.052230427125	-3566.7493044707517
12.0	31430.470194575948	-4172.572641847096
13.0	32078.94707579134	-4194.191219583651
14.0	32307.98399743576	-4022.744474877613
15.0	32733.285876783764	-4186.40668943306
16.0	33203.96139870521	-3596.6213896818203
17.0	33259.61270214091	-4195.670290439658
18.0	33897.42521127253	-4229.072488738854
19.0	34129.529672973375	-4059.955910338545
20.0	34549.638531038916	-4225.9646806457495
21.0	35024.97335193914	-3630.315625672116
22.0	35076.53312663779	-4231.820530596771
23.0	35734.53800706112	-4262.356684298338
24.0	36316.15163909123	-4270.413572660312
25.0	37538.56301586076	-4312.354964919654
26.0	37779.50587035796	-4141.800979109573
27.0	38197.860467182385	-4303.018895760248
28.0	38683.56409453702	-3705.8243848996462
29.0	38724.00131236857	-4305.887320901979
30.0	39381.00680021546	-4320.341295320254
31.0	39964.93587893108	-4310.61526345997
32.0	44829.35098602389	-4376.072014926453
33.0	44881.132989300626	-3974.9569079245903
34.0	44905.101831783075	-3678.1906291685323
35.0	42723.702652457614	-3711.28368126168
36.0	41257.5249246269	-3708.253087916854
37.0	44577.07274494934	-3716.888486818179
38.0	39848.14030916343	-3710.7230896183014
39.0	44200.54308886853	-3730.262469300111
40.0	36183.20410198687	-3666.410004738964
41.0	30262.565689327996	-3536.997314507566
42.0	36838.09198962502	-3690.550799720839
43.0	30984.91987576903	-3555.9617727813843
44.0	37209.47048760179	-3688.379089319513
45.0	31733.517244304425	-3570.687184044136
46.0	32096.145069115097	-3594.0994845838736
47.0	32836.74125905552	-3590.7900919539843
48.0	33566.234821806436	-3603.2382388915416
49.0	33922.91903587237	-3630.263329682046
50.0	34659.64181582449	-3627.6042484063705
51.0	35386.21082760185	-3637.6079460578785
52.0	35762.51219414487	-3662.8676191294076
53.0	36427.459170898386	-3673.9668881856965
54.0	40508.60154588777	-3714.915476914042
55.0	40890.10859135187	-3705.323285952201
56.0	37081.0932630474	-4120.011011837615
57.0	37572.89341434315	-3713.098646071314
58.0	41621.86238554981	-3706.28714273518
59.0	38318.55245063206	-3703.9605237692977
60.0	41986.3297048468	-3708.3948002984507
61.0	39050.71198216107	-3706.528132494741
62.0	39427.14120680234	-3720.301947084235
63.0	42355.61441222022	-3710.7883171105946
64.0	40091.24780367403	-3710.434268991992
65.0	40545.11533135078	-4314.962503551564
66.0	43087.451041444605	-3712.6232768254763
67.0	41208.48753033223	-4308.167345224157
68.0	43451.11047847837	-3715.178248776431
69.0	41734.52548910607	-4306.6257690137545
70.0	43818.91789199545	-3718.8311281432784
71.0	42382.67181413655	-4310.88573460046
72.0	42836.185514946046	-4136.474404472894
73.0	43554.624968891505	-4315.775816437308
74.0	44451.888309377166	-4151.607404424251
75.0	44710.483975324525	-4194.986370339779
76.0	29526.10328684231	-3529.657136971158
77.0	29908.596129013506	-3570.3326597369287
78.0	29654.71629885324	-3928.460793413871
79.0	30439.94513438339	-3664.0829469267287
80.0	30476.154778556072	-3969.554502334995
81.0	31169.114859265086	-3689.3792269121027
82.0	31163.941237217306	-3992.72324911091
83.0	31862.454542309337	-4017.162128710117
84.0	31545.978111102693	-3695.6917023075453
85.0	32467.088659635967	-3583.443069396908
86.0	32276.58430016377	-3723.229301761507
87.0	33006.83793991328	-4017.597998416528
88.0	32649.356707534997	-3713.2633921472443
89.0	33686.42874389357	-4048.898404599888
90.0	33383.39001291118	-3724.2946274000183
91.0	34293.405943727594	-3618.931219028957
92.0	34102.26973840311	-3759.389272464106
93.0	34825.17883696441	-4054.729145842752
94.0	34473.38896754868	-3750.0605781902655
95.0	35578.133917022795	-3781.4499856600264
96.0	35269.89862830556	-4059.000604755353
97.0	36036.0954557758	-4100.9523525996365
98.0	36598.12715569183	-3813.6452608981745
99.0	36009.95297793302	-3800.2114020385247
100.0	36889.17784357722	-4291.556074490512
101.0	37952.10726356076	-3701.9926925030054
102.0	37757.48066729452	-3841.4929598217736
103.0	38480.34058208175	-4130.129426723792
104.0	38135.27373289021	-3828.5931409448262
105.0	39176.81657100976	-4145.871299639089
106.0	38865.21202501265	-3831.6292003551207
107.0	39686.132043908925	-4150.249599938253
108.0	40261.17254625861	-3845.259780785352
109.0	39669.088375000836	-3850.251111931279
110.0	44786.2348210837	-3797.1049845818584
111.0	42144.37739773071	-4135.408724388558
112.0	41454.97111305277	-4133.31024091558
113.0	40750.547782074624	-4140.159208676105
114.0	43725.45584003389	-4143.37205600585
115.0	44208.06382804693	-4330.296279776888
116.0	44413.375247218915	-3851.3614442453836
117.0	30095.68841173184	-3693.066049975189
118.0	30256.39149417251	-4186.137628127031
119.0	36583.362589682634	-4113.1723615589335
120.0	37015.24284308602	-3818.5328377287024
121.0	30710.597816308164	-3976.8183060894503
122.0	30795.90240505555	-3675.008829021175
123.0	37383.28021143951	-3833.4578976883
124.0	37326.92460989368	-4132.406197248841
125.0	31620.569697299303	-3998.1710174850814
126.0	31911.052232905084	-3716.585566826445
127.0	32558.017672847025	-4010.524069435383
128.0	33018.95428749707	-3719.2420782255917
129.0	33451.15766393067	-4024.9876079669193
130.0	33739.18250306368	-3750.6558834175194
131.0	34378.16744669337	-4048.45029043853
132.0	34839.96060089468	-3754.7584258516376
133.0	35203.55708967664	-3757.4664198218125
134.0	35524.017252096266	-4080.1981002678453
135.0	40239.39418351571	-4145.27297796656
136.0	40692.25563386871	-3840.12537921979
137.0	41008.424133876724	-4132.967440620157
138.0	41073.327882848076	-3833.0697179606505
139.0	41439.104758376074	-3833.2937062677834
140.0	41899.57387140086	-4132.702413922806
141.0	38500.265522324284	-3830.164086306059
142.0	38034.50668968308	-4127.686172518043
143.0	42169.93204343313	-3835.537967436094
144.0	41802.7771225213	-3832.3803222920287
145.0	38925.574183086734	-4131.726795939719
146.0	39239.99464650473	-3845.8304394100433
147.0	42592.51427283095	-4137.056353182009
148.0	42539.90222521219	-3836.829692644607
149.0	43279.33700878638	-4138.801705884092
150.0	42905.55645559868	-3836.8547897482263
151.0	43029.4358066729	-4312.285264514045
152.0	43267.98130290546	-3838.759332920192
153.0	44015.17250260992	-3855.6215174593203
154.0	43984.180179630064	-4155.409367757228
155.0	43633.29705550167	-3842.816861308874
156.0	29956.81845524372	-4912.235591800972
157.0	30664.9332946261	-5035.697739199094
158.0	29633.664805297976	-4748.572976262967
159.0	17559.82362613391	-3456.362688814177
160.0	17989.33378128444	-3414.977914754843
161.0	18382.531997969272	-3393.0914879237293
162.0	18928.23522474526	-3358.8439411966046
163.0	19820.59979440309	-3373.162087786235
164.0	20356.743437798545	-3389.694677366895
165.0	20884.920289877922	-3393.511723834159
166.0	21408.857937002907	-3413.472607030513
167.0	21941.902200760498	-3437.4249066097304
168.0	22473.554045939043	-3451.4065213216995
169.0	23004.69358810078	-3449.8006183350403
170.0	23535.139238252785	-3437.1563980280134
171.0	24234.522536434666	-3419.63412848203
172.0	25437.879984781626	-3409.1963885378154
173.0	26134.298073018555	-3408.190897619268
174.0	27354.64177226037	-3392.672376466924
175.0	28049.249747545324	-3382.6399138835295
176.0	31420.659676751628	-5147.8164160795895
177.0	30270.315632886846	-4784.205907503848
178.0	30952.28070720118	-4983.220475379675
179.0	16455.6992367139	-3522.388338963452
180.0	16701.581282386396	-3525.53822678801
181.0	16940.294302047794	-3462.6746153107792
182.0	16296.54628632628	-3559.9886276042594
183.0	17504.796062120204	-3853.8794527965824
184.0	16555.709579048966	-3600.8796810469357
185.0	16867.392762746942	-3711.1653715254147
186.0	17175.80579450501	-3776.6965273200476
187.0	17077.255561524395	-3524.3038479407683
188.0	17361.038947632573	-3714.0236412443264
189.0	17896.486197006237	-3971.1663372226417
190.0	17657.866126625027	-3749.0056518660385
191.0	18283.59559390739	-4050.588419517296
192.0	18093.95567660325	-3478.764904319851
193.0	18705.420733952753	-4143.487423326366
194.0	18480.827628540308	-3441.8822177864895
195.0	18664.574283048863	-3425.874923791324
196.0	19157.57608095111	-4226.180536629939
197.0	19016.975233374	-3419.2545648700543
198.0	19635.617140999486	-4306.061815006592
199.0	19371.064631827197	-3428.071505926251
200.0	20121.467117058695	-4395.22902887574
201.0	19909.38202557404	-3434.4430696505246
202.0	20635.382147675293	-4465.50295619889
203.0	20445.017733020042	-3450.007302689582
204.0	21170.629936603775	-4544.878705663133
205.0	20970.266835957245	-3455.9805455545043
206.0	21725.493367617604	-4599.859131029173
207.0	21493.776478451484	-3477.658231634397
208.0	21673.199192539316	-3485.8809046873735
209.0	22282.194647591085	-4675.926357222362
210.0	22028.33208987801	-3499.938567931708
211.0	22205.733846014788	-3504.9096844802175
212.0	22858.429919464368	-4722.964422219032
213.0	22561.657873438307	-3511.332243926308
214.0	22739.034570981265	-3509.7856337529824
215.0	23455.43804541233	-4751.7292403205265
216.0	23094.014573172903	-3508.505913524232
217.0	23271.455677058664	-3503.146411572554
218.0	24063.383769820586	-4791.594522068689
219.0	23623.962877288348	-3494.156954016625
220.0	24148.538222299267	-3480.6189964021582
221.0	24682.154530508382	-4816.483337253915
222.0	24321.433543724725	-3477.381844812802
223.0	24493.797931782843	-3473.667809187927
224.0	25307.73421863351	-4843.650097024871
225.0	24834.73705185237	-3469.0790850915596
226.0	24613.47873668926	-4222.445629178003
227.0	25942.8353252114	-4868.791619093031
228.0	25523.941414575263	-3468.4959156134755
229.0	25227.24090581597	-4241.731221917795
230.0	26587.518724004844	-4878.570010210907
231.0	26221.492882035684	-3466.638740027949
232.0	26395.750501808277	-3465.246903026918
233.0	27244.010705013683	-4881.811705549593
234.0	26745.20930796924	-3461.270480579535
235.0	26478.084722371394	-4247.925146547658
236.0	27913.840414724837	-4878.248624409693
237.0	27442.976517811898	-3450.5752000011876
238.0	27617.10915689394	-3447.6720091307725
239.0	27139.56995058215	-4248.7363568766095
240.0	28557.484154892034	-4908.713135512889
241.0	28489.206096840382	-3405.6863318636842
242.0	28222.62870429132	-3381.3441790939346
243.0	28313.591033304543	-3434.4034828883086
244.0	29279.936696954184	-4967.2369206722815
245.0	28589.657106611132	-4260.484625144142
246.0	28822.234733263813	-4684.218692712783
247.0	29605.482336458193	-4429.634993527433
248.0	29230.528622341513	-4163.429956816998
249.0	17776.659717378916	-3441.9280389863347
250.0	17320.807668878155	-3447.519728781263
251.0	17884.227506698237	-3500.5618278280695
252.0	18188.1954898825	-3408.4009942822017
253.0	18117.98626228201	-3912.3146874311315
254.0	18751.377265439456	-3367.015589522203
255.0	18448.475681399632	-3687.0564153616483
256.0	19282.729227915494	-3365.1363823962115
257.0	18982.79311073772	-3875.9854779296124
258.0	19193.00187694584	-3423.3247232846647
259.0	19641.341981805654	-3372.857583562903
260.0	20177.975821975513	-3373.253371214548
261.0	19674.81943878606	-3836.2663361071413
262.0	20708.625825275092	-3377.3366962309155
263.0	20211.783605261706	-3923.8427775675796
264.0	21236.202904704467	-3400.3822848694485
265.0	20749.615429580033	-3945.2088687511327
266.0	21764.622968808533	-3430.458409009507
267.0	21562.847370183994	-3685.515317407142
268.0	22295.977783512102	-3447.363284156112
269.0	22122.83429939541	-3711.7677976249615
270.0	22827.557325574835	-3449.8984920827756
271.0	22619.02964106361	-3732.9734611081185
272.0	23358.96976119033	-3441.1545455502073
273.0	23162.066690142008	-3723.795536440181
274.0	23886.74323255919	-3429.4316460768136
275.0	24749.421058735115	-3411.35084008242
276.0	24414.67587986636	-3698.14880472394
277.0	24579.529406387373	-3412.6229613480186
278.0	25265.67949531371	-3407.701510095077
279.0	25959.472342573663	-3409.545320421917
280.0	25094.05173377776	-3407.9132291370825
281.0	25785.256295905387	-3407.1317791579254
282.0	26656.98958446409	-3403.095747337437
283.0	26265.370968122825	-3695.25120105866
284.0	26482.62604515649	-3405.2751378380162
285.0	27180.060525439705	-3395.1573774861286
286.0	27876.098872895862	-3385.159280170756
287.0	27006.203177049847	-3397.8658815507893
288.0	28768.567201119997	-3683.5830031272076
289.0	28614.56794572249	-3522.7753990115016
290.0	16816.758331476518	-3575.0343293218157
291.0	17179.212743696877	-3452.8101757699405
292.0	17055.816098962972	-3667.97067069543
293.0	17413.42187099503	-3532.4841996713913
294.0	18307.845067543592	-3638.60084970338
295.0	17911.818937432177	-3644.2757295407537
296.0	17801.606507461598	-3801.6192631084887
297.0	17660.51076727628	-3533.0283294565684
298.0	18054.101407096125	-3626.5811716607545
299.0	18165.389042401326	-3725.073055436979
300.0	18290.79724551764	-3469.7450558895066
301.0	18788.143204878437	-3630.736014437082
302.0	18517.05439834837	-3990.618306823524
303.0	18569.106145163907	-3820.8732282479527
304.0	18568.534441917454	-3368.2379153056536
305.0	18786.424635617062	-3777.0240932175693
306.0	18842.673576870646	-3422.7125835318893
307.0	19006.53749179006	-3554.779170823144
308.0	18953.840955888943	-4072.7037294628376
309.0	19105.224557066176	-3361.920260170178
310.0	19133.125169935312	-3634.003179899008
311.0	19550.045634274386	-3575.0659525141564
312.0	19421.47278418447	-4142.45705969649
313.0	19482.482880635125	-3925.3581236683726
314.0	19461.67878005112	-3370.5676827609836
315.0	19731.025250007548	-3433.2271179218883
316.0	19748.977600361046	-3570.0184806035954
317.0	19550.97209800114	-3432.4320002086192
318.0	20082.83266195206	-3583.8232649887555
319.0	19899.74247607287	-4221.202350688961
320.0	19998.49150226561	-3374.494173859874
321.0	20267.838869663017	-3449.9207770985427
322.0	19973.873303828386	-3980.720285837912
323.0	20088.078842859544	-3434.719700861555
324.0	20203.050636149197	-3599.1119655832495
325.0	20627.062654513622	-3575.9054605878896
326.0	20393.72557820013	-4295.788134160876
327.0	20533.07884007168	-3374.303326421423
328.0	20795.130014802944	-3449.1405000458726
329.0	20409.91123864763	-4064.883947703764
330.0	20619.774114005017	-3434.957749723697
331.0	20743.674650952773	-3588.447693053502
332.0	21143.53008422663	-3578.89317377416
333.0	20917.22713106018	-4367.344109318391
334.0	20935.294952506596	-4123.363661612698
335.0	21060.004038689072	-3391.5663507823206
336.0	21318.286704099937	-3465.825310892959
337.0	21145.415634836503	-3453.7165656003403
338.0	21550.490493804842	-3851.095970189833
339.0	21666.423180611073	-3621.287133959407
340.0	21464.411718722953	-4429.819342331432
341.0	21503.491000815546	-4203.644777571732
342.0	21587.706108926777	-3421.776208599347
343.0	22122.173625190848	-3878.393258799104
344.0	21850.74260925615	-3493.839296606771
345.0	22212.817248334763	-3639.561838923295
346.0	22019.2476362345	-4493.86650823245
347.0	22118.897168808486	-3442.9797600511483
348.0	22062.187176841497	-4253.401526077105
349.0	22530.487155073282	-3659.119707799233
350.0	22383.644868069325	-3509.9937630488785
351.0	22738.51686738744	-3644.6191997399765
352.0	22579.869429817543	-4556.86152633452
353.0	22650.718063022457	-3450.3524312481986
354.0	22579.504773724508	-4313.338599625097
355.0	23071.03629604098	-3649.4835036001627
356.0	22916.288187862025	-3510.5834458965655
357.0	23274.268778502603	-3640.603029749578
358.0	23163.76421095272	-4583.932440805685
359.0	23182.231865830003	-3445.361328187226
360.0	23176.32728794988	-4326.40081821122
361.0	23596.42252679187	-3752.925310491008
362.0	23447.936890578596	-3498.7804412255755
363.0	23786.172977210896	-3628.704989963564
364.0	23764.736294214774	-4615.230253497091
365.0	23776.760428345588	-4348.62219253946
366.0	23711.084572001124	-3432.37178983153
367.0	23974.87929199608	-3486.341479391398
368.0	23799.828844738626	-3490.7216059696643
369.0	24061.148219926068	-3423.7346884772746
370.0	23990.144170488667	-3626.1783183358834
371.0	24508.753952355037	-3612.003229323562
372.0	24377.171925981766	-4648.974602392267
373.0	24394.055516137592	-4379.726419780651
374.0	24407.383536294135	-3416.7437965987087
375.0	24621.52976611599	-3610.231458211752
376.0	24663.824187559672	-3470.980811080181
377.0	25177.23877551372	-3603.002394663399
378.0	24999.24672343889	-4670.991608856984
379.0	24922.158646144326	-3408.7353491143663
380.0	25179.118982036733	-3466.297704244
381.0	25010.58322828282	-4393.835545762675
382.0	25007.574688976772	-3466.844937666066
383.0	25040.507873059785	-3683.9578577148845
384.0	25350.5645855699	-3467.5477590247033
385.0	25291.349405673984	-3604.211214287688
386.0	25737.47738728895	-3597.6941285966627
387.0	25627.65895410541	-4694.935000612842
388.0	25612.03642477245	-3408.930798024783
389.0	25871.45821708461	-3466.840726125362
390.0	25630.438356746734	-4423.070783509801
391.0	25697.825155427807	-3466.1802551055603
392.0	26179.83977439233	-3611.1164431322445
393.0	25853.263005755023	-3598.3434446729602
394.0	26046.518759366492	-3468.4181860982476
395.0	26394.214838458753	-3609.2999679642962
396.0	26264.793857287907	-4708.432116927752
397.0	26308.559739115706	-3406.7204330169866
398.0	26262.714580662618	-4415.50456150674
399.0	26626.221070512867	-3601.7751505601104
400.0	26569.973780133365	-3463.5534748668797
401.0	26973.310525589008	-3598.881435508602
402.0	26915.185990793354	-4709.997123655099
403.0	26915.844962980646	-4411.3014884113
404.0	26832.26706179472	-3400.7270217106907
405.0	27093.764730820127	-3455.6680619096646
406.0	26920.105276156366	-3458.5587917812686
407.0	27321.132665360947	-3597.827203223051
408.0	27267.9977579487	-3453.2082183327293
409.0	27089.06991066289	-3596.894568247317
410.0	27656.078744363305	-3591.83336153503
411.0	27586.212410099484	-4701.583236539732
412.0	28408.050839292726	-3613.917468648227
413.0	27529.386947256597	-3389.8594877809865
414.0	27587.901021590314	-4414.06374870494
415.0	27702.84362533444	-3387.2866363754833
416.0	28095.451759942545	-3577.2191543841277
417.0	27963.770272508336	-3442.594379368036
418.0	27771.409121108944	-3590.123511032358
419.0	27790.21662105793	-3445.2192382380867
420.0	28791.28643324481	-4342.445679558688
421.0	28241.869187101864	-4713.853063108202
422.0	28179.509505367925	-3659.231867126941
423.0	28394.660745183446	-3374.692023372599
424.0	28304.99043883995	-4407.39756589355
425.0	28137.488907072635	-3440.6364166602216
426.0	28503.678242742968	-3503.6068268302133
427.0	28965.5160528478	-3900.5973769417064
428.0	28629.987260007194	-3652.1575517205297
429.0	28312.508981511233	-3575.7084331974074
430.0	28787.265332757204	-3860.9856867157614
431.0	29296.485657304525	-4413.908514836142
432.0	29093.580494994083	-4721.621608717113
433.0	28996.675160012077	-4129.370037543876
434.0	28484.78898971019	-3720.65643091685
435.0	28616.795113287793	-4007.7972929033845
436.0	27989.89592681621	-4196.450860925041
437.0	28452.89871135358	-3898.8934885111507
438.0	18891.94127638813	-3557.78784672174
439.0	18529.72348994471	-3566.991351410534
440.0	28289.818686434923	-3968.5482952648103
441.0	27979.02329812506	-3578.567617710596
442.0	27437.86146211208	-3596.098741245534
443.0	27228.500612694716	-3681.002868714102
444.0	26743.21744755133	-3600.2566614507755
445.0	27873.471946024216	-3853.2202415448287
446.0	27253.473234986643	-3860.1115369254658
447.0	26911.11924737736	-3892.7325351629684
448.0	25822.823445285845	-4264.92570549518
449.0	27083.823687868815	-3989.8073936619135
450.0	26062.968587862586	-3612.538718763824
451.0	25530.039930394207	-3619.353452407778
452.0	26573.959148597383	-3859.7064052145556
453.0	25936.38420721747	-3857.983013439573
454.0	25384.76332070465	-3696.7173805951024
455.0	24840.387875924047	-3608.023986767073
456.0	25688.574071426225	-4017.923949635926
457.0	25657.787172452536	-3691.3022083101882
458.0	23995.173448962905	-4228.498004904777
459.0	24955.911034781806	-3606.184875824469
460.0	25179.906518722146	-3987.486314209719
461.0	25016.54861501527	-3894.9046632716017
462.0	24105.855145727957	-3621.82767112265
463.0	23668.982507268014	-3630.6916019732803
464.0	23382.221967888327	-4156.815080053056
465.0	23855.002136745403	-3900.315059003036
466.0	23888.35224352405	-3707.251869015199
467.0	24707.445473357468	-3851.020621133632
468.0	24147.29678801873	-3881.108522780369
469.0	23464.200549138015	-3678.014705731914
470.0	22760.011577801666	-4194.75153534361
471.0	23680.262889956106	-3944.0018884691285
472.0	23977.55875989788	-3994.9757115595326
473.0	22952.391602283562	-3650.70916004732
474.0	22324.769532105045	-4191.938448357593
475.0	23318.458510223794	-3945.6627425547267
476.0	23161.463196882123	-3909.8407630322968
477.0	22411.460515153038	-3658.3175569877712
478.0	21715.37951341431	-4052.2240522234656
479.0	22713.436195301474	-3984.530997757544
480.0	22586.52453104693	-3915.224026552261
481.0	21844.379147266216	-3641.9828872122284
482.0	21338.579910419092	-4080.7533921192917
483.0	22378.364671927655	-4004.0444128708236
484.0	21991.00725739627	-3888.050190985579
485.0	20988.229622509785	-3719.44987427094
486.0	21257.76482544368	-3587.6164692635357
487.0	21679.94809675879	-3876.4360789885664
488.0	21330.25333153211	-3663.596644936851
489.0	20468.709499101926	-3718.8649743567125
490.0	21027.123806762935	-3584.3354836836747
491.0	21117.724569443195	-3852.899499541709
492.0	20821.162321368585	-3727.83136791854
493.0	19951.614946185557	-3660.337189751328
494.0	20511.29295169284	-3591.7693815569123
495.0	20571.727903892857	-3932.3423027361036
496.0	20278.250622946696	-3726.057398003885
497.0	19349.982835383547	-3563.0164892121975
498.0	19867.75165040147	-3571.182521414778
499.0	18652.072522970364	-3554.5200855163516
500.0	19231.340231398917	-3559.8830370604046
501.0	27872.544398563605	-3666.0367913075875
502.0	28169.04842059796	-4224.365040406451
503.0	27578.273642676588	-3907.2417372128643
504.0	27563.241479026143	-3679.5443814295904
505.0	26883.480450809453	-3680.035846309265
506.0	26537.337672186466	-3687.5498784686256
507.0	26749.341266013565	-3985.8739549110614
508.0	26247.869035011972	-3908.5620595685214
509.0	25957.726959740165	-3685.168571635091
510.0	25505.101947358347	-4017.1738228903428
511.0	25752.23003839592	-3864.7659661909674
512.0	24712.7774613631	-3689.546388889504
513.0	24868.34813477082	-3980.150745344273
514.0	24313.76986672475	-3620.4514328023965
515.0	24184.175782863385	-3703.9123911921174
516.0	24417.445970185257	-3903.0936372769756
517.0	22025.185818144964	-3634.074451062444
518.0	21751.48349489036	-3714.0082288869976
519.0	21932.392467037524	-3719.7043803459237
520.0	21904.92938097564	-4060.3600262590276
521.0	21475.693751636947	-3605.9911111701585
522.0	21421.0108200639	-3903.9925579722913
523.0	19658.3678684324	-3652.282898550146
524.0	19849.29246649879	-3843.1565864971403
525.0	19167.75344992703	-3803.445365648022
526.0	19355.656195887797	-3814.4553519496876
527.0	19439.670519880714	-3648.1466183524667
528.0	26698.320718903513	-4245.513944944697
529.0	26413.334381758814	-3994.7673532200874
530.0	26082.303149954445	-3998.066669794189
531.0	26032.398354992514	-4251.851378404837
532.0	24279.660962199003	-4002.5923969436844
533.0	24204.4735812805	-4235.520572886624
534.0	23378.04652119368	-3757.845428233571
535.0	23584.406492491264	-4158.786728660308
536.0	24815.048360944555	-4224.83672012727
537.0	24561.681809818427	-3978.7410226172674
538.0	25354.2453754905	-3868.9255250327456
539.0	25429.402069109387	-4257.099975332735
540.0	27419.590499725862	-4003.5599673627644
541.0	27359.451499489704	-4260.021694567377
542.0	28153.180973099446	-3830.078937785558
543.0	27729.73140502212	-4005.9991755913748
544.0	27799.497784172	-4256.359459878838
545.0	28011.975283827345	-3936.490098335324
546.0	22330.876832915787	-3730.3392325380823
547.0	22270.895033634893	-3895.387522243184
548.0	22863.143036402544	-3724.857772220525
549.0	22870.56747433326	-3882.5190047939504
550.0	21287.927276338218	-3796.0174389562926
551.0	21136.336791228558	-4039.435786050874
552.0	22969.756934224166	-4197.364350010569
553.0	23018.656300820945	-3991.9566323299746
554.0	15929.633893314474	-3925.384936689152
555.0	16333.427470038208	-3888.5345810766808
556.0	16688.10612127847	-3918.0170602777284
557.0	17050.702555408843	-3949.324169021353
558.0	15852.810554594733	-3631.6312910981082
559.0	156.86779071219067	-3905.335061117363
560.0	264.8933864424486	-3746.3913581023153
561.0	742.3668030957951	-3336.470435975276
562.0	1482.3284453069327	-3337.149586120105
563.0	2207.0828078616646	-3325.248527672657
564.0	3286.4954075175388	-3327.6501769084157
565.0	4008.9427882503	-3325.559953789843
566.0	5089.64050854266	-3326.744396962424
567.0	6168.657209852091	-3335.636191460737
568.0	6899.692190124389	-3326.3742418154397
569.0	7972.6514557629125	-3334.9438479550677
570.0	8701.722533185311	-3327.122508184166
571.0	9776.205559534108	-3326.2809397610777
572.0	10504.308071136873	-3331.5652394085787
573.0	11579.82891122619	-3325.8202039556504
574.0	12667.571079950178	-3324.5485217633054
575.0	13246.416159680215	-3290.0639235152594
576.0	13393.677888920109	-3526.497378603988
577.0	14278.521222870326	-3249.5976582711096
578.0	14597.321858979363	-3248.430774750252
579.0	14945.519356622206	-3254.2047039575423
580.0	17420.353967990293	-3981.9063408509505
581.0	16209.468106521546	-3735.1410804100137
582.0	16520.51599217801	-3791.873470354409
583.0	16847.81498840134	-3852.663058299082
584.0	17190.27002529649	-3916.5523388723036
585.0	733.238293922711	-3871.2319153086087
586.0	85.35997016947283	-3282.8674944138234
587.0	108.02559573025792	-3549.342160849472
588.0	538.5886761627565	-3444.907472626895
589.0	1368.118708096147	-3871.911065453438
590.0	946.4393116677269	-3719.8682358661877
591.0	1890.8088954203074	-3870.3628258995327
592.0	1673.2178500696245	-3460.214980686304
593.0	2512.2964749926336	-3869.8091092640984
594.0	3027.018846965912	-3871.3351269746017
595.0	2755.8242268791364	-3726.4660652387006
596.0	3664.511094565509	-3870.5104625192616
597.0	3471.3431293667877	-3450.863208094344
598.0	4291.723371829193	-3869.9523684941146
599.0	4805.055424749964	-3871.7997951878365
600.0	4546.48691366593	-3727.0739926819515
601.0	5440.390402093591	-3870.6334771471616
602.0	6070.731064206196	-3870.3976707940697
603.0	5664.502692069163	-3725.48753887555
604.0	6597.52094314144	-3870.132910354987
605.0	6360.808834221997	-3458.47167048239
606.0	7221.636528852642	-3870.6233474133464
607.0	7851.403621947163	-3869.7053272884004
608.0	7457.545842599907	-3723.578575475354
609.0	8370.91847416723	-3869.745326642773
610.0	8159.01742278013	-3457.3917432645067
611.0	8998.869144712307	-3870.8103165465545
612.0	9680.730269592104	-3715.87068281935
613.0	9247.075200032023	-3725.638580271494
614.0	10144.614960551029	-3869.5695361131598
615.0	9956.815753869128	-3448.5530445409036
616.0	10779.280829831137	-3870.5251947477445
617.0	11471.723929889247	-3716.230264448835
618.0	11039.289520549051	-3726.1737759075963
619.0	11917.07890367184	-3872.6688138988197
620.0	12583.844598611104	-3716.6692334526583
621.0	12152.227806867624	-3730.02804625484
622.0	12991.408974674721	-3880.6830605295145
623.0	12847.39649579791	-3457.9341509594865
624.0	13420.220492597264	-3911.503276890129
625.0	13787.729386692461	-3898.739509756227
626.0	13592.456597053313	-3347.68118918999
627.0	14172.743014942711	-3930.6172720893665
628.0	13941.479553327401	-3320.55487894549
629.0	14090.612562097414	-3308.097189369615
630.0	14508.274869226443	-3931.5638801520377
631.0	14335.61670072785	-3286.084972795195
632.0	14441.198413467328	-3284.662654491594
633.0	14849.048146159226	-3923.514443979355
634.0	14648.613154884331	-3285.965963275321
635.0	15185.879215700186	-3915.738889306814
636.0	15514.128620549194	-3922.95347944121
637.0	15064.576325700169	-3251.6379184307625
638.0	15248.089524814126	-3549.7265372401707
639.0	15328.553765237228	-3824.014197748025
640.0	16061.586441670748	-3771.9914360224852
641.0	15796.633552685425	-3808.6046951684657
642.0	15991.327694733904	-3595.018031952128
643.0	15769.995338986942	-3522.480110721317
644.0	15583.799028949283	-3440.394709861492
645.0	1114.9230261605028	-3328.5530122242453
646.0	1297.7102427064085	-3453.1666463443503
647.0	1853.4287718672151	-3335.6013465662
648.0	1653.8300894679026	-3727.595720352971
649.0	2560.5480621356237	-3335.047629930765
650.0	2323.050145100937	-3715.1409452700887
651.0	2923.0750116972226	-3336.573647641269
652.0	2385.4344462307686	-3447.7602056034216
653.0	3105.4813285003343	-3451.6878725496845
654.0	3651.716322521051	-3335.748983185929
655.0	3439.579672764145	-3718.243947761011
656.0	4364.557820309544	-3335.190889160782
657.0	4112.466165760207	-3715.5956306172907
658.0	4726.358924180474	-3337.0383158545033
659.0	4187.055524691675	-3448.2148909506236
660.0	4907.65213666694	-3451.2467608169277
661.0	5453.199934604217	-3335.871997813829
662.0	5227.070515699099	-3717.4611824429194
663.0	5811.469582843388	-3334.7707533950547
664.0	5271.699410533249	-3450.0804427762523
665.0	6729.757426732959	-3449.209720837093
666.0	5632.683329745639	-3458.106799208883
667.0	6350.216985177908	-3725.852410149057
668.0	7257.190120106597	-3335.8618680800137
669.0	7025.624429706128	-3717.08089756212
670.0	7616.060589195301	-3332.8719197286737
671.0	7081.622025542412	-3449.700157895453
672.0	8526.02288412156	-3449.5704034936048
673.0	7437.101838017577	-3456.1978358086867
674.0	8136.48368079647	-3724.7724829311737
675.0	9061.124818609593	-3336.0488372132218
676.0	8814.374747354883	-3718.0161330640535
677.0	9419.450229106289	-3334.7449553916063
678.0	8883.43085130885	-3450.6353933973865
679.0	9240.274769975342	-3458.257840604827
680.0	10139.411912574635	-3334.8080567798265
681.0	9921.513830931026	-3715.9337842075706
682.0	10865.30597593606	-3335.7637154144118
683.0	10604.78111687807	-3722.1737424896564
684.0	11223.586572863516	-3335.565272826518
685.0	10685.863964502627	-3454.7930028229894
686.0	11940.416636096656	-3337.907334565487
687.0	11044.231819029419	-3458.7930362409293
688.0	11709.5124350686	-3718.5723261878034
689.0	12311.830171715848	-3337.2759240226865
690.0	11757.220430838102	-3451.1915865211363
691.0	12500.710540015869	-3449.288493785992
692.0	13133.222973138982	-3423.44955271144
693.0	13221.427975714278	-3777.508166419644
694.0	13482.30489771486	-3284.7635615319327
695.0	13373.543431674278	-3362.2915330471915
696.0	13857.96315807287	-3269.209849073623
697.0	13599.357741683467	-3795.5646156463567
698.0	13777.998606091862	-3332.1274767316804
699.0	14156.082335090154	-3256.752159497748
700.0	14051.516251900646	-3797.990814036714
701.0	14493.277382498716	-3248.1753399675085
702.0	14356.571979190887	-3712.829049916654
703.0	14823.075576162772	-3253.9483559519963
704.0	14669.750203854075	-3410.1356598536963
705.0	15265.355585465644	-3331.829989227607
706.0	15139.60011913594	-3266.211218050739
707.0	193.38556589973075	-3391.304531065442
708.0	503.0353712220328	-3712.288212293561
709.0	385.80666155264515	-3320.9729886516193
710.0	1202.888266097345	-3720.5473860110164
711.0	920.0145159000873	-3452.4874961995206
712.0	2037.0686613729176	-3448.3139222388563
713.0	2093.836545527732	-3715.6946619055234
714.0	3195.292449782182	-3719.068612216351
715.0	2741.691512892295	-3459.0853255720335
716.0	3832.9598942761418	-3448.7729849757707
717.0	3877.5181229232426	-3716.1537246424377
718.0	4984.593726785312	-3718.627500483594
719.0	4544.732003214813	-3459.6932530152844
720.0	5902.073779128435	-3725.251732522458
721.0	5989.408075730241	-3457.870992855791
722.0	6542.538445251875	-3335.371431021654
723.0	6795.331773666614	-3716.59046050376
724.0	7793.793404365958	-3455.2798156837403
725.0	7695.0793125338705	-3722.6605553504073
726.0	8340.94786122002	-3334.98384730944
727.0	8578.52723905243	-3716.951143160272
728.0	9596.561703524038	-3448.489943152683
729.0	9510.419225231039	-3869.506434724939
730.0	10322.789632575803	-3453.8373441884046
731.0	10363.294603490298	-3721.2180838550717
732.0	11399.980444961964	-3448.849524782168
733.0	11290.387759310432	-3870.3267521598514
734.0	12419.334493655775	-3872.0374033560197
735.0	12127.857543522936	-3462.647306588173
736.0	12818.141774140595	-3725.3148906261536
737.0	12989.184991103326	-3345.9215811961817
738.0	13647.617875080927	-3499.1232676128843
739.0	13236.642480732282	-3587.6553982682367
740.0	13683.466837689504	-3275.453579658058
741.0	13862.138108807374	-3555.406209110531
742.0	13953.176062377248	-3455.309160559505
743.0	14370.675606545783	-3417.88938685477
744.0	14014.344298895214	-3263.880981871868
745.0	14106.39155906647	-3412.9058936648457
746.0	14222.421327277334	-3293.8138657688564
747.0	14362.240053924654	-3514.1088806726
748.0	14347.112946835812	-3847.5029812414045
749.0	14387.970439272698	-3249.023266524086
750.0	14623.897430637182	-3362.6135939142937
751.0	14442.715542394364	-3369.388206250928
752.0	14545.023936937549	-3284.07016271776
753.0	14751.778493418211	-3374.90043316672
754.0	14681.920226094253	-3840.400153131393
755.0	14673.512873029233	-3700.4471004011284
756.0	14704.174120794225	-3250.0711405250695
757.0	14886.043163446842	-3295.617107909538
758.0	14958.889235170542	-3452.435188859359
759.0	14761.486686111219	-3291.483544477065
760.0	15015.964400909472	-3824.5751622861694
761.0	15326.352542512124	-3651.7375108176325
762.0	15025.300039914191	-3394.8573950601217
763.0	15025.155754103072	-3658.74514729132
764.0	15142.88635987583	-3556.1732091757135
765.0	15010.903797351144	-3293.3066703883037
766.0	15412.616229398072	-3387.9212202818176
767.0	15171.809098564032	-3339.8562925811543
768.0	15309.931199531218	-3412.360742343905
769.0	15648.691292848502	-3541.789655539144
770.0	15629.521705297311	-3806.173237920524
771.0	15471.222365763811	-3466.5624376187384
772.0	13557.600632988304	-3600.4114855116227
773.0	14098.355286524873	-3635.418778665278
774.0	15111.181547691309	-3426.833717632995
775.0	14927.040137174898	-3586.983449547839
776.0	14812.341019455052	-3434.0450048716507
777.0	14509.326548516494	-3656.936896097023
778.0	14555.30544162254	-3360.7177933567327
779.0	14229.041081922012	-3633.37130539318
780.0	14823.70302806615	-3568.8496135656765
781.0	14557.022540275137	-3501.336821334708
782.0	13770.477047776521	-3483.5695551545746
783.0	14242.255145207986	-3377.954434340207
784.0	14486.22651393763	-3557.395999037652
785.0	14257.809191234643	-3534.192033208497
786.0	14885.016799432131	-3392.296868139538
787.0	14746.495037179056	-3599.5975402720783
788.0	14191.695149989862	-3445.7014323643284
789.0	14316.8047390739	-3370.2255413665457
790.0	14041.819804914114	-3503.443967781112
791.0	13903.942816720015	-3766.1130517035745
792.0	15564.394661068176	-3648.5093786679936
793.0	15446.800353594956	-3593.0129332582874
794.0	14505.076016110741	-3409.5485223658143
795.0	14653.104739003824	-3500.028158265029
