235 255 235
234 255 233
233 254 231
233 253 229
232 252 227
231 251 225
230 250 223
229 249 221
229 249 219
228 248 217
227 247 215
226 246 213
225 245 211
225 244 210
224 243 208
223 242 206
222 241 204
222 240 202
221 239 200
220 239 198
219 238 196
218 237 194
218 236 192
217 235 190
216 234 188
215 233 186
214 232 184
214 231 182
213 230 180
212 229 178
211 229 176
210 228 174
210 227 172
209 226 171
208 225 169
207 224 167
207 223 165
206 222 163
205 221 161
204 220 159
203 219 157
203 219 155
202 218 153
201 217 151
200 216 149
199 215 147
199 214 145
198 213 143
197 212 141
196 211 139
196 210 137
195 209 135
194 209 133
193 208 131
192 207 130
192 206 128
191 205 126
190 204 124
189 203 122
188 202 120
188 201 118
187 200 116
186 199 114
185 199 112
184 198 111
182 198 112
180 198 112
177 198 113
175 197 114
173 197 115
171 197 116
168 197 117
166 197 118
164 197 118
162 197 119
159 197 120
157 197 121
155 197 122
153 197 123
150 197 123
148 196 124
146 196 125
144 196 126
141 196 127
139 196 128
137 196 129
135 196 129
132 196 130
130 196 131
128 196 132
125 196 133
123 196 134
121 195 134
119 195 135
116 195 136
114 195 137
112 195 138
110 195 139
107 195 140
105 195 140
103 195 141
101 195 142
98 195 143
96 194 144
94 194 145
92 194 146
89 194 146
87 194 147
85 194 148
83 194 149
80 194 150
78 194 151
76 194 151
74 194 152
71 194 153
69 193 154
67 193 155
65 193 156
62 193 157
60 193 157
58 193 158
56 193 159
53 193 160
51 193 161
49 193 162
47 193 162
44 193 163
42 192 164
41 192 165
41 192 167
40 191 168
40 191 170
40 190 171
40 190 172
39 189 174
39 189 175
39 189 177
39 188 178
39 188 180
38 187 181
38 187 182
38 186 184
38 186 185
37 185 187
37 185 188
37 185 190
37 184 191
36 184 192
36 183 194
36 183 195
36 182 197
36 182 198
35 181 200
35 181 201
35 181 202
35 180 204
34 180 205
34 179 207
34 179 208
34 178 210
33 178 211
33 177 213
33 177 214
33 176 215
33 176 217
32 176 218
32 175 220
32 175 221
32 174 223
31 174 224
31 173 225
31 173 227
31 172 228
30 172 230
30 172 231
30 171 233
30 171 234
30 170 235
29 170 237
29 169 238
29 169 240
29 168 241
28 168 243
28 168 244
28 167 245
28 167 247
27 166 248
27 166 250
27 165 251
27 165 253
27 164 254
26 164 255
26 162 254
26 160 251
26 157 249
26 155 246
26 152 244
26 150 241
26 148 239
26 145 236
26 143 234
27 141 231
27 138 229
27 136 226
27 133 224
27 131 221
27 129 219
27 126 216
27 124 214
27 121 211
27 119 209
27 117 206
27 114 203
27 112 201
27 109 198
27 107 196
27 105 193
27 102 191
27 100 188
27 98 186
27 95 183
27 93 181
27 90 178
27 88 176
27 86 173
27 83 171
27 81 168
27 78 166
27 76 163
27 74 161
27 71 158
27 69 156
27 67 153
27 64 151
27 62 148
27 59 145
27 57 143
27 55 140
27 52 138
27 50 135
27 47 133
27 45 130
28 43 128
28 40 125
28 38 123
28 35 120
28 33 118
28 31 115
28 28 113
28 26 110
28 24 108
28 21 105
28 19 103
28 16 100
28 14 98
28 12 95