1.0	28525.500792546114	-3316.537724008989
2.0	28610.019789441445	-3275.161987721583
3.0	28445.23832605954	-3255.0161532973493
4.0	28684.614796715236	-3383.479167757567
5.0	28822.33332692192	-3401.712376000221
6.0	29097.284518001867	-3276.6755635071663
7.0	29213.396920334195	-3362.142998970425
8.0	29549.56348925011	-3346.0107956851075
9.0	29895.757254648637	-3336.049992041438
10.0	30240.084247682895	-3331.5676727778377
11.0	30583.555542958766	-3333.585302791335
12.0	30907.722045745646	-3248.154191926564
13.0	31030.63629665477	-3339.427450624053
14.0	31728.804960955415	-3355.9161030356067
15.0	32074.886954363465	-3363.7425212932453
16.0	33898.46130448776	-3405.5964195615343
17.0	35032.15610840772	-3427.0220942197243
18.0	36163.65385918857	-3454.3765484207875
19.0	36852.11376121893	-3473.349979604432
20.0	37196.407911818365	-3480.955695020768
21.0	37542.99789655755	-3486.7924078561286
22.0	37866.6766772067	-3406.2614874095016
23.0	37990.8490220717	-3491.9066101413014
24.0	38336.05147452568	-3494.5052079263155
25.0	38680.63097777549	-3496.0332707583625
26.0	39374.39240169513	-3496.9178538655774
27.0	41187.63557932324	-3414.918832143536
28.0	44812.71907406944	-3515.5122715677735
29.0	44907.66256509543	-3432.81377251426
30.0	42482.738712437036	-3419.528799170817
31.0	28906.729541959237	-3282.165813371115
32.0	31559.611162770496	-3262.147593030044
33.0	32409.608077074397	-3288.402212496256
34.0	29411.34004618521	-3265.700971343324
35.0	29735.99167396189	-3259.1876840157024
36.0	32733.790140387882	-3297.2577270230613
37.0	30060.06569888849	-3253.354556404532
38.0	33058.34974504667	-3305.7213577029834
39.0	30382.828212232078	-3250.02429573354
40.0	33381.66116339461	-3313.706034724926
41.0	30706.037313215682	-3249.887769235424
42.0	33703.85459624233	-3321.1622042927524
43.0	31233.2488951516	-3254.069470680759
44.0	34228.2570381698	-3332.2933378551365
45.0	31380.061509868658	-3347.9887572667703
46.0	34552.3523655357	-3338.43320021693
47.0	31884.387730281258	-3271.446157230037
48.0	34875.9841621076	-3344.447347938853
49.0	32208.041010166427	-3281.158631202392
50.0	35520.24359201183	-3357.575257392686
51.0	32521.141656929965	-3375.1934425147233
52.0	35843.95841061685	-3365.411955012822
53.0	32867.48531220166	-3383.040680471324
54.0	36045.60602018306	-3370.0595432909918
55.0	33212.92910117964	-3390.8564733890985
56.0	36693.06647099377	-3386.705719875472
57.0	33555.98586677589	-3398.4236266862426
58.0	34026.60137948348	-3328.0744960288052
59.0	34343.64922207331	-3414.3233320566433
60.0	34688.88249175516	-3420.594155334205
61.0	35198.1215645573	-3350.694891603745
62.0	35373.92424358858	-3434.137142818825
63.0	35717.27753811603	-3442.4733093462187
64.0	36369.91954118109	-3378.546001549719
65.0	36508.63942219711	-3464.23569675434
66.0	39163.36830117178	-3412.6722881087885
67.0	39689.833095634065	-3413.1842487952927
68.0	37015.879630492236	-3393.9017988612673
69.0	40013.071010674095	-3413.2424127304184
70.0	37339.86179090061	-3399.720651646509
71.0	40336.304412594465	-3413.3942078157393
72.0	37664.98668909486	-3404.193568136858
73.0	40661.04138081737	-3413.76397728459
74.0	38191.090690185745	-3409.0480325181306
75.0	40985.935494151665	-3414.362855347336
76.0	38514.422829726296	-3410.916014545195
77.0	41510.95533274483	-3415.8112261627116
78.0	38838.21708354968	-3412.063633653126
79.0	41833.850575979704	-3416.8859493071436
80.0	39027.02740953139	-3496.754383539023
81.0	42157.97081534351	-3418.131100987755
82.0	39488.13223162023	-3412.925889167742
83.0	39820.69353896123	-3496.893939787158
84.0	40164.61370451151	-3496.7207211335904
85.0	42806.35750987926	-3421.0528330407656
86.0	40510.033357477565	-3496.7635771809346
87.0	40857.11403703902	-3497.113568997187
88.0	43008.05560998258	-3422.0216152858357
89.0	41303.62774913456	-3498.055800231143
90.0	43330.8676407793	-3423.698823342785
91.0	41647.29294647267	-3499.001195420618
92.0	41991.75874049725	-3500.1857381091927
93.0	43654.44282354843	-3425.4686546861085
94.0	42338.09818866063	-3501.590055710412
95.0	42683.937166429714	-3503.180462432532
96.0	43979.30389007803	-3427.317571785414
97.0	43128.66998784506	-3505.419860954047
98.0	44303.56084574552	-3429.216207687769
99.0	43472.50986697739	-3507.319629699143
100.0	43818.399110528	-3509.3399429042115
101.0	44619.5328407411	-3431.09506149425
102.0	44164.97023295414	-3511.448303614536
103.0	44502.652511374275	-3513.5562534988326
104.0	16135.74084142576	-3005.164323026553
105.0	28298.7881096588	-3229.669610993071
106.0	16186.451938113098	-3037.3386076225706
107.0	16532.689305560474	-3001.7623438071537
108.0	16731.798656191288	-3009.5727660540338
109.0	16931.211361050835	-3013.955877838074
110.0	17430.201059637693	-3022.9788670006587
111.0	17361.157743065043	-3321.0715266003554
112.0	17829.228215387862	-3027.2498953282666
113.0	18028.68925496469	-3029.2471086886485
114.0	18228.143148667208	-3031.445537084619
115.0	18432.13023466607	-3032.1196446382924
116.0	18629.41828817977	-3033.0952557847945
117.0	18827.092486980026	-3042.7471399600167
118.0	19025.086196051183	-3047.6116375205906
119.0	19464.929681694466	-3255.488597281121
120.0	19724.023344302917	-3057.341659082911
121.0	20023.265632341587	-3058.9310823501733
122.0	20222.58136730018	-3060.898680781577
123.0	20423.665957664314	-3065.9356188239167
124.0	20621.024879023156	-3069.096812012061
125.0	20919.2186643303	-3080.3961103828115
126.0	21118.191903543517	-3090.6772054650137
127.0	21318.688333009282	-3103.45380348774
128.0	21516.588954083614	-3112.5086748343115
129.0	21815.815005850414	-3126.827016352916
130.0	22016.877147277915	-3136.2196728552094
131.0	22215.18943946216	-3140.2783515898577
132.0	22515.01464498529	-3144.446415310443
133.0	22716.285841625544	-3145.842740015687
134.0	22914.542496824997	-3142.16715296767
135.0	23213.821346012995	-3137.4866798744406
136.0	23414.984351525625	-3135.9985583447437
137.0	23612.712112505164	-3132.077071243317
138.0	23911.58804085123	-3129.2485968939304
139.0	24112.45225717148	-3129.117710823128
140.0	24310.84368140869	-3127.120503455615
141.0	24609.681805488693	-3125.9284906086723
142.0	24809.56894732427	-3124.9890183117127
143.0	25008.743528887484	-3123.2976961943073
144.0	25308.03825578537	-3120.295247635346
145.0	25507.504120656846	-3118.055051887172
146.0	25706.94002302583	-3115.8479148971837
147.0	26006.072102880895	-3112.9868930276066
148.0	26206.975264590914	-3110.7640283976107
149.0	26404.990962214146	-3109.7936177065953
150.0	26706.266822971524	-3108.162851487192
151.0	26904.62352936921	-3104.233877675597
152.0	27203.122416485076	-3099.2344223850073
153.0	27404.45763147093	-3097.2564308094493
154.0	27602.10470257432	-3093.743260497993
155.0	27900.635571381117	-3093.202176572772
156.0	28375.70284875702	-3290.5274021503824
157.0	15544.802672724973	-3070.369867692525
158.0	15179.411765182287	-3194.9605279161
159.0	15347.411236569964	-3111.782646915662
160.0	15313.278131314108	-3246.224407784708
161.0	16023.396117557952	-3457.363139857803
162.0	15074.550283598692	-3174.9252746172388
163.0	15138.594165768338	-3157.0518827011033
164.0	15240.450920457202	-3154.42641533674
165.0	15452.040489351113	-3290.432715590136
166.0	15407.899347328203	-3149.9007040546294
167.0	15622.02695980423	-3340.9527381212224
168.0	15811.73817698376	-3391.8835466516925
169.0	15696.884407816475	-3082.531841817765
170.0	17775.635111695352	-3312.2319099877263
171.0	16088.010284122152	-3041.561730430553
172.0	16243.996949732782	-3459.7946932679574
173.0	16478.032438401733	-3409.7432165336027
174.0	19635.77842992055	-3262.016058549681
175.0	16705.783263924342	-3365.986228299685
176.0	16581.841470586067	-3036.5929712515135
177.0	16941.901586271564	-3344.320446076917
178.0	16780.642651466518	-3040.059586349736
179.0	17149.26658228013	-3327.54942552435
180.0	16970.401084682755	-3134.9455268477336
181.0	17046.92826725565	-3280.8341669717556
182.0	17252.29206874508	-3270.3559413757625
183.0	17304.27391724005	-3130.6898338675946
184.0	17569.582232894445	-3317.820439471971
185.0	17479.70680081131	-3057.578958836059
186.0	17650.903904340943	-3173.6799352288567
187.0	17707.350820630585	-3133.418738932925
188.0	17976.761998366972	-3303.87378107137
189.0	17878.725674944824	-3061.8021096048633
190.0	18172.633486351635	-3293.5440504358926
191.0	18077.82346946196	-3062.9070142307223
192.0	18367.538569487948	-3281.3286594414844
193.0	18277.603901240906	-3061.355258983711
194.0	18558.155172853545	-3262.2153925724288
195.0	18488.99358573994	-3085.5387438016874
196.0	18740.437998583297	-3254.1610622274816
197.0	18678.97457573218	-3083.1642456496866
198.0	18927.728494437015	-3254.363336020684
199.0	18877.09093079045	-3094.3598893575513
200.0	19111.58182502787	-3245.1663263307687
201.0	19294.611653811753	-3256.052779120553
202.0	19179.087683265105	-3185.5561301458324
203.0	19385.582391052067	-3203.895276698119
204.0	19439.593336443486	-3061.942554238221
205.0	19547.931331728596	-3206.5025079862717
206.0	19673.515774507883	-3103.3458498136297
207.0	19822.056246484153	-3252.968648735356
208.0	20007.642159829036	-3251.128112634377
209.0	19885.714587361002	-3190.6268948215206
210.0	20192.8956711064	-3251.5366050825537
211.0	20078.09991356434	-3189.278968777637
212.0	20398.405419530704	-3195.9858234562657
213.0	20272.62833917895	-3097.701132018221
214.0	20532.402365124402	-3266.3521465501394
215.0	20475.637602073806	-3112.8543506358014
216.0	20713.169310889774	-3260.8311127101133
217.0	20896.69907158661	-3265.894701116114
218.0	20777.851328497254	-3203.5151394299974
219.0	21080.46753632495	-3275.0654762241084
220.0	20968.76131430453	-3210.066642207557
221.0	21287.249757390735	-3230.9889023180276
222.0	21166.683465764378	-3129.3219382206516
223.0	21417.144966532407	-3305.1122679321943
224.0	21368.403196325686	-3151.4763737765784
225.0	21599.35301675049	-3303.435480462038
226.0	21783.524213257286	-3312.0286693709127
227.0	21668.82550701522	-3247.5507443151896
228.0	21988.577752972342	-3264.4474010051567
229.0	21864.98800421611	-3164.8479711497052
230.0	22120.699026522238	-3335.496012207673
231.0	22067.728437636553	-3183.114839365861
232.0	22303.22186024846	-3328.547387263767
233.0	22488.186023734466	-3330.9270741789
234.0	22371.511869939695	-3270.443543130053
235.0	22692.39644800997	-3275.518971451847
236.0	22565.63326705195	-3180.522016805831
237.0	22826.560509183677	-3342.0716325634276
238.0	22768.746365273113	-3190.947737589766
239.0	23008.79403747948	-3328.3738525554386
240.0	23193.075606494003	-3325.3271724965184
241.0	23074.832691356714	-3267.59944493188
242.0	23394.36215010268	-3265.6269691451585
243.0	23265.034161151965	-3172.6575681586096
244.0	23530.674326857323	-3329.8184860019537
245.0	23468.37754798269	-3180.469682979945
246.0	23711.12091405514	-3315.117288318336
247.0	23894.32363842642	-3311.7168336619034
248.0	23774.454933459547	-3255.9873731775683
249.0	24092.19396044649	-3254.4647265088115
250.0	23966.391434209174	-3255.2187642339572
251.0	24229.168071513148	-3314.674078690734
252.0	24165.706665936	-3171.8394030536656
253.0	24407.98041272409	-3303.068548166513
254.0	24589.48699231833	-3300.7329889657376
255.0	24471.350257248745	-3248.2494630653005
256.0	24785.747180826977	-3245.8266068761864
257.0	24661.680160475953	-3246.7031805664774
258.0	24920.154803357684	-3305.1115871309935
259.0	24861.643247773067	-3166.2998233059093
260.0	25099.280629467074	-3296.356778083414
261.0	25280.35923068009	-3295.572948868468
262.0	25166.120372034366	-3242.9670105355326
263.0	25480.636755851763	-3240.9724610376966
264.0	25358.284967186668	-3153.7484076322603
265.0	25611.32979654534	-3304.149379216045
266.0	25558.47885451828	-3160.793394066788
267.0	25792.782740760285	-3294.287771234149
268.0	25975.14373298918	-3293.5181590188545
269.0	25862.20610705252	-3238.2597748879402
270.0	26128.742787220617	-3302.131728074606
271.0	26060.370187081022	-3156.010239361929
272.0	26307.737816046447	-3303.768225817505
273.0	26257.644755942736	-3156.8361983631953
274.0	26489.681661714796	-3289.5845084308653
275.0	26687.47067105699	-3234.043904458375
276.0	26560.707649690234	-3234.2314212693823
277.0	26826.320562922436	-3294.8242377580573
278.0	26760.71254027406	-3150.9109546279046
279.0	27004.996960341257	-3287.467036791097
280.0	27187.402849107748	-3279.7491159039523
281.0	27067.151363094297	-3230.4214698829624
282.0	27385.6318805284	-3223.358248166184
283.0	27258.994601857285	-3224.0876781976017
284.0	27523.609995141294	-3284.267933100815
285.0	27458.69534242645	-3140.195802298896
286.0	28163.735257007833	-3209.300974644455
287.0	27701.770610691583	-3277.269547004496
288.0	27883.710127235303	-3271.1908672759696
289.0	27763.685521949705	-3221.2117894905364
290.0	28087.69766433886	-3222.111651192766
291.0	27957.90173665657	-3220.758745375994
292.0	28106.114399693393	-3095.5838156157356
293.0	28226.74477961414	-3260.775321425955
294.0	15936.965951523913	-3016.719307369744
295.0	16334.104237343085	-3004.476364738812
296.0	16137.90708857347	-3284.968577047011
297.0	16234.905354054279	-3006.2755200652355
298.0	16433.38325029957	-3004.0965988791427
299.0	16352.444615245424	-3374.605807099901
300.0	16681.233137488034	-3042.432064646908
301.0	16580.650459543802	-3328.9556997943096
302.0	17031.0518231954	-3017.372470024867
303.0	16831.338130789136	-3006.666964146861
304.0	16779.79306630834	-3281.406005606565
305.0	17330.333560638832	-3021.1462873415167
306.0	17506.008659304538	-3132.7311818075996
307.0	17447.64673956508	-3173.9687528458803
308.0	17230.610747824798	-3020.0788957601053
309.0	17729.4980026111	-3026.273361501617
310.0	17978.458201620975	-3062.8251426521297
311.0	17907.35473608814	-3133.608177249989
312.0	18177.552592218617	-3063.9821757030877
313.0	18105.05882882953	-3132.142492365341
314.0	18381.866519879066	-3060.6031480654633
315.0	18303.991980096936	-3126.3797701080925
316.0	18586.560976370718	-3084.713253209704
317.0	18776.932114325184	-3090.759637394567
318.0	18926.684565743602	-3060.6605489722756
319.0	18864.36469325493	-3191.789517329744
320.0	19124.460768346395	-3053.637027360745
321.0	19053.964627182926	-3183.550126326298
322.0	19223.86928677568	-3051.22694034865
323.0	19073.43224096706	-3087.9802760094285
324.0	19506.07888859962	-3062.7854827126826
325.0	19321.796974644094	-3064.32288475605
326.0	19823.773689393875	-3059.6859558078972
327.0	19555.304024664605	-3109.7248724463966
328.0	19759.550172838903	-3190.7228988110896
329.0	19923.541733018796	-3058.164714931439
330.0	19773.59953070857	-3093.9885287180605
331.0	20122.94557384211	-3059.810802016938
332.0	19873.38267240106	-3094.078571987091
333.0	20072.81044793016	-3093.3901454825113
334.0	20322.908701791635	-3064.3907859856517
335.0	20270.89736424256	-3192.774559227282
336.0	20524.274971155417	-3078.0075097450845
337.0	20466.81493995919	-3207.0161148344
338.0	20720.253486529477	-3073.9614004339
339.0	20653.29496281974	-3199.8033954960206
340.0	20819.77470636587	-3075.9161692761627
341.0	20669.57617800544	-3106.5979520536875
342.0	21018.6893060041	-3085.3647543810653
343.0	20867.971474124144	-3112.104891769764
344.0	21066.631280369566	-3121.9686446944684
345.0	21267.595950017185	-3136.570505647618
346.0	21160.660393185153	-3222.200284311921
347.0	21418.722794284582	-3118.541083943128
348.0	21354.861720259763	-3244.044117030619
349.0	21616.325211823398	-3117.599020204227
350.0	21543.474387867816	-3241.3040196056413
351.0	21716.054061069048	-3122.380314775448
352.0	21564.711305863355	-3149.0313017724134
353.0	21764.420230940257	-3158.6083071889093
354.0	21966.387614402192	-3170.4011534577107
355.0	21861.642499878788	-3258.026951862537
356.0	22166.346047631047	-3184.299930925184
357.0	22056.692180661816	-3276.0284309928556
358.0	22315.11253366787	-3142.307776854925
359.0	22245.672802980476	-3268.170674790165
360.0	22415.0620195646	-3143.704391925235
361.0	22264.46185709156	-3175.3287387670584
362.0	22364.613489248022	-3177.045868744319
363.0	22615.644098638062	-3146.551494528337
364.0	22565.149976771365	-3273.9612798021312
365.0	22816.956309058965	-3154.840473593144
366.0	22760.72932183857	-3284.632696039869
367.0	23014.34406776165	-3140.7331315961824
368.0	22949.30974114944	-3269.4563438821147
369.0	23114.097704118238	-3139.1406262703927
370.0	22964.931294423932	-3175.4665361805983
371.0	23064.761168364388	-3173.9485316741393
372.0	23314.341439157128	-3137.819014548317
373.0	23267.457955502145	-3266.295187165888
374.0	23566.376583535093	-3177.8113110178015
375.0	23463.025561514074	-3273.8276136283916
376.0	23712.207307081553	-3130.8001246357035
377.0	23649.68777378539	-3258.3325691741065
378.0	23811.91551461576	-3129.9603255361767
379.0	23662.87907962923	-3165.602434134893
380.0	24012.169735149993	-3130.2732090820864
381.0	23762.35002064212	-3164.400344534149
382.0	24264.361784858862	-3170.2871306051843
383.0	23962.516038629823	-3164.593065655019
384.0	24161.01058067181	-3261.4403627963425
385.0	24410.206776551193	-3126.8169708281494
386.0	24347.515425846534	-3249.545822751588
387.0	24509.943010002604	-3126.3847346832777
388.0	24360.864534694294	-3160.9299172739998
389.0	24709.464485251156	-3125.409355650401
390.0	24559.966621966192	-3160.167154503013
391.0	24659.752418666805	-3159.6790537819847
392.0	24910.93856334002	-3131.765898042386
393.0	24854.24124664543	-3253.0442700970184
394.0	25108.54097812598	-3122.378752562527
395.0	25042.326668107333	-3243.7396119705027
396.0	25208.277614287435	-3121.3666017156283
397.0	25058.952851808117	-3156.8465394544364
398.0	25258.52029427883	-3154.8403899843397
399.0	25407.77333416331	-3119.181397690248
400.0	25356.484073100542	-3241.5912259934016
401.0	25607.962991847755	-3126.2213470932256
402.0	25547.851859218896	-3249.514351414256
403.0	25806.66285348109	-3114.8160598479867
404.0	25737.90167261902	-3238.9088320071055
405.0	25906.356678644603	-3113.8599824373273
406.0	25757.151726900946	-3149.34565688465
407.0	25956.5125084426	-3147.4374275817245
408.0	26161.539395869953	-3154.5835509068456
409.0	26057.31620423829	-3246.3290492684846
410.0	26355.926461518888	-3156.6576465127036
411.0	26246.248887191887	-3247.316418309612
412.0	26504.761215174254	-3108.934300004638
413.0	26435.268402032623	-3233.864826409041
414.0	26605.44613896424	-3109.6013961778312
415.0	26455.166677997495	-3143.3645174895923
416.0	26657.66268083322	-3144.3236135074408
417.0	26808.226119006027	-3115.0404662544806
418.0	26757.277032823262	-3241.0106238202975
419.0	27003.742346362105	-3107.4444468895767
420.0	26943.41968885539	-3232.376171351465
421.0	27103.400240308096	-3100.975905070183
422.0	26955.13173186871	-3142.192626330996
423.0	27303.720346898608	-3099.151439097887
424.0	27054.184706101823	-3140.582425001911
425.0	27254.44013337765	-3134.0008085624445
426.0	27506.09123136457	-3104.3247215897154
427.0	27455.033559469462	-3230.399977182282
428.0	27701.330109714705	-3097.9466396880416
429.0	27640.052413015084	-3222.086456932337
430.0	27800.90424028043	-3093.1347112877315
431.0	27652.116694512544	-3132.109820197289
432.0	28003.97775610832	-3098.2367354029393
433.0	27850.74968831083	-3127.186504281361
434.0	15453.734424222299	-3106.8222440864006
435.0	15643.245824630023	-3055.8539030104403
436.0	15291.664508202897	-3174.6016917865813
437.0	15561.14095167671	-3194.200973392177
438.0	15619.81046647596	-3166.8307421847444
439.0	15599.083516747929	-3095.6416204792235
440.0	15397.173474334611	-3229.228920512081
441.0	15507.694586309168	-3128.8985515701243
442.0	15926.595462660202	-3363.370645311341
443.0	15548.750013141975	-3269.5884945588987
444.0	15839.9455250162	-3033.1967616090465
445.0	15728.58184330797	-3311.7232669629993
446.0	16051.741131685396	-3235.7121285873222
447.0	15684.745588644786	-3158.7272472290383
448.0	15741.170015476375	-3042.1875274485587
449.0	15746.051566247968	-3208.508278330401
450.0	15811.6874823175	-3162.592999445734
451.0	15794.667112374218	-3072.467653975165
452.0	15950.410868637506	-3264.853856905316
453.0	17852.698532243412	-3172.393855648005
454.0	17667.58730567704	-3264.8368162296388
455.0	16036.830228671191	-3014.7912407848507
456.0	15891.27561310712	-3057.274976133227
457.0	15885.747588512173	-3188.7476736265976
458.0	15984.416043959893	-3115.104377106329
459.0	15988.77055879312	-3046.9899381755117
460.0	16430.579449157092	-3149.574854164943
461.0	16172.197446746368	-3107.8560932331316
462.0	16133.377480423334	-3408.1027999114654
463.0	16565.566304801625	-3108.690763279798
464.0	16298.594403647307	-3111.854844848511
465.0	16285.12149991792	-3039.2663769466294
466.0	16482.729491453672	-3035.286867221274
467.0	16335.958579348962	-3274.5479316914557
468.0	16383.875858812584	-3038.1936923216417
469.0	16499.696739100156	-3107.8290062821347
470.0	19692.71163315194	-3200.337200804063
471.0	19623.9552642125	-3068.2470720193724
472.0	16903.586191035265	-3168.329617769914
473.0	16556.340935516648	-3244.4454012554634
474.0	16632.222846851688	-3006.634303081193
475.0	16680.83852831788	-3133.40693936919
476.0	17130.78937327323	-3017.389840992087
477.0	16746.972937349925	-3171.0485268314173
478.0	16880.35557852282	-3041.9078026332104
479.0	16869.923892598425	-3277.7170378055184
480.0	16980.364645366077	-3050.194515427064
481.0	17041.76546723	-3180.8466677781767
482.0	17100.907441050735	-3130.1831867752203
483.0	17080.230236332816	-3051.4600004425793
484.0	17242.435467679898	-3174.4907716827897
485.0	17279.888106749175	-3054.373301679274
486.0	17180.06754285329	-3052.271209549925
487.0	17167.50645221752	-3130.3665532842883
488.0	17370.89234412528	-3131.662750334745
489.0	17379.748522691123	-3055.8250874610644
490.0	17461.29302213767	-3267.553239378125
491.0	17629.762706257923	-3025.2434615935103
492.0	17572.5853171638	-3133.4792329694374
493.0	17530.025315784038	-3024.1767480890735
494.0	17679.264560827418	-3059.7584420481558
495.0	17579.530378883956	-3058.7030562188593
496.0	17773.837500409132	-3134.1226490761887
497.0	17778.996244696897	-3060.7847564015756
498.0	18051.309593342536	-3169.96822170487
499.0	17871.056453876492	-3259.7109541045834
500.0	17973.843180631247	-3134.3107775337326
501.0	17928.958759673245	-3028.248489697635
502.0	18069.114711007278	-3252.577350372723
503.0	18248.525145481693	-3165.3354117153235
504.0	18128.051741233783	-3029.359718198586
505.0	18171.546510177068	-3132.847539209411
506.0	18264.68585867409	-3242.8264796250537
507.0	18448.89833659461	-3149.551379218917
508.0	18327.827776523238	-3027.98876856234
509.0	18375.012453236388	-3125.1561494997786
510.0	18458.465082651757	-3223.8902002737777
511.0	18636.117263923126	-3134.782243074596
512.0	18534.678393129692	-3054.5415486981
513.0	18643.829521738564	-3206.948366278873
514.0	18797.444335211603	-3188.899817478337
515.0	18726.81041702068	-3054.9437901492315
516.0	18989.140637969085	-3193.3682436646836
517.0	18975.370471740145	-3097.0950845884677
518.0	19386.11656714739	-3107.5017791507357
519.0	19172.49901279949	-3089.5966814926783
520.0	19243.4645306501	-3193.768489776389
521.0	19270.115675387115	-3098.432092959269
522.0	19952.227177825367	-3188.886290635503
523.0	19973.1401159721	-3092.5780836464255
524.0	20144.439524761376	-3189.923982147526
525.0	20172.394246018757	-3094.3594850556124
526.0	20373.988557030436	-3101.1837767994
527.0	20345.594589355514	-3254.2662598515785
528.0	20590.23965071289	-3207.7844986918967
529.0	20573.28959462929	-3113.6016260854412
530.0	20768.654288951253	-3109.850870596117
531.0	20843.952596351985	-3204.364080486426
532.0	20967.26202927606	-3116.827240190916
533.0	21034.92998573022	-3213.4785693622925
534.0	21218.330732840204	-3098.124902435455
535.0	21231.96146763453	-3285.4216451971347
536.0	21478.674885090524	-3249.152492744937
537.0	21466.711236776773	-3155.149052009911
538.0	21735.474942684443	-3250.630979494073
539.0	21664.56078409259	-3153.9870018906063
540.0	21935.1126154527	-3320.093095389777
541.0	21916.267981219873	-3132.867867129499
542.0	22180.79356168478	-3277.919406270257
543.0	22117.28776944325	-3148.9629452356044
544.0	22438.440540917843	-3271.1569170977928
545.0	22464.785871888085	-3178.1155212256367
546.0	22640.388769941375	-3333.461929451981
547.0	22667.16848642607	-3182.0477995245033
548.0	22884.892758975708	-3281.8196308150023
549.0	22867.271515416458	-3188.273430294823
550.0	23141.344979198682	-3266.5305012706262
551.0	23164.51451306786	-3172.3276276558267
552.0	23366.471726461637	-3172.756202900833
553.0	23344.655657148352	-3324.327399799921
554.0	23586.428714579237	-3270.184606806885
555.0	23515.9741822818	-3144.0872595644228
556.0	23840.85694015241	-3255.465623570611
557.0	23861.996738156566	-3163.623085381576
558.0	24063.64465796914	-3165.0253282972667
559.0	24044.594433206697	-3310.338305872569
560.0	24284.25827978215	-3258.7653925488576
561.0	24213.96766185405	-3136.594857004384
562.0	24537.844066986683	-3247.9475260755867
563.0	24460.227512228088	-3160.6137912045237
564.0	24737.235251916816	-3298.9645617872684
565.0	24759.904155970464	-3159.295527523811
566.0	24977.701865986674	-3251.966592843651
567.0	24961.08362484137	-3165.365350546154
568.0	25232.642163259676	-3242.275272856319
569.0	25158.754536992492	-3155.8820575307122
570.0	25428.58907407952	-3295.3677013667916
571.0	25458.020121849422	-3152.6289757222944
572.0	25672.1773134932	-3248.8976643790525
573.0	25658.183513496235	-3159.690589603701
574.0	25856.836165491404	-3148.351238624234
575.0	25928.638121393626	-3237.649883666416
576.0	26183.388246816	-3244.807548671483
577.0	26109.947919117305	-3121.5889204034133
578.0	26369.272756642487	-3246.8828916512016
579.0	26305.7873896737	-3123.062760732591
580.0	26640.072851693432	-3289.4715866355436
581.0	26555.888927184817	-3144.081521762604
582.0	26880.871102860012	-3237.9793299058642
583.0	26859.341151492812	-3148.2952275946805
584.0	27133.568368657743	-3224.53306311988
585.0	27153.842404514708	-3134.1052392360925
586.0	27356.05139659868	-3133.6295618760073
587.0	27337.855299307965	-3278.96699502322
588.0	27577.792248887465	-3227.505480529344
589.0	27556.611702153754	-3137.7664439016303
590.0	28169.11192038583	-3121.5285975449056
591.0	28059.828734592866	-3134.203367673402
592.0	27751.18073947536	-3131.8655189091296
593.0	27830.009247775026	-3216.546287801184
594.0	27954.086740266575	-3132.129838192619
595.0	28035.661682244303	-3274.773926105678
596.0	15920.057306659814	-3122.700542680208
597.0	16106.971159144328	-3110.66583044961
598.0	16796.21154179531	-3110.5604724048385
599.0	16862.693969190568	-3111.5305311443813
600.0	16437.23687847812	-3225.1750425863106
601.0	16615.553071897088	-3169.706969831759
602.0	16364.10481002362	-3111.129808546582
603.0	16232.040521986462	-3236.6025949950576
604.0	16051.43658886014	-3152.009779734725
605.0	16234.123766416937	-3149.3814735776778
606.0	14975.643539858225	-3171.7715413776873
607.0	66.63440662307029	-3063.11741809923
608.0	280.2893760022619	-3063.1332049643565
609.0	500.5698629469885	-3063.148991829483
610.0	720.9207760948588	-3063.164778694609
611.0	940.6112368258781	-3063.180565559736
612.0	1293.7082177617983	-3063.2121392899885
613.0	1513.9910391855485	-3063.2279261551143
614.0	1733.887880870745	-3063.2437130202416
615.0	2086.8369378487	-3063.2752867504946
616.0	2307.151540024662	-3063.2910736156205
617.0	2527.2415199705774	-3063.306860480747
618.0	2880.089446708004	-3063.3384342110003
619.0	3100.5257575809646	-3063.354221076126
620.0	3320.959883923815	-3063.3700079412533
621.0	3540.518276798501	-3063.385794806379
622.0	3893.7866839651397	-3063.417368536632
623.0	4114.115253087623	-3063.4331554017585
624.0	4333.850091217992	-3063.448942266885
625.0	4686.774392808274	-3063.480515997138
626.0	4907.115328051718	-3063.496302862264
627.0	5127.22747598213	-3063.5120897273905
628.0	5480.037485248021	-3063.5436634576436
629.0	5700.31312505295	-3063.55945032277
630.0	5920.668906759129	-3063.5752371878966
631.0	6273.507302007053	-3063.606810918149
632.0	6493.433369021125	-3063.622597783275
633.0	6713.697219716853	-3063.6383846484023
634.0	6933.396943439773	-3063.654171513528
635.0	7286.3581149705815	-3063.685745243781
636.0	7506.604700007025	-3063.701532108908
637.0	7726.535031505909	-3063.717318974034
638.0	8079.362379432973	-3063.748892704287
639.0	8299.66771872138	-3063.764679569414
640.0	8519.913276230212	-3063.78046643454
641.0	8872.72130951903	-3063.8120401647925
642.0	9092.845119283134	-3063.8278270299193
643.0	9313.144551864703	-3063.8436138950456
644.0	9532.743867286425	-3063.859400760172
645.0	9885.80250766414	-3063.890974490425
646.0	10106.011534631602	-3063.906761355551
647.0	10325.804395919564	-3063.922548220678
648.0	10678.638085620092	-3063.9541219509306
649.0	10898.88697169652	-3063.9699088160573
650.0	11119.05120995865	-3063.9856956811836
651.0	11471.82440913614	-3064.017269411436
652.0	11691.871581158515	-3064.033056276563
653.0	11912.14132061189	-3064.048843141689
654.0	12131.744338605096	-3064.064630006816
655.0	12484.69716803335	-3064.0962037370687
656.0	12704.89280617667	-3064.1119906021945
657.0	12924.82791445928	-3064.1277774673217
658.0	13262.506717010669	-3064.158104212323
659.0	13445.792013418553	-3064.171212243389
660.0	13605.382953851098	-3064.182619979021
661.0	13826.359013489107	-3024.021926732414
662.0	13903.472364924191	-3127.7790246259788
663.0	14072.854753412006	-3012.0805582002595
664.0	14351.634369150845	-3000.2440278283952
665.0	14493.163575089971	-2996.8072310890616
666.0	14565.055790371216	-2993.8607010998808
667.0	14688.744727344236	-3052.0315329958344
668.0	14791.613054833497	-3104.5277515406656
669.0	15040.246632144524	-3198.254488
670.0	147.020562756121	-3137.830631765897
671.0	381.0527992108276	-3137.8385251984596
672.0	621.7809794342123	-3137.846418631023
673.0	861.9191334438898	-3137.8543120635863
674.0	1168.1689486185471	-3137.870098928712
675.0	1073.8800500720195	-3063.196352424862
676.0	1408.376717862864	-3137.877992361276
677.0	1648.6531611025987	-3137.8858857938394
678.0	1954.9614332734675	-3137.9016726589653
679.0	1867.156694116886	-3063.2594998853674
680.0	2195.0530593120325	-3137.9095660915286
681.0	2435.5544215646973	-3137.9174595240925
682.0	2741.9547017557575	-3137.9332463892183
683.0	2660.5103332167196	-3063.322647345873
684.0	2982.0669062507914	-3137.9411398217817
685.0	3223.0341235973906	-3137.949033254345
686.0	3463.1234229457164	-3137.956926686908
687.0	3769.4125964947584	-3137.9727135520347
688.0	3673.787090044642	-3063.401581671506
689.0	4009.8375396685274	-3137.980606984598
690.0	4249.997727052168	-3137.9885004171606
691.0	4556.119240280535	-3138.0042872822874
692.0	4467.118904464133	-3063.464729132011
693.0	4796.21244399891	-3138.012180714851
694.0	5036.762307303557	-3138.020074147413
695.0	5343.1468380075785	-3138.0358610125404
696.0	5260.496289228271	-3063.5278765925173
697.0	5583.060453963047	-3138.043754445104
698.0	5823.7886556049425	-3138.0516478776663
699.0	6130.445206066764	-3138.0674347427935
700.0	6053.9377200052695	-3063.591024053023
701.0	6370.037635213408	-3138.0753281753564
702.0	6610.324333053999	-3138.0832216079193
703.0	6850.384687603436	-3138.0911150404827
704.0	7156.50795636488	-3138.106901905609
705.0	7066.665756685915	-3063.6699583786553
706.0	7396.543679816775	-3138.114795338172
707.0	7636.81737648289	-3138.1226887707357
708.0	7943.037429416555	-3138.138475635862
709.0	7859.803844752049	-3063.733105839161
710.0	8182.998083516675	-3138.146369068425
711.0	8423.645760444706	-3138.1542625009884
712.0	8730.16172475007	-3138.170049366115
713.0	8653.182089476353	-3063.7962532996667
714.0	8969.921534687635	-3138.177942798678
715.0	9210.4415571641	-3138.1858362312414
716.0	9450.437085298177	-3138.193729663805
717.0	9756.557414605331	-3138.2095165289306
718.0	9666.012680532565	-3063.8751876252986
719.0	9996.653048835155	-3138.2174099614945
720.0	10236.751717221365	-3138.225303394058
721.0	10542.840641717574	-3138.2410902591837
722.0	10459.073209165703	-3063.9383350858043
723.0	10782.751184379182	-3138.248983691747
724.0	11023.261088848529	-3138.256877124311
725.0	11329.660899795863	-3138.2726639894368
726.0	11252.320023204791	-3064.00148254631
727.0	11569.309237880376	-3138.280557422
728.0	11809.722929486918	-3138.288450854563
729.0	12049.69246706429	-3138.296344287126
730.0	12355.710687993464	-3138.312131152253
731.0	12265.013151851237	-3064.080416871942
732.0	12595.687122449684	-3138.320024584816
733.0	12835.9146490064	-3138.327918017379
734.0	13135.961584070406	-3138.34352054987
735.0	13056.540637157488	-3064.143379999812
736.0	13349.479885993629	-3138.3505356624532
737.0	13536.834991911632	-3138.356628580937
738.0	13721.124957791004	-3172.5719906359623
739.0	13671.702372633265	-3098.3979820340464
740.0	13861.906112271061	-3172.3567449569487
741.0	14013.522125380756	-3175.587955936408
742.0	13969.30353832111	-3056.848274532111
743.0	14131.313933897995	-3182.6272842726144
744.0	14233.491052876976	-3186.3969215739216
745.0	14167.831151321314	-3030.13783083317
746.0	14325.599870630454	-3189.441168762886
747.0	14263.085548973757	-3017.689570401443
748.0	14302.31311361545	-3014.8234249477537
749.0	14408.750651005394	-3191.307108854273
750.0	14366.906094564538	-3009.105453072487
751.0	14393.776904537901	-3006.6763404111466
752.0	14487.330088920577	-3192.2337544662555
753.0	14437.721387729578	-3002.8893354330467
754.0	14486.071907713442	-3001.9441142509986
755.0	14565.822344397486	-3192.891192407031
756.0	14880.484966607852	-3148.0369054868747
757.0	14500.391292865615	-3001.6893889770813
758.0	14514.71794314686	-2999.5999934879023
759.0	14557.936671992427	-2999.110807574764
760.0	14646.613210582937	-3190.120828108369
761.0	14590.439571939549	-2996.021850127563
762.0	14594.629063391789	-3005.90023398968
763.0	14591.853723675298	-3161.5118416744776
764.0	14665.50595365181	-3053.0648909623474
765.0	14745.155160999837	-3190.192044467501
766.0	14681.23199511002	-3158.0261098231936
767.0	14810.800717798442	-3190.192044467501
768.0	14934.966213728718	-3186.053005377687
769.0	13715.872014542256	-3024.228582822709
770.0	13920.709913587621	-3019.6308515825062
771.0	13878.436515371615	-3053.6136056127816
772.0	14044.10151085339	-3049.28881873195
773.0	13965.14831421288	-3131.010235605438
774.0	14136.748173420325	-3009.203336342663
775.0	14117.516243550026	-3075.464632316423
776.0	14107.316369150416	-3031.2170434485256
777.0	14240.146164870346	-3004.4903068055723
778.0	14184.506186294006	-3156.488253846536
779.0	14219.137181442573	-3025.418630544291
780.0	14319.204828215714	-3001.628879696467
781.0	14427.423867794962	-2996.898420863105
782.0	14337.313454608307	-3106.7602117743377
783.0	14405.497725892506	-2997.8181126720433
784.0	14452.987430712556	-3015.105463211589
785.0	14463.745294579467	-2995.3225951483705
786.0	14536.273007871214	-2994.2892683498844
787.0	14580.698854221338	-2993.842737760268
788.0	14628.45922540955	-3018.205666505126
789.0	14732.138006673778	-3077.551096852347
790.0	14574.1606898788	-3011.4198896157136
791.0	14749.144688604676	-3110.449133146303
792.0	14830.202925520089	-3152.175944576689
793.0	13785.81212402868	-3132.3927835929103
794.0	13775.300874799303	-3058.2233843815734
795.0	14076.910671290207	-3093.539085868983
796.0	14005.563466577378	-3027.2670599986627
797.0	14233.655743769588	-3090.515276684402
798.0	14076.033017519892	-3145.6792882090226
799.0	14158.2169708063	-3074.383072551686
800.0	14189.061490375505	-3103.26649174176
801.0	14193.031294115486	-3011.0084130458667
802.0	14307.00993677123	-3042.9309315440096
803.0	14280.46049870919	-3163.3021383368073
804.0	14303.362344340692	-3100.740270449231
805.0	14282.458091667073	-3003.284740223753
806.0	14340.139739585895	-3035.3658697140822
807.0	14336.534344427315	-3011.778571819137
808.0	14370.376141695233	-3030.431575221792
809.0	14367.760973208815	-3168.2123256171585
810.0	14380.319605594414	-2998.959402732262
811.0	14433.670498362044	-3027.612795453524
812.0	14396.500029044226	-3024.8960800887357
813.0	14417.210788216113	-3004.6125545771006
814.0	14461.073215511222	-3021.2140896675733
815.0	14448.211292971717	-3171.004911320528
816.0	14446.762166234656	-2996.097352003293
817.0	14449.383432995479	-3136.8032174163704
818.0	14478.734893873472	-2995.033179536937
819.0	14455.801138749599	-3001.311348831095
820.0	14501.046102189008	-3026.4414207153586
821.0	14471.71795773172	-3012.4146338997675
822.0	14471.576328762922	-3000.317253761059
823.0	14526.233339555896	-3172.588994873287
824.0	14603.783365328427	-3035.1282384442197
825.0	14524.796840892763	-3011.250393831517
826.0	14525.70615316314	-3140.756100115459
827.0	14507.445670275645	-2994.5641706380197
828.0	14521.881616621211	-2994.503551974882
829.0	14543.545280742428	-2999.325091199766
830.0	14515.158024963863	-3011.2395846196528
831.0	14561.318926741884	-3018.147742892565
832.0	14529.153889492425	-2999.5393748247666
833.0	14544.02459349351	-3011.2136597368863
834.0	14550.664399121213	-2994.074984724882
835.0	14675.892702509545	-3113.977837588475
836.0	14618.665128566825	-3158.7414773758155
837.0	14573.57973584255	-2999.092844235149
838.0	14607.008355166969	-3005.6574615405193
839.0	14647.562471662533	-3102.8701567601
840.0	14656.387975798403	-3031.210877238553
841.0	14613.156723577116	-3019.2731226590895
842.0	14722.089002492663	-3158.0973261823256
843.0	14699.74302796129	-3081.151017653651
844.0	14585.469299709825	-3016.0481670029494
845.0	14648.174023421854	-3071.076694791789
846.0	14588.475233236319	-3031.660510338919
847.0	14575.238039893144	-3065.58027553158
848.0	14505.628505099288	-3013.257552233832
849.0	14575.352915147936	-3042.8854028640203
850.0	14553.618854326845	-3011.0708039868837
851.0	14543.146358532673	-3042.6856010143824
852.0	14476.387516044235	-3115.974542042452
853.0	14532.395272022637	-3017.8888558937547
854.0	14554.573075435095	-3121.43842990566
855.0	14612.273458490678	-3056.760669135219
856.0	14481.416406265576	-3014.1129222647073
857.0	14486.356258090804	-3027.1134933473168
858.0	14368.669990078439	-3131.572384157522
859.0	14459.612309365437	-3039.3112699689755
860.0	14420.199160338054	-3021.532095509097
861.0	14399.284757561625	-3111.3541754116286
862.0	14467.386105778389	-3085.444775560054
863.0	14265.78771543869	-3049.1797734601937
864.0	14398.469367753574	-3060.4779963909295
865.0	14388.455969132052	-3079.763195596425
866.0	14358.709811440121	-3045.157447872645
867.0	14440.979646174712	-3016.6841690914694
868.0	14414.816802711503	-3056.0734087299734
869.0	14411.209222520774	-3032.9573932816293
870.0	14443.148066303582	-3084.1893020966922
871.0	14386.512777231432	-3038.5052645591563
872.0	14344.305301314242	-3079.2951438475243
873.0	14327.507046530076	-3053.3236841876674
874.0	14364.833048354803	-3072.5163364155046
875.0	14236.878836740887	-3056.9106151630035
876.0	14276.0698855203	-3120.642255552064
877.0	14289.857081287782	-3062.88244987876
878.0	14637.468416665646	-3033.5780678757433
879.0	14600.916014701723	-3098.3343344103528
880.0	14426.198456972359	-3113.7924229671075
881.0	14444.21737675409	-3044.131269875046
882.0	14559.505218484524	-3034.000912804903
883.0	14517.732759069162	-3094.7671054340685
884.0	14511.511095350099	-3040.0422244663405
885.0	14434.35361892083	-3061.166585378963
886.0	14481.287407320217	-3063.499277292092
887.0	14528.533614902486	-3033.579055133914
888.0	14624.953682246893	-3115.5390782622653
889.0	14630.65600799546	-3056.277954720706
890.0	14581.131641105667	-3121.8919739309345
891.0	14540.927190504348	-3061.4175292304712
892.0	14596.850451143779	-3075.987813697477
893.0	14545.546617889426	-3097.2047562101707
894.0	14557.171175201409	-3075.4277136885507
895.0	14500.666031689232	-3118.3433411887822
896.0	14517.71510668502	-3072.9699479902733
897.0	14475.196903411159	-3043.512385283779
898.0	14502.911755160958	-3060.701189106611
