1.0	30339.883721039714	-4505.635075005389
2.0	31378.478134443536	-4566.963205439734
3.0	30960.73797324191	-4699.343406988654
4.0	30743.212759185702	-4473.341871719614
5.0	31634.38476629755	-4865.711498392176
6.0	32028.86148101499	-4647.794394123032
7.0	32343.395333891876	-4958.0629255419635
8.0	33072.42747694643	-4986.714167836839
9.0	38973.21428571429	-7750.458749670183
10.0	39776.78571428572	-7750.458749670183
11.0	40580.357142857145	-7750.458749670183
12.0	41383.92857142857	-7750.458749670183
13.0	44732.14285714286	-7745.074687150041
14.0	44754.8628524805	-6870.11124459395
15.0	44747.134458519045	-6088.088566652093
16.0	44766.44174198733	-5330.322377869784
17.0	44595.07110598619	-4927.258947850659
18.0	44828.629363998865	-4675.005143620154
19.0	38146.52300204027	-4685.442954422958
20.0	43620.37485802319	-4693.483314565096
21.0	37510.464080967206	-4690.783198410581
22.0	42999.62015249386	-4701.898341080009
23.0	42393.493382930865	-4694.42873234767
24.0	36844.67296588301	-4797.914625250935
25.0	41790.16312521359	-4691.993147356558
26.0	36315.39198521831	-4611.25050954591
27.0	44067.95961289786	-7405.283898523048
28.0	43375.596760417364	-7520.855465049407
29.0	35770.159947555214	-4761.847909458428
30.0	41785.71428571428	-7500.917499340368
31.0	41185.3346650674	-4691.1238373735405
32.0	35102.8259597232	-4739.139346684375
33.0	40576.26175610503	-4696.266040868516
34.0	39361.632589203626	-4690.044917831206
35.0	38754.60552803348	-4689.403684872598
36.0	34436.20649423522	-4717.270975260628
37.0	33768.182603036716	-4695.260114918624
38.0	34679.00208177744	-5665.297486469085
39.0	33080.90321685126	-5601.580675632461
40.0	32314.357950171372	-5477.571932282441
41.0	31741.07142857143	-7750.435155122915
42.0	29951.369471529735	-5379.113097857982
43.0	29225.670184039172	-5341.93637429479
44.0	21674.886221830748	-4936.307927275146
45.0	21127.8583134673	-4865.069844295042
46.0	20070.59662680388	-4697.961126969076
47.0	15916.88749798717	-4141.064543707139
48.0	14257.42071275316	-4119.626719076597
49.0	13601.090479090204	-4133.929087968478
50.0	11792.338582649196	-4180.096581621382
51.0	11306.953961119632	-4174.744810578733
52.0	10340.359825466532	-4179.028919971209
53.0	8897.798064802946	-4170.605664775289
54.0	7937.502499175521	-4178.816840697618
55.0	6970.769456522474	-4176.498161554839
56.0	5531.3863715348625	-4174.98339940944
57.0	4571.669009453685	-4174.083804415345
58.0	152.7822445934841	-4169.0339439450345
59.0	192.11084036325337	-4713.01260650134
60.0	261.2014382347006	-5378.399027696836
61.0	263.2492761536644	-6131.081936504333
62.0	243.1799716221188	-6898.340985320399
63.0	267.85714285714977	-7751.445624205884
64.0	6830.357142857155	-7750.458749670183
65.0	10044.642857142886	-7750.458749670183
66.0	1224.2607779058937	-7770.525802966222
67.0	13258.928571428596	-7750.458749670183
68.0	2008.9285714285895	-7750.458749670189
69.0	15669.642857142879	-7750.458749670183
70.0	2811.9742158936133	-7749.6075419438375
71.0	17276.78571428573	-7750.458749670183
72.0	3616.0714285714444	-7750.458749670183
73.0	18080.829551362654	-7749.557998822876
74.0	4419.642857142872	-7750.458749670183
75.0	18884.060257263798	-7749.091857621883
76.0	1666.642118790592	-4166.198425418894
77.0	19687.500000000015	-7750.458749670183
78.0	344.8930849567375	-4364.114767648689
79.0	884.8545399786848	-4387.880048126739
80.0	1907.049312032682	-4328.501167641926
81.0	2872.4244107825925	-4341.738956479004
82.0	4334.900302112106	-4338.613314353577
83.0	5223.2142857143	-7750.458749670183
84.0	5292.116396268743	-4336.7800025824645
85.0	6026.785714285727	-7750.458749670189
86.0	6732.178569146071	-4338.68511484373
87.0	7633.928571428584	-7750.458749670183
88.0	7693.332536085153	-4341.931290121036
89.0	8437.50000000002	-7750.4587496701815
90.0	8657.620115473723	-4332.793451996205
91.0	9241.071428571457	-7750.458749670183
92.0	9616.43613010435	-4334.670505162372
93.0	10097.421694907569	-4336.6403661814575
94.0	10848.214285714314	-7750.458749670189
95.0	11651.78571428574	-7750.458749670183
96.0	12455.357142857169	-7750.458749670183
97.0	12034.732691076839	-4342.820350063332
98.0	12857.142857142879	-7001.719904381534
99.0	14062.500000000027	-7750.458749670183
100.0	14105.954904994338	-4229.762568949899
101.0	14866.07142857145	-7750.458749670183
102.0	14412.030180740292	-4225.373823299812
103.0	15366.84471484764	-4252.852570324518
104.0	15727.653507113211	-4263.907485561916
105.0	16473.214285714308	-7750.458749670189
106.0	22905.791285785148	-7706.895987489715
107.0	16105.182246723227	-4272.019654386796
108.0	16496.39484988376	-4278.4349452928045
109.0	23714.307596346673	-7734.879573225182
110.0	16875.00000000002	-7500.917499340372
111.0	17503.990297611137	-4146.084673477347
112.0	16976.114133905507	-4594.37342484276
113.0	18375.364772561607	-4482.002054372882
114.0	24510.899215761397	-7744.8107716141385
115.0	19782.71172662648	-4820.97474591088
116.0	20491.071428571442	-7750.458749670183
117.0	25310.6362091139	-7748.298287890127
118.0	21294.642857142873	-7750.458749670183
119.0	22101.829871921513	-7739.163396008281
120.0	26107.90217141792	-7748.249191330423
121.0	21925.91068420213	-5161.255051833544
122.0	23420.409214612184	-6891.243869116738
123.0	26914.97851681292	-7736.708489998705
124.0	27723.21428571429	-7750.637467999644
125.0	24595.34301983178	-6157.486306635139
126.0	28526.785714285725	-7750.38205750372
127.0	28881.385705754965	-5550.706891096051
128.0	29330.357142857145	-7750.400681096454
129.0	30930.532455639568	-7767.667661324532
130.0	30133.928571428576	-7750.458749670183
131.0	31903.89561900481	-5706.538875400373
132.0	32696.95413711409	-4665.500280443433
133.0	32556.979561602897	-7727.635929920264
134.0	34158.23488433856	-7710.289176303489
135.0	33363.90032488344	-4685.733872082266
136.0	33356.67845089782	-7706.898231892958
137.0	35763.062187357464	-7718.09820314579
138.0	34004.40794865362	-5021.701131059143
139.0	34217.68997123632	-6526.646385638941
140.0	36559.85513193471	-7738.302968888233
141.0	34733.66185310585	-5053.2668133804145
142.0	34961.567308077494	-7714.772134157545
143.0	37366.071428571435	-7750.458749670183
144.0	35462.42167343208	-5084.777634631154
145.0	35057.11688715297	-5968.7242169486335
146.0	36068.78715195813	-4941.221758075809
147.0	35812.85147116757	-6574.270151133908
148.0	38169.64285714287	-7750.458749670189
149.0	39968.22668298424	-4689.332945900273
150.0	37830.10018677168	-5386.574166972593
151.0	36583.087696356124	-6671.292979912044
152.0	39375.0	-7500.917499340368
153.0	39368.97656724718	-6131.956120617193
154.0	40986.260880343085	-7027.229346605059
155.0	38567.938058293825	-7019.854556059882
156.0	40186.213528008055	-7018.154767775799
157.0	40178.57142857143	-7500.917499340368
158.0	40982.14285714285	-7500.917499340368
159.0	43817.873950420435	-5389.092410800913
160.0	40884.12090014314	-4906.965048657881
161.0	44487.005709623365	-7379.961870293867
162.0	44501.99731099955	-6487.729163480148
163.0	44231.61761918631	-4748.702025888665
164.0	44015.47370997762	-5718.936261295242
165.0	44513.576200506366	-5683.526329915847
166.0	37121.32829428918	-5025.0779639668535
167.0	39059.32654286314	-4898.762989180884
168.0	43952.522954149295	-4949.36762513393
169.0	37814.21933548673	-4902.611387893342
170.0	43317.40590559641	-4906.134191765452
171.0	43978.3316439566	-6510.810425884268
172.0	41389.22674845411	-6803.839699863861
173.0	43092.75328515695	-5608.31590514803
174.0	42697.02069012452	-4910.293826241367
175.0	42093.23770544587	-4903.029216327103
176.0	40577.24414556959	-5619.942210561702
177.0	36288.699744255566	-5290.26904139092
178.0	36535.30457751572	-4960.297792861021
179.0	43777.38247470308	-7770.396715379223
180.0	42490.607273278525	-6108.203248166433
181.0	42187.5	-7750.458749670183
182.0	42991.07142857142	-7750.458749670183
183.0	43387.6453790887	-7034.086101753611
184.0	42589.2857142857	-7500.917499340368
185.0	42101.36364563721	-5365.060376710778
186.0	41493.69487298458	-5373.8178249787015
187.0	41490.902349372496	-4901.643187179515
188.0	40885.38010617214	-5376.881685510823
189.0	40274.777397729114	-4905.296315078336
190.0	39667.135466916276	-4898.670948197822
191.0	39060.351052269885	-5370.077622700487
192.0	38450.54544261223	-4896.0187072876715
193.0	33884.13676415404	-5627.778593539482
194.0	34261.27553840724	-5935.379110829638
195.0	32676.392493298412	-5799.875794979533
196.0	31286.67825173763	-7065.6541272196
197.0	32566.45125249428	-6646.873997007085
198.0	30731.865159653902	-5413.834146969064
199.0	31139.67635993499	-6164.007165232266
200.0	29578.22878268755	-5590.34237421021
201.0	27898.32314830384	-5284.29396476916
202.0	22810.137179978232	-5076.044224495955
203.0	20588.593751321743	-4785.237850352535
204.0	21375.546598647285	-5087.006193703411
205.0	20828.91077109063	-5007.4246685228545
206.0	19088.03850871191	-4497.639970887966
207.0	17091.444081623777	-4143.040510281292
208.0	14874.154880578566	-4116.699686919118
209.0	13212.557398560895	-4156.128986008148
210.0	12761.228364231096	-4171.8686152114315
211.0	14405.875695390801	-4469.4743454781565
212.0	13784.877732852015	-4244.06493784178
213.0	10825.098648256588	-4180.112718433603
214.0	13003.589197074047	-4313.31943021958
215.0	11547.418542319634	-4340.163221200116
216.0	11125.293911238396	-4711.933877036729
217.0	10581.736608661891	-4344.463467404811
218.0	9972.344280128515	-4704.674435631498
219.0	9377.83003253874	-4177.059058952123
220.0	9078.488829098664	-4699.887769849105
221.0	8178.8916242509	-4341.0046279185335
222.0	7953.08177330293	-4933.981307364086
223.0	7450.474044962306	-4177.792620423417
224.0	6012.2688271707275	-4177.204559759863
225.0	6612.466836590272	-4942.268280587392
226.0	5051.069904203508	-4176.474774173024
227.0	3603.0533626633464	-4179.825882127126
228.0	659.199747325206	-4209.758994703654
229.0	453.312278597954	-4990.702369116171
230.0	831.7493158449166	-4819.925583686604
231.0	2630.6374532506293	-4177.422337436273
232.0	524.4507143883651	-5731.795613985763
233.0	511.0371144792686	-7395.44973690863
234.0	506.42924777578327	-6520.749176589426
235.0	1176.2963686644605	-6929.610968422773
236.0	5625.000000000012	-7500.917499340372
237.0	8839.285714285737	-7500.917499340365
238.0	931.7264638137203	-7414.529915668968
239.0	13796.201340495456	-4498.135466316399
240.0	1626.0464921916064	-7520.984552636411
241.0	3314.294301572754	-4715.586478276855
242.0	1082.9585367758434	-5734.919942064301
243.0	2410.188501607898	-7500.066291614025
244.0	2031.3604378335174	-4908.057247290181
245.0	16316.900505067337	-4774.252135454289
246.0	19137.705638091156	-5089.846747965562
247.0	2990.1103246022976	-4713.182933586002
248.0	3213.7599301793257	-7500.066291614021
249.0	5338.567885216129	-4710.0895900047035
250.0	17679.043837076937	-7500.01674849306
251.0	18202.68207097929	-4288.675300688402
252.0	3888.166075096507	-4723.22339551811
253.0	4017.857142857157	-7500.917499340368
254.0	5620.697899620022	-7021.0120715387675
255.0	19905.537764958997	-5502.1858163325915
256.0	18482.74695148358	-7498.649856444758
257.0	1334.1841462490327	-6146.396068924907
258.0	1168.587038773683	-4192.7992244230845
259.0	19285.84597154951	-7499.550607292066
260.0	1458.4832513264216	-4696.459198862132
261.0	1409.1876569667513	-4344.319478841979
262.0	2148.3389016234937	-4176.980913223032
263.0	1796.296746479801	-4680.64088766208
264.0	3850.4819016609267	-4344.355392065358
265.0	2389.754580495182	-4339.725079659304
266.0	2391.197322037607	-6991.6916286075675
267.0	3213.7599301793234	-7000.8347549022
268.0	3114.3129358385577	-4178.994790042731
269.0	4254.06642822787	-4929.936046284066
270.0	3358.670685595715	-4344.142501169857
271.0	4015.091580430008	-7007.483698465326
272.0	4092.7135632932673	-4179.2076809382315
273.0	4821.428571428584	-7500.917499340368
274.0	4812.279663127929	-4335.88040758837
275.0	4813.486986891363	-7024.475879153557
276.0	6428.571428571439	-7500.917499340372
277.0	5900.112952742583	-4935.821002355769
278.0	6424.812163241334	-7007.5985108200475
279.0	6492.782138674847	-4176.865124288891
280.0	5772.641838208988	-4337.509788169303
281.0	6255.143446679819	-4724.698368222421
282.0	6253.490849216058	-4339.391513048754
283.0	6826.571078701952	-6758.347261146208
284.0	7232.142857142867	-7500.917499340368
285.0	8839.40150434916	-7002.793674180623
286.0	7232.11605831777	-7002.124999336716
287.0	7209.174289407486	-4339.612610978256
288.0	8035.7142857143	-7500.917499340365
289.0	8041.2999024259525	-7022.761834933151
290.0	8419.106867071669	-4176.865958220915
291.0	8457.91150410987	-6294.2617168660145
292.0	9642.857142857172	-7500.917499340368
293.0	9355.554663406014	-4911.994345523856
294.0	9136.175913878498	-4332.986552727413
295.0	9642.929500290653	-7002.155210919566
296.0	9858.689726420916	-4172.289617210248
297.0	9651.847845751457	-4702.704574612413
298.0	10447.57078310646	-7005.356870056872
299.0	10446.4285714286	-7500.917499340372
300.0	12019.064915657647	-4717.558057476548
301.0	11064.788426323708	-4340.179358012337
302.0	10849.966825503781	-6279.19145024125
303.0	11250.000000000024	-7500.917499340372
304.0	12857.142857142882	-7500.917499340368
305.0	11249.900324208684	-7002.324770065417
306.0	12053.571428571451	-7500.917499340368
307.0	12053.64675903337	-7002.166771459888
308.0	13558.71165422143	-4529.450431451245
309.0	12278.438475412468	-4177.401939441949
310.0	12869.637477564946	-4865.258913728925
311.0	12525.946579398224	-4334.592383653381
312.0	13075.550560163441	-4637.66989192403
313.0	13424.637195399022	-4275.379902976626
314.0	13660.714285714312	-7500.917499340368
315.0	15267.857142857165	-7500.917499340368
316.0	13660.71428571431	-7001.719904381532
317.0	13945.482928733049	-4124.814020873302
318.0	14202.988785740503	-4473.863091128243
319.0	14464.285714285737	-7500.917499340368
320.0	14775.736341748825	-4458.0066036790695
321.0	15198.504345265237	-4130.00962846974
322.0	14464.285714285734	-7001.719920186038
323.0	14566.542639831156	-4120.425275223216
324.0	15276.27817003281	-6993.029947638247
325.0	14718.017226072057	-4222.446791142334
326.0	15126.201551657758	-4657.2800057326995
327.0	15029.999366767383	-4232.0311443888595
328.0	15341.899336950888	-4544.563135050742
329.0	15548.478983367613	-4137.521112854777
330.0	16516.14709359946	-4590.605444009806
331.0	16071.428571428594	-7500.917499340372
332.0	24026.459586590387	-5156.930979838119
333.0	16300.871308483818	-4145.633281679657
334.0	16071.147826060716	-6986.826405184595
335.0	16875.95122191938	-6996.447590938663
336.0	17761.372276578593	-4177.849922788209
337.0	16694.127659361387	-4147.479834613147
338.0	23316.527453560382	-7441.7755607148965
339.0	24649.95185592382	-5193.634418681501
340.0	23413.29714327156	-5121.106274904246
341.0	17679.043837076937	-7000.5887138928565
342.0	16896.06120772009	-4275.842173894441
343.0	17457.26375979392	-4778.028405478115
344.0	17315.28699052452	-4274.447012758639
345.0	17903.00028137316	-4357.324064494216
346.0	17980.6166900324	-4900.645345835178
347.0	18491.40026173255	-6985.605115239712
348.0	18642.48225736296	-4396.312042557864
349.0	24118.063954965208	-7479.6903448393205
350.0	23866.16545610737	-6645.765498485201
351.0	18830.58467895751	-5007.581828462188
352.0	19565.494789143137	-4602.340027409308
353.0	18826.040151418976	-4597.925681601876
354.0	19281.45323094357	-6982.683127259469
355.0	19287.038185267116	-4711.212763495695
356.0	20089.28571428573	-7500.917499340368
357.0	21967.449163345158	-5858.379510569165
358.0	25287.912442167333	-5226.440198607807
359.0	24910.821139161	-7493.109059504265
360.0	26589.481443445442	-5267.810050158417
361.0	20085.67054370938	-7002.202223904217
362.0	20297.35271253646	-4918.47197205838
363.0	20892.857142857156	-7500.917499340368
364.0	22507.621157706653	-7446.059383497995
365.0	21739.912224498494	-5544.829426485851
366.0	21700.044157635803	-7489.622145678465
367.0	25704.25266624609	-7496.54747922055
368.0	27244.042287612436	-5275.328755090748
369.0	25934.600786776205	-5252.164193237796
370.0	22231.064944831684	-5005.940970705672
371.0	22443.620032312338	-6863.312096400172
372.0	22493.386668959312	-5241.1300885585615
373.0	23089.92906567532	-5307.512614488681
374.0	23170.761650172866	-6578.353927341411
375.0	26505.023545373693	-7484.957681329128
376.0	28221.572880032832	-5518.718278679629
377.0	23704.053820689136	-5350.930126879371
378.0	24166.040053674104	-6941.107961697497
379.0	24324.28060052193	-5392.246259785582
380.0	24910.411711061868	-6977.688445433009
381.0	27316.76423109863	-7487.345957998349
382.0	28896.90138847522	-6025.028588984838
383.0	27392.48142238478	-6989.974903861883
384.0	24956.774238604336	-5431.402536755547
385.0	25601.591337865888	-5461.227902133859
386.0	25654.878472248307	-6983.071525328861
387.0	28125.000000000004	-7501.019525503364
388.0	29619.78723609552	-6057.72072798384
389.0	26256.122729278093	-5481.00501053161
390.0	26408.164512539795	-6975.433720172012
391.0	26914.103142286567	-5492.706870504938
392.0	27115.384096788006	-6721.194276021476
393.0	28150.416045098245	-7007.210350748729
394.0	27568.56428195305	-5501.1192890669345
395.0	27824.347522098673	-6759.457239108543
396.0	28552.901963116292	-5307.509748570333
397.0	28211.962680361405	-6002.275408055803
398.0	30380.035861365894	-6090.130306750744
399.0	28553.396359537655	-6763.3566518484395
400.0	28928.57142857143	-7500.782738600174
401.0	31332.318169925285	-7518.102816447446
402.0	29732.14285714286	-7500.859430766638
403.0	29721.61116117678	-7011.881249229581
404.0	30528.746741353854	-7518.126410994715
405.0	31515.375887906335	-5468.133154251951
406.0	31962.87425153106	-6142.8727291234345
407.0	30335.83025795172	-5629.397363402608
408.0	30506.03159244714	-7033.460916385532
409.0	31116.01726733522	-5681.760709152557
410.0	33409.02712042459	-6512.843505474884
411.0	32142.330308891047	-6994.705114099573
412.0	32155.19384731718	-7478.071085043179
413.0	35017.372783079576	-6550.236739915231
414.0	33764.91333523638	-7417.187408196446
415.0	32989.56467038966	-6837.138199843648
416.0	32967.229441072144	-7434.534161813222
417.0	34566.23076384463	-7425.061310461034
418.0	33454.651541962085	-5911.360730075722
419.0	33794.92677544564	-6820.528643747947
420.0	36263.9420086509	-5739.724073989778
421.0	36162.203033577876	-7456.401172034023
422.0	35367.48663829209	-7432.870337303335
423.0	34595.67241053314	-6838.077284244985
424.0	38571.42857142858	-7500.917499340372
425.0	36961.64084622042	-7488.761718558417
426.0	37135.68555850955	-5507.9304385823025
427.0	35471.37237219026	-5702.33183180674
428.0	35393.85046660566	-6855.318969277068
429.0	36623.623414421425	-6092.367180357144
430.0	35850.629272678765	-6002.7955366301785
431.0	36185.6284890744	-6890.124488048408
432.0	37767.85714285715	-7500.917499340372
433.0	38450.81071614866	-5342.249353429227
434.0	37365.91955051693	-6782.630961822909
435.0	36961.44795514531	-6988.028413567842
436.0	1164.7774089995848	-4976.984480003103
437.0	43385.00976920645	-5347.087882465613
438.0	42588.010007452285	-7025.295293563958
439.0	43812.15108871207	-6918.514535227252
440.0	37336.04267992004	-6336.909802573617
441.0	37767.898155877745	-7033.823016483671
442.0	38998.843321840985	-6348.247951819026
443.0	31598.013613032355	-6386.71346405472
444.0	30799.729855667847	-6356.813546396911
445.0	30100.681726555777	-6776.815073523944
446.0	30862.1773885452	-6830.553477487502
447.0	29321.020047044756	-6768.206268658752
448.0	30037.133528351882	-6307.2243949797485
449.0	27560.33440405501	-5985.758567350364
450.0	29282.744320167392	-6283.636425957207
451.0	27880.483070734375	-6252.490372428762
452.0	26905.39226239472	-5956.683643320498
453.0	27227.101529822543	-6223.944806189737
454.0	26242.903731152157	-5956.918849554048
455.0	28558.807446165112	-6265.388575835294
456.0	28929.76602872512	-7007.566507699528
457.0	26674.950729810822	-6709.041369000825
458.0	26567.551565427657	-6207.700661996416
459.0	25584.01687679738	-5941.22498254169
460.0	25961.668944586232	-6725.249276281618
461.0	25903.807327581762	-6208.075112668065
462.0	24934.288866076025	-5919.694598493472
463.0	25260.85258701698	-6719.401719927181
464.0	25247.852608570527	-6194.729340753564
465.0	23665.123103593334	-5824.224411380458
466.0	24558.465886371163	-6690.807774401059
467.0	24292.157136958194	-5867.806086001295
468.0	23955.40540593085	-6105.785090554918
469.0	23041.7982288301	-5764.426932618761
470.0	23326.235589330547	-6051.314877535413
471.0	22415.769347176418	-5709.994253769747
472.0	22735.02162086961	-6546.138331841746
473.0	22684.389021350118	-6001.822707837222
474.0	21693.887304938416	-7016.06873779943
475.0	22031.671893829815	-6682.862701031423
476.0	20890.88046390166	-7027.300010944241
477.0	21286.50932548999	-6803.287853395023
478.0	21373.083491433677	-5492.757761164037
479.0	20222.420590040016	-5321.634647957039
480.0	18277.96936682749	-4812.324867778072
481.0	18549.63137916738	-5136.291002823365
482.0	18101.431594214955	-6264.273438588039
483.0	17778.330306160384	-4638.971296235803
484.0	16731.527077834293	-5199.18863406044
485.0	17731.599178185737	-5284.295570798878
486.0	17265.288922484913	-4592.978263706958
487.0	16793.9328292625	-4778.181584278468
488.0	15677.783138950646	-6728.480103812287
489.0	15713.782208521574	-4552.878040034569
490.0	14132.23845156158	-4917.097233874908
491.0	15118.017485885508	-5573.305077161708
492.0	14982.64195105665	-4467.590956925594
493.0	13258.928571428589	-6752.063559752515
494.0	12562.394329642679	-4703.632220466425
495.0	13016.498793650084	-5292.280504921619
496.0	11675.238851808594	-4926.588808058991
497.0	11651.761368956317	-6753.11529251475
498.0	10045.85742625423	-6756.135831965883
499.0	12051.001256710617	-6036.9527497159725
500.0	8863.49293285777	-6042.915935083937
501.0	10553.946140570071	-4724.033807014304
502.0	9250.640907242196	-6273.6124402301675
503.0	8443.201406775095	-6774.179260103226
504.0	7167.680275731041	-4719.70891210309
505.0	8200.345788086915	-4716.500964202991
506.0	5853.4111275393125	-5385.696247236064
507.0	7497.502703441598	-5396.666383160351
508.0	6302.96740190604	-5623.252018153577
509.0	4776.278221834626	-4707.740769481451
510.0	3178.5667809117854	-6033.692438269049
511.0	5071.903792878257	-5387.746324529668
512.0	3985.8209624601172	-6060.35845159796
513.0	3596.361152075966	-4930.137862686875
514.0	1855.5151190965116	-6264.167590443537
515.0	2742.0974688332403	-4927.802928590267
516.0	2383.528682258087	-4718.661693706301
517.0	19252.775914433103	-5886.252232479383
518.0	20485.479579039602	-6778.125985837908
519.0	20300.334709084247	-6054.471545804983
520.0	19679.492088817733	-6734.875994201437
521.0	18398.52091754444	-5516.385823887977
522.0	5210.970600797088	-6794.111701681769
523.0	18888.32082690683	-6719.1796363842395
524.0	18896.52941106322	-6145.087445846989
525.0	17277.736936205092	-6746.560806668272
526.0	4408.935710178502	-6780.583328608332
527.0	17385.522811598395	-5209.746269670475
528.0	16089.893772859738	-5410.873396159824
529.0	18089.48286161163	-6737.085223017627
530.0	16910.71883600309	-5955.581952329783
531.0	3613.3058661442933	-6757.793412083321
532.0	3594.3492676578157	-5362.059728745589
533.0	2763.667759418131	-6256.688807743417
534.0	14486.511745083519	-6064.71636833997
535.0	14874.492455747095	-6743.373618813734
536.0	15551.356664281126	-5121.297446905951
537.0	16473.884762265792	-6731.897747112703
538.0	2792.9830363233195	-6742.001342225558
539.0	1602.7592541852039	-7036.065605390216
540.0	13555.873691838346	-5032.706187332781
541.0	12452.289982588263	-6272.832560507591
542.0	12455.432473319086	-6752.510426830871
543.0	13246.13887167311	-6257.37623581979
544.0	14062.500000000024	-6752.063575557018
545.0	1018.8562954836731	-6532.9389809314625
546.0	1966.6501538518958	-6757.165139417535
547.0	1873.6177278206535	-5331.6563154300065
548.0	9688.779778199707	-5600.781203477563
549.0	9241.259576068362	-6753.5726360896415
550.0	10849.256821600835	-6756.305391111734
551.0	10187.491942595656	-4926.633329030742
552.0	6706.992617019762	-5390.946685638254
553.0	6018.724348575631	-6777.2343333482595
554.0	7639.487389315141	-6773.510585259319
555.0	1344.8481941401005	-5384.765236942876
556.0	2250.7470103770343	-6013.381545151428
557.0	4385.54296457096	-6315.2878638919765
558.0	4458.568993611129	-4710.473676246659
559.0	5164.616483465856	-6343.1105465592655
560.0	5658.833366317082	-4710.819375591542
561.0	5061.51995185759	-4921.644723488345
562.0	6809.1366123767075	-6290.313260149112
563.0	6850.2106695977345	-4718.781415968563
564.0	7687.457646376548	-4721.5994205030465
565.0	7883.49956280133	-5392.066418319974
566.0	8759.772632638125	-4699.694669117896
567.0	7671.5371677009125	-6316.835006575976
568.0	7403.105141577255	-4937.557051930261
569.0	10457.06368599977	-6068.473369399685
570.0	11251.1073165197	-6039.674673774299
571.0	12299.21845023773	-4921.179483668209
572.0	11652.258357364386	-6267.579137094115
573.0	10857.813665079455	-4931.437577067489
574.0	14618.107270158434	-4600.0856099382945
575.0	13418.593220472701	-4734.549976187217
576.0	14070.930562005035	-6281.524090045034
577.0	14689.531350500794	-4914.591962166945
578.0	14053.840417122656	-4622.9850715262655
579.0	15676.375440928372	-6175.5189011825105
580.0	16101.459199591047	-4588.468009444427
581.0	15509.662306879225	-4718.2022320536535
582.0	15817.732547161286	-5146.035237237357
583.0	15899.293152263353	-4746.4834532374225
584.0	19326.03550261873	-5382.03602534403
585.0	19642.60618815088	-6212.5372899586
586.0	20765.267374911506	-5419.779840564588
587.0	19928.81855401747	-5988.470139780104
588.0	19692.584987278038	-5222.0367593757355
589.0	20450.018232646184	-5600.755698292928
590.0	20552.252690582387	-6321.788687619951
591.0	21327.27639935294	-6363.794724009448
592.0	21061.751810074576	-5683.176583797402
593.0	20998.420649307394	-6131.4695833407095
594.0	21800.966238628404	-6254.664925307751
595.0	32471.549554059584	-6222.948642927688
596.0	31682.567971957644	-6814.620494951462
597.0	39670.06593274011	-5374.376088423404
598.0	39784.655934167815	-6798.593996812398
599.0	43235.510057340674	-6077.963932623697
600.0	41786.89443953958	-7027.986602269353
601.0	43001.84434040935	-6788.067180597977
602.0	43725.36630094736	-6146.579760435608
603.0	41189.38639470848	-5633.21511202567
604.0	42187.40444699188	-6801.90564682276
605.0	36972.10680261373	-5963.38145476365
606.0	38162.669126861656	-5615.636379643765
607.0	41801.081589017034	-5626.198945539419
608.0	41799.339903039465	-6116.054659632505
609.0	42722.549959177566	-5375.7576996092275
610.0	42427.14859217526	-5621.923766099205
611.0	42928.765412464556	-6331.685209152121
612.0	37645.214487529556	-6146.688290420502
613.0	38755.89531097665	-5606.948964533757
614.0	38166.193357028715	-6802.301323532997
615.0	37540.70219647253	-5657.5984521052815
616.0	38301.44320831035	-6100.860131075072
617.0	41123.42922588443	-6122.159404132563
618.0	42163.080640762906	-6341.195572871092
619.0	40450.33754952802	-6094.276024526977
620.0	41425.99601818296	-6352.617831178682
621.0	40592.11726549401	-6794.007865370307
622.0	40274.500581164684	-5359.055847918581
623.0	39365.58756443421	-5637.064691576391
624.0	39970.88033224364	-5618.797618966101
625.0	39375.22812044546	-7031.81547804715
626.0	40046.93834884412	-6100.3105741617865
627.0	40692.51634130651	-6340.159791582992
628.0	38690.998577734776	-6090.227864611494
629.0	38073.3865592774	-6360.88775671912
630.0	39749.51295215355	-6350.7804726598915
631.0	38969.95189302501	-6800.293785096476
632.0	15288.66594080331	-5973.604678674387
633.0	16485.27734483017	-6206.807101170966
634.0	13656.35514796384	-6036.493094936824
635.0	10099.124754996708	-5381.41237960968
636.0	10054.640325244594	-6296.36627217918
637.0	8151.821933454082	-5611.380104037601
638.0	7246.7313703782975	-6077.415419656277
639.0	5967.692903264273	-6310.736607651561
640.0	7197.966224720044	-5627.863611118094
641.0	5462.409410951163	-5628.287596276743
642.0	6356.346251604732	-6073.066784126252
643.0	5523.312336977432	-6103.5131907195655
644.0	4337.263726338583	-5379.010430966329
645.0	4743.74012395259	-6108.179259314699
646.0	4711.93035939126	-5628.040631727924
647.0	12841.210666656576	-6027.3547141255285
648.0	13886.717914243864	-5112.603737850276
649.0	2772.4492298791615	-5357.794379282357
650.0	2256.1377332911447	-5572.252212538217
651.0	16386.89568343809	-5197.105738169751
652.0	16081.132710602824	-5908.774556613083
653.0	16995.02218251182	-5450.1425020131455
654.0	17301.111967724424	-6230.785814001128
655.0	17714.36760119959	-6012.001936796126
656.0	3181.957528458706	-5575.927342421201
657.0	3607.4279937819433	-6275.96362993231
658.0	3969.351488789069	-5604.219646259087
659.0	18511.55757849226	-5938.701140272875
660.0	17877.84139335789	-5576.069913806384
661.0	8563.771903940853	-5356.057540505785
662.0	8088.059778146499	-6086.1687130125965
663.0	9661.093730454852	-6062.425455273388
664.0	8542.713548072084	-4919.263511627064
665.0	10473.86206800703	-5615.163728626011
666.0	11445.986586898223	-4711.917740224509
667.0	12354.803713130585	-5357.677208239828
668.0	10866.096780115362	-5367.7884481002575
669.0	12764.840908620672	-5567.151536230737
670.0	12029.884745288844	-5582.000575343001
671.0	13359.692347614226	-5362.847694262287
672.0	13979.61397463738	-5466.8930832005235
673.0	14354.13417953842	-5447.539513498678
674.0	13655.32180103493	-5646.857106382704
675.0	14888.287924539865	-6276.90955247965
676.0	15248.112165387322	-5252.580348885164
677.0	14990.720022692292	-4962.202004714825
678.0	14456.26223649364	-5083.280161852155
679.0	14592.141460198509	-5655.726794279501
680.0	11250.438889124021	-5581.58131240698
681.0	11630.473418546935	-5354.533601353825
682.0	8905.591177381168	-5579.5003676987035
683.0	9320.42519951045	-5348.552621049108
