1.0	13256.340216001496	-2260.982792797205
2.0	13246.862879926242	-2265.4588357350144
3.0	13226.909783161731	-2262.0447796039603
4.0	13205.820948139744	-2258.889756118111
5.0	13182.547820683474	-2255.5754955910447
6.0	13156.950462287487	-2251.647263496967
7.0	13082.237284167451	-2228.8973624673354
8.0	13061.42581823336	-2238.4963069653822
9.0	13021.680020113641	-2232.446812956541
10.0	12979.127206294017	-2225.6391173999527
11.0	12861.37987608299	-2185.506228548826
12.0	12833.215791581932	-2196.7492078247674
13.0	12735.557508848558	-2175.7503118067903
14.0	12686.833682328497	-2165.0099455863106
15.0	12638.133657510205	-2154.114954130697
16.0	12540.610405813777	-2132.8034882442275
17.0	12491.849062347304	-2122.124012957825
18.0	12443.098728377163	-2111.3966097736497
19.0	12345.67235337492	-2089.863942127146
20.0	12296.913479647577	-2078.9798194031605
21.0	12199.339436678112	-2058.1372703423185
22.0	12150.546624671675	-2047.2382784956526
23.0	12101.776241558153	-2036.6193465744138
24.0	12004.248024745568	-2015.289803333464
25.0	11955.487765799044	-2004.590001382757
26.0	11906.595002837856	-1992.9455200910609
27.0	11815.413040734888	-1969.8583553522142
28.0	11773.761219522734	-1959.0789220274128
29.0	11734.309313682606	-1948.7143949587341
30.0	11662.914236912746	-1929.646345670462
31.0	11630.097697637917	-1921.5550025820205
32.0	11598.747851773456	-1913.4767786441505
33.0	11568.964045110739	-1905.675800521829
34.0	13282.712838501211	-2267.645090741931
35.0	13286.006552957719	-2275.8691153578097
36.0	13299.00223118705	-2284.949393520707
37.0	13333.322361421675	-2301.8702727477066
38.0	13320.849550054923	-2293.4706703948723
39.0	13345.78472911416	-2310.277345939161
40.0	13386.464347063593	-2344.0126539232238
41.0	13338.59253549763	-2325.8604563111294
42.0	13423.780437441164	-2369.349304261925
43.0	13202.179511219409	-2795.706826593552
44.0	13448.655568581662	-2386.247095032175
45.0	13432.765990616834	-2418.4119294674415
46.0	13275.342899010908	-2748.3498107759697
47.0	13468.412021877339	-2754.9957055212503
48.0	13378.438887014532	-2824.8046497103373
49.0	13368.250988268659	-2900.1759546627673
50.0	13596.943987867728	-2537.734230332611
51.0	13591.628693315246	-2496.9960696535186
52.0	13660.940489729279	-2528.953470702996
53.0	13617.882261777699	-2523.0126913546087
54.0	13625.176948398343	-2817.7968839969867
55.0	13521.064559395285	-2912.858848291955
56.0	13667.163340774177	-2546.8025666051435
57.0	13729.703207865043	-2595.8654587925816
58.0	13655.956437834875	-2920.867938674101
59.0	13782.21839838856	-2620.954126400133
60.0	13813.140184618496	-2648.3160877753294
61.0	13864.375466532589	-2657.9686156032335
62.0	13849.395914495666	-2662.6136056936025
63.0	13772.909783012796	-2930.414597373942
64.0	13875.693409209833	-2678.2916257917864
65.0	13954.660310943118	-2712.3295131861637
66.0	13918.856365118447	-2704.589799062547
67.0	13873.83392564154	-2938.103426158465
68.0	14004.431458682848	-2763.8086228116026
69.0	13961.115655120164	-2946.3942818602923
70.0	14097.763429863377	-2795.6197994643935
71.0	14037.065162854136	-2951.8853683041
72.0	14163.22447169839	-2832.6874373645005
73.0	14104.817652826301	-2956.170354724771
74.0	14164.708388400339	-2960.291182281895
75.0	14217.904038173308	-2908.4583039051827
76.0	14242.106064143094	-2876.6162626225178
77.0	14216.40668876352	-2964.2225759197886
78.0	14261.247997540455	-2968.0691300126778
79.0	14321.25059409435	-2920.0688263753696
80.0	14300.483173943785	-2971.319116776995
81.0	14356.676320904087	-2933.5877586433267
82.0	14335.43220932655	-2973.890668577585
83.0	14366.483965395957	-2975.296378778398
84.0	14380.132539335746	-2983.241431303884
85.0	14409.427603762013	-2962.3735341629404
86.0	14404.764281421767	-2983.868958711539
87.0	14428.571294458912	-2982.941273848339
88.0	14445.890855932732	-2985.3314364991306
89.0	66.63440662307029	-2923.7052145159328
90.0	127.20950047351523	-2831.5727805288175
91.0	123.45479986479647	-2605.673674097365
92.0	293.47211567372506	-2709.206365932547
93.0	11506.744336548874	-1878.2793530700176
94.0	223.20957900434544	-1920.2775424967804
95.0	52.27429538599028	-1914.3429617392057
96.0	11682.827089641956	-1922.2172333008182
97.0	11840.931219227701	-1960.519285497566
98.0	1176.1172226055103	-1911.4728855482274
99.0	12032.293334911506	-2004.0314163095507
100.0	1254.4624139541554	-1964.7126630515304
101.0	12227.401493094056	-2046.9511503524664
102.0	1646.570392271921	-1912.278694925956
103.0	12373.762702739674	-2078.6290355302062
104.0	1724.9162384515755	-1966.0049742379397
105.0	12568.745167622264	-2121.4973155853
106.0	12763.756905761576	-2164.3818383006396
107.0	12910.054064523158	-2196.4627518071147
108.0	2430.689223396543	-1912.5540821733782
109.0	13115.31167581564	-2234.750809756664
110.0	2509.0347899304265	-1966.0701516386955
111.0	13273.425013383625	-2263.737597420992
112.0	3293.1477716201975	-1967.751664854982
113.0	3842.0914793742536	-1914.742457509421
114.0	3920.4356345172696	-1968.4629285076771
115.0	4626.20858980811	-1915.650533341712
116.0	4704.555631517305	-1968.8750775446088
117.0	5253.504492608863	-1915.7464655295544
118.0	5331.851409133214	-1968.9715292437625
119.0	6037.617705561752	-1916.9749187057835
120.0	6115.96078904207	-1970.4714472544292
121.0	6821.731684003417	-1917.8619005127532
122.0	6900.078984304394	-1971.353887936609
123.0	7449.0201532251895	-1919.1139958709412
124.0	7527.369158762581	-1971.5726582404313
125.0	8233.135712405952	-1919.7794844360244
126.0	8311.484396054619	-1972.2379797867707
127.0	9095.612668585994	-1974.1117245084642
128.0	9644.540579442397	-1920.7232949078186
129.0	9722.877168958576	-1973.9465825416557
130.0	10428.672296872921	-1922.4139014893117
131.0	10507.239920731985	-1976.3008561514832
132.0	11172.452180875493	-1901.323254213743
133.0	11494.30310098994	-2927.0414011460903
134.0	11794.023076600082	-2864.3409062421474
135.0	11993.924393286221	-2864.3513899166337
136.0	13358.224710035996	-2318.6917659966034
137.0	12193.825980007183	-2864.361372154706
138.0	14461.697829655428	-2987.7208988419275
139.0	12393.716366075494	-2864.3496775739836
140.0	12794.088391859375	-2865.3348155372564
141.0	13094.424574013574	-2933.033487930447
142.0	13470.167524250857	-2394.7300916640274
143.0	13607.266181630104	-2487.3159718080146
144.0	13720.452284440798	-2561.688591146365
145.0	13822.187299134777	-2625.986350575559
146.0	13912.028597696617	-2680.9249270200066
147.0	13989.596824646069	-2727.095703821434
148.0	14067.617823957611	-2772.4878699942165
149.0	14132.955600712317	-2809.7628941719136
150.0	14185.40799466619	-2839.274144188716
151.0	14224.815505947721	-2861.2232478631436
152.0	14277.506375768748	-2890.3003370177207
153.0	14303.883030956902	-2904.756407121253
154.0	14343.69792856177	-2925.901653468211
155.0	14369.88638320676	-2940.778293734091
156.0	14392.814966256017	-2956.965983634906
157.0	14422.34405388288	-2973.3874752543857
158.0	14437.997504091603	-2978.1662729141176
159.0	14452.882363523633	-2982.943737020489
160.0	304.35349490184194	-2929.616491520121
161.0	499.8999435938211	-2924.8141533416906
162.0	699.6453375610763	-2926.010859565655
163.0	899.7060123779888	-2925.6673349671255
164.0	1099.4413605187788	-2926.045182471355
165.0	58.96040963463505	-2305.0067042494106
166.0	66.3866928463746	-2095.7371239798285
167.0	125.34710248100964	-2185.0801389705225
168.0	705.4977189681437	-2149.4429635715746
169.0	1097.6561774631525	-1964.7374023981054
170.0	1299.3415942991478	-2926.070695794028
171.0	1499.2412409444948	-2926.091786804356
172.0	1411.2736506580288	-1965.1616292997944
173.0	1699.2941740126143	-2925.38245193263
174.0	1898.914396744702	-2925.4285255425616
175.0	2098.940925015929	-2926.1550326818447
176.0	2298.841048621763	-2926.1696581881624
177.0	2195.3934318675942	-1966.0705174150596
178.0	2498.788110965365	-2925.6519520009933
179.0	2698.4077656630866	-2925.5615452198876
180.0	2898.5413471706106	-2926.2377715334783
181.0	3098.6859243443887	-2925.6584600610518
182.0	2979.4878009993668	-1967.6210585865658
183.0	3298.3004377497455	-2925.7885612900877
184.0	3498.2416088030404	-2926.2973850421745
185.0	3698.1413839519046	-2926.3095329836347
186.0	3606.795855867737	-1968.2988900823173
187.0	3898.162623218755	-2925.8905163533764
188.0	4097.836722824441	-2925.901446748078
189.0	4297.841908238454	-2926.375157717044
190.0	4497.741341644489	-2926.385740258033
191.0	4390.91036071391	-1968.1797531075724
192.0	4697.640982618754	-2926.40386811417
193.0	4897.43432279953	-2926.242053503898
194.0	5097.442079443201	-2926.4507050230404
195.0	5018.2051409485	-1968.2635798599088
196.0	5297.522048996562	-2926.0967235060775
197.0	5497.24095613166	-2926.4782300333823
198.0	5697.142268201164	-2926.5060254196305
199.0	5897.041570328921	-2926.5156379015666
200.0	5802.321830251586	-1970.3910650451296
201.0	6096.941159522867	-2926.5329865094245
202.0	6296.842847650057	-2926.565155938521
203.0	6496.742459847432	-2926.578770551394
204.0	6696.641738014652	-2926.5875187121396
205.0	6586.433580443077	-1971.0004697611741
206.0	6896.543436439574	-2926.6060746617004
207.0	7096.449803670203	-2926.640742650474
208.0	7296.34997480726	-2926.6464723204685
209.0	7213.731471470707	-1971.6039299171089
210.0	7496.2513506413015	-2926.663539417628
211.0	7696.157397926677	-2926.6978868279257
212.0	7896.058851652583	-2926.7118231140703
213.0	8095.959080649677	-2926.720434859612
214.0	7997.846226169611	-1972.107450249333
215.0	8295.86069295844	-2926.7383026481707
216.0	8495.767367307011	-2926.772823245448
217.0	8695.667055202035	-2926.7775384008273
218.0	8895.56855897948	-2926.797290575056
219.0	8781.948973668603	-1973.7727036197332
220.0	9095.473734926092	-2926.8200003687175
221.0	9295.376442382782	-2926.842183136799
222.0	9495.279572798821	-2926.8645156973107
223.0	9409.247222651047	-1973.4767021924824
224.0	9695.181979064855	-2926.8825925469428
225.0	9895.084375735	-2926.900587099086
226.0	10094.98675753307	-2926.9184897207906
227.0	10294.889128563227	-2926.9363081545393
228.0	10193.391415284566	-1975.3479399760497
229.0	10494.791487026823	-2926.954038600954
230.0	10694.69383471321	-2926.971684981061
231.0	10894.596169686274	-2926.9892433726213
232.0	11094.498492845652	-2927.0067159207647
233.0	10984.522527656589	-1962.5147408373184
234.0	11293.865060392258	-2926.201198073895
235.0	11336.273489613814	-1888.8292239844607
236.0	11392.359624524071	-2736.8552305037138
237.0	11530.512675446227	-1885.548149010824
238.0	11482.659623187152	-1885.716382386009
239.0	13370.670058689464	-2327.128439354951
240.0	13237.671133437087	-2257.189412985584
241.0	13217.6770410244	-2253.470430039136
242.0	13195.851103126508	-2249.493371868924
243.0	13171.454280640473	-2245.129219242468
244.0	13076.030519021588	-2283.098735916747
245.0	13144.885076263206	-2240.0083173544986
246.0	13128.859514206828	-2247.413365510645
247.0	12990.954480836333	-2340.74206129617
248.0	13044.243557385757	-2222.4260688130307
249.0	13007.774267967761	-2263.427555232527
250.0	13003.66061142693	-2214.3422476383635
251.0	12979.393003786498	-2259.7240346097938
252.0	12693.675311368532	-2927.0605041680697
253.0	12958.986762228798	-2206.2643765640582
254.0	12931.480391033692	-2217.8267666992656
255.0	12703.205755416975	-2576.6313150303
256.0	12824.819734841047	-2233.6393311629904
257.0	12812.575697987168	-2174.9354806569286
258.0	12714.99167873779	-2153.6936397458157
259.0	12666.258725822809	-2142.957804509498
260.0	12627.894025848653	-2192.4268256689807
261.0	12617.517300500791	-2132.1149807195416
262.0	12519.958900167485	-2110.8966686159497
263.0	12415.94261851242	-2244.6885666684707
264.0	12471.20947073709	-2100.1341727282365
265.0	12436.383851924606	-2149.617795626086
266.0	12422.434212778635	-2089.4855978611135
267.0	12324.905898936391	-2068.0907322713188
268.0	12301.347971157564	-2143.7560726314027
269.0	12276.229475593624	-2057.0612452355595
270.0	12178.611131629075	-2035.990942952248
271.0	12129.834327668914	-2025.3684909351398
272.0	12091.703588464296	-2073.940332711214
273.0	12081.066395096843	-2014.688343460349
274.0	11983.530464204247	-1993.3285397036664
275.0	11934.768834502223	-1982.6501617386284
276.0	11895.220109549859	-2029.14669852704
277.0	11886.41946307304	-1971.1222038440774
278.0	11797.761906583923	-1950.1644205350774
279.0	11678.245432236456	-2018.1656506200773
280.0	11757.191550706199	-1940.5208151604702
281.0	11432.801904686761	-1881.2003317243455
282.0	11641.192231926507	-2025.7089115693896
283.0	11718.583892592238	-1931.0981782488973
284.0	11390.396006021065	-1884.4753701645814
285.0	11649.11905840593	-1914.4675217937413
286.0	11638.756447091286	-1967.0809250559123
287.0	11616.886850624782	-1906.870384563338
288.0	11586.393024507552	-1899.5165719437252
289.0	11492.479572316553	-1876.7332901044094
290.0	11557.474409622666	-1892.5794694625113
291.0	13265.645922789256	-2268.2896816700068
292.0	13279.87129757175	-2285.423909290668
293.0	13295.79108572782	-2276.4955181074365
294.0	13383.11174073549	-2335.569729295285
295.0	13330.300268543278	-2320.2675887584737
296.0	13247.049598733734	-2279.146698345752
297.0	13308.198864719467	-2285.097222872797
298.0	13407.988727243739	-2352.4641800910413
299.0	13226.151999871954	-2277.8741601589136
300.0	13324.232060015938	-2301.9130992552446
301.0	13311.580426511087	-2293.5388645945204
302.0	13315.92514445627	-2319.070804819667
303.0	13420.424306759312	-2360.9151477402024
304.0	13336.702914919535	-2310.309058960081
305.0	13445.294501495911	-2377.823262544851
306.0	13361.58203680307	-2327.1301034720477
307.0	13374.024005868923	-2335.5703352268433
308.0	13281.474116391475	-2939.7835721420906
309.0	13395.551253202895	-2344.0153338943146
310.0	13482.604541659224	-2403.1813675240523
311.0	13395.839734739458	-2364.490652271704
312.0	13398.904169031897	-2352.4571669077864
313.0	13495.042128295298	-2411.6269811502607
314.0	13411.342506938874	-2360.9026749125715
315.0	13419.95995066118	-2381.0203810564144
316.0	13507.483749651163	-2420.0723199406093
317.0	13432.859968121464	-2369.368355168303
318.0	13430.522935928428	-2396.4998284790727
319.0	13519.928904679282	-2428.5126695442223
320.0	13436.218155345487	-2377.798085695813
321.0	13532.37545357868	-2436.94405307238
322.0	13457.729899323995	-2386.277238542025
323.0	13454.777351986178	-2405.296156847188
324.0	13179.7989748439	-2274.964548069343
325.0	13644.863427831622	-2512.3222751842573
326.0	12996.490525183137	-2871.2843033345794
327.0	13544.827699127884	-2445.3752608498726
328.0	13461.096816348492	-2394.695886435747
329.0	13557.28493495442	-2453.7976295389526
330.0	13485.979718603465	-2411.5902973570924
331.0	13569.777527364524	-2462.2147802666464
332.0	13498.42114240652	-2420.034184726805
333.0	13582.270976266132	-2470.5973774977524
334.0	13510.865441098875	-2428.4783285922426
335.0	13594.765889714055	-2478.9614325147318
336.0	13523.309553655534	-2436.9156000827693
337.0	13590.450667753898	-2522.1296609815013
338.0	13535.75517381866	-2445.352341482649
339.0	13619.773740169483	-2495.661341717588
340.0	13548.20424677217	-2453.7894093751815
341.0	13632.289505156194	-2503.995271832631
342.0	13560.686451157917	-2462.2236186916416
343.0	13578.257070273854	-2496.619276910779
344.0	13573.196660243419	-2470.630429911779
345.0	13657.425005576588	-2520.591796337176
346.0	13585.700414174515	-2478.997980886988
347.0	13445.595716312775	-2950.3711633139355
348.0	13522.109623134073	-2458.2648562793297
349.0	13758.463394376487	-2585.9737740784135
350.0	13682.574889658621	-2537.0747241833124
351.0	13610.702935756797	-2495.7038006397374
352.0	13695.164479605342	-2545.2997125739853
353.0	13623.208845692963	-2504.052204166737
354.0	13707.774784709058	-2553.503455516239
355.0	13635.768748299844	-2512.401025608698
356.0	13653.802669451812	-2546.5363154673487
357.0	13648.361200945868	-2520.705464749019
358.0	13733.110721081075	-2569.8035214978427
359.0	13669.999766140949	-2528.8409977256665
360.0	13745.78469266699	-2577.898806747715
361.0	13673.518387823475	-2537.188260088351
362.0	13686.095462465231	-2545.4227684625125
363.0	13771.156131353215	-2594.0376255697197
364.0	13693.587688359316	-2572.6697366208823
365.0	13698.691359695391	-2553.652582940214
366.0	13589.808818440522	-2952.4848886194927
367.0	13704.860980920546	-2571.942890611707
368.0	13847.756455875357	-2641.8133102703628
369.0	13783.882603868346	-2602.0819906061483
370.0	13711.357859022186	-2561.8689770660762
371.0	13796.655666884746	-2610.0948567925584
372.0	13736.730266830089	-2578.116849882692
373.0	13809.416056285649	-2618.0496856635277
374.0	13749.408349963292	-2586.197432640629
375.0	13771.097106347523	-2621.894573522453
376.0	13762.087797770786	-2594.27393162623
377.0	13834.9657258905	-2633.906864831923
378.0	13774.797894318226	-2602.3468741413094
379.0	13787.571429895499	-2610.3955452286696
380.0	13860.589768218773	-2649.703797091512
381.0	13800.362301428855	-2618.381107062213
382.0	13715.700215154444	-2958.396270822292
383.0	13659.793261452707	-2864.0751183625785
384.0	13937.837027273732	-2696.4324151076
385.0	13886.300636933089	-2665.3589861719993
386.0	13813.135044200471	-2626.3165875550053
387.0	13899.159523924725	-2673.1485305846686
388.0	13838.68815911556	-2642.1657720829776
389.0	13865.507241375622	-2679.9636575510413
390.0	13851.505937671138	-2650.0831588293872
391.0	13924.907981162689	-2688.68514781133
392.0	13873.447514023044	-2657.553446387367
393.0	13877.249784114281	-2665.793668090329
394.0	13950.771207224658	-2704.131859982996
395.0	13892.022187332257	-2760.9408994262344
396.0	13890.110497446984	-2673.5828565205793
397.0	13824.13972109042	-2962.0454517252
398.0	13896.298774144567	-2698.47766735894
399.0	14002.555350812107	-2734.721068565312
400.0	13902.97267598206	-2681.3668307526104
401.0	13976.64589157839	-2719.4535071026576
402.0	13942.636982594691	-2726.6960753374315
403.0	13928.755463818554	-2696.9174732942324
404.0	13952.639207982014	-2724.534501193837
405.0	13941.71090297719	-2704.652074501631
406.0	14015.56946940605	-2742.3360192323908
407.0	13963.707743374327	-2711.799323569546
408.0	14028.572946201859	-2749.8986796791382
409.0	13967.60042438733	-2719.9840214490105
410.0	13918.326616256234	-2966.097147135404
411.0	13967.319446779004	-2741.05656751119
412.0	14039.629198038463	-2775.629008047809
413.0	14041.583423781172	-2757.4391288230163
414.0	13980.541920821459	-2727.635278427959
415.0	14054.594778959256	-2764.9666895405153
416.0	14006.491286450097	-2742.9179746917002
417.0	14026.248464287253	-2776.1079437118374
418.0	14019.523652034304	-2750.5145642429707
419.0	14080.650620983752	-2779.991066346675
420.0	14032.540288560682	-2758.057366451271
421.0	14093.735744516702	-2787.481627040111
422.0	14045.552963752809	-2765.585476701099
423.0	13999.758880707823	-2970.346771773946
424.0	13966.153617099075	-2908.889664035964
425.0	14119.876544153345	-2802.3471283515664
426.0	14071.590299708943	-2780.638715817547
427.0	14084.664898177274	-2788.1518320432297
428.0	14146.042142414479	-2817.1692818081497
429.0	14106.803416770106	-2794.9205744578026
430.0	14159.145327139806	-2824.5638977004237
431.0	14110.839167243887	-2803.0424864166757
432.0	14071.622991282304	-2971.5973959971266
433.0	14092.70446725683	-2806.5960881380483
434.0	14158.566161144181	-2843.62982359675
435.0	14147.625767956726	-2845.2074988054233
436.0	14136.995735920544	-2817.8764598807925
437.0	14198.538320266889	-2846.5991521964
438.0	14150.089568612739	-2825.2890166585967
439.0	14211.674225270983	-2853.915279422595
440.0	14172.282664769164	-2831.938632814396
441.0	14135.481219225912	-2974.639809822042
442.0	14171.106873255341	-2859.498447654267
443.0	14105.439064210077	-2927.5490346211063
444.0	14189.503452259887	-2847.3668995446137
445.0	14237.97635446472	-2868.522331461431
446.0	14127.564278769752	-2917.482216163642
447.0	14202.636545068235	-2854.686275663216
448.0	14191.175485388927	-2975.725291015213
449.0	14196.394763134746	-2872.4284084838832
450.0	14253.325419057865	-2896.2137589637473
451.0	14228.924847168224	-2869.3180573001005
452.0	14264.32431215349	-2883.053988422042
453.0	14251.15348022859	-2875.8003964826453
454.0	14290.694690131517	-2897.5342899551924
455.0	14255.290028977624	-2883.8816433420543
456.0	14239.271480917856	-2978.577374211724
457.0	14219.410737111917	-2942.632645185109
458.0	14280.386657403991	-2910.631970352592
459.0	14268.47222545442	-2891.1272890443784
460.0	14317.074747273598	-2911.972217471221
461.0	14281.495224186257	-2979.577232428837
462.0	14308.051602773603	-2912.803351895274
463.0	14314.822117678312	-2929.9650951939143
464.0	14289.186249508493	-2915.4447576792304
465.0	14347.876249011031	-2933.9474401308285
466.0	14330.274956397474	-2919.235510405781
467.0	14318.337756024861	-2981.8320793206253
468.0	14302.434153192566	-2954.899146797809
469.0	14364.824545509233	-2957.2465000395878
470.0	14351.39930624093	-2982.152924962684
471.0	14319.172849196997	-2952.034108076809
472.0	14334.316323249906	-2960.5126673129557
473.0	14382.739270993552	-2947.603978384645
474.0	14396.905688169116	-2965.0667786590816
475.0	14360.859508682124	-2941.633099451548
476.0	14370.137964453732	-2963.8613898496556
477.0	14383.431166777335	-2957.4723663018317
478.0	14392.85639380849	-2977.0092150222645
479.0	14413.218915192234	-2974.316899314961
480.0	60.57509385044492	-2702.166907262994
481.0	548.5279079087842	-1911.848901457609
482.0	62.87970601435154	-2503.7091383345887
483.0	389.776433681275	-1911.193885354702
484.0	705.5432461439364	-1911.9071013708642
485.0	11444.03054022385	-1927.7390533696932
486.0	11514.740158462846	-1888.8821509918869
487.0	118.66098823236489	-1977.4558610437596
488.0	11697.28457516487	-1938.5898078966748
489.0	11859.533691487532	-1981.0606532029112
490.0	11694.205386863672	-2927.058615921292
491.0	862.4473977845777	-1911.0878756451687
492.0	11993.791764696702	-2053.056754411708
493.0	12053.009602219456	-2025.9659395194856
494.0	1332.9282806124118	-1911.6478670411168
495.0	12248.183427223952	-2068.5239050549685
496.0	1489.7513454673542	-1912.0994869887184
497.0	1960.2241037818128	-1912.3509453197469
498.0	12394.426313798458	-2100.5751401462803
499.0	12372.944675378718	-2135.6416867049943
500.0	1598.3317348678174	-2736.698409680954
501.0	2117.045120426967	-1912.831693929629
502.0	1803.397593917333	-1912.6672744264781
503.0	12589.394452728373	-2143.3381327771585
504.0	1881.7470638034965	-1965.899589439504
505.0	12784.36717467923	-2186.3084851472413
506.0	2038.5717041551598	-1965.8863737504282
507.0	12881.91980469921	-2207.592811404293
508.0	2273.868717652218	-1912.7127241766054
509.0	2744.3332937736395	-1912.9000668449723
510.0	13064.123351321368	-2333.395685051751
511.0	13097.491107654007	-2243.153932653645
512.0	2396.9445513806218	-2736.7189365471863
513.0	2901.145447569401	-1914.1499403538473
514.0	2587.5117450614157	-1913.345240540945
515.0	2665.8559741495524	-1966.2385011180631
516.0	3214.8019646084126	-1914.264154470992
517.0	2822.666790499567	-1966.8655657387387
518.0	3057.9771904314107	-1913.8331948850266
519.0	3528.453925586537	-1914.3812669484457
520.0	3199.749373455539	-2732.5671857134816
521.0	3371.6264163291708	-1914.204857420751
522.0	3449.976846440351	-1967.6911421402085
523.0	3685.268311914528	-1914.9902405550863
524.0	4155.741113030895	-1914.4953461060975
525.0	3796.9274416008325	-2737.3374828032247
526.0	4312.561916770632	-1915.2990427540606
527.0	3998.9163090922852	-1915.1483588039246
528.0	4077.262382015941	-1968.0381819121274
529.0	4234.085103536316	-1968.0112306700366
530.0	4469.38925636646	-1914.8415037358602
531.0	4939.856306558192	-1915.3827603134994
532.0	4595.637920331165	-2737.5926537298706
533.0	4783.0336264483185	-1915.5406079696984
534.0	4861.380462109416	-1968.4296693241693
535.0	5096.681191445375	-1915.5521536976648
536.0	5567.148485046502	-1916.4315070042014
537.0	5197.096511697809	-2738.011866844949
538.0	5723.970629311382	-1916.8831327121704
539.0	5410.325045895358	-1916.2516682499163
540.0	5488.672515412883	-1969.4789355261828
541.0	5645.495212670937	-1969.9327647962098
542.0	5880.797988785122	-1917.067442445348
543.0	6351.267665940352	-1917.5971901491932
544.0	5995.528062969187	-2738.182437025535
545.0	6508.086056906421	-1917.7811638872788
546.0	6194.435643641176	-1917.4113090454882
547.0	6272.7878632627	-1970.9160835056125
548.0	6429.615390369974	-1971.1083031551764
549.0	6664.908742171426	-1917.6669919474177
550.0	7135.382434569593	-1918.7181228240106
551.0	6794.317883781973	-2737.8628567534993
552.0	6978.554291251693	-1918.2949438818316
553.0	7056.906848712599	-1972.03247505564
554.0	7292.201800167772	-1918.044033935528
555.0	7762.668132612352	-1918.9399776119906
556.0	7395.984844139399	-2738.5024115965844
557.0	7919.497412793547	-1919.648887921475
558.0	7605.847541119988	-1917.9721595963729
559.0	7684.194251991772	-1971.2210047892538
560.0	7841.021237507358	-1972.720097922129
561.0	8076.316007432574	-1918.5049651314205
562.0	8546.783830887534	-1919.8252281352568
563.0	8194.261311369644	-2738.3055942224055
564.0	8703.60693698135	-1920.266161092621
565.0	8389.961650021118	-1918.8601685387628
566.0	8468.30962837823	-1972.106088293776
567.0	9017.250823356888	-1920.6086170356032
568.0	8625.132029180493	-1973.334445655408
569.0	8860.423661533618	-1920.4411212918087
570.0	9330.898988772262	-1921.0184412078715
571.0	8993.185358205965	-2738.283224342135
572.0	9174.089242391412	-1920.7929566220103
573.0	9252.437947843398	-1974.3439134885055
574.0	9487.721403357033	-1920.1033805182142
575.0	9958.186855339582	-1921.3924784434782
576.0	9594.890307377484	-2738.5646141940547
577.0	10115.034244206225	-1921.8569905238176
578.0	9801.355531310366	-1921.2236775518938
579.0	9879.700558697788	-1974.4381308850886
580.0	10036.556385435675	-1974.8938086647856
581.0	10271.844771346441	-1922.0242449469688
582.0	10743.92347165038	-1923.252372565491
583.0	10392.962077238779	-2738.6732050159426
584.0	10902.850097775161	-1920.5444016744443
585.0	10585.700996443105	-1922.7755205413616
586.0	10665.668209351476	-1976.9616920354354
587.0	11265.53271065825	-1894.0831426129196
588.0	10825.997290019031	-1974.5529412220706
589.0	11052.8790786954	-1911.3845664914231
590.0	11561.0963969703	-1927.8878193722394
591.0	11961.289623556413	-2045.918174984555
592.0	11594.121735439336	-2864.3302488013833
593.0	12123.440877039075	-2104.1894250589808
594.0	11593.75860429034	-2738.185680320285
595.0	11894.1076620199	-2927.0757388845445
596.0	12340.448832761416	-2128.491711209414
597.0	11793.656210097759	-2738.171622510618
598.0	12094.009923419018	-2927.092779893468
599.0	12532.040487112086	-2172.031020801443
600.0	11993.5508852192	-2738.160893587554
601.0	13349.147797302265	-2318.70929935253
602.0	13361.033255118908	-2349.331211432169
603.0	12293.912468610075	-2927.109401420306
604.0	12662.031686577835	-2223.074690726742
605.0	12193.490478404778	-2738.2351810979035
606.0	12493.803529356543	-2927.1047656104347
607.0	12857.265630152091	-2240.921712218962
608.0	12393.794079195077	-2740.7393111376446
609.0	12593.57598896474	-2864.2771000240573
610.0	12595.133653261286	-2739.779111128562
611.0	12894.219152120393	-2928.186161421323
612.0	13148.454676804467	-2271.8673645406748
613.0	13192.812920307295	-2882.859096410273
614.0	12999.800610277176	-2765.9717678027664
615.0	13371.135526245569	-2347.82885549281
616.0	13469.962023586473	-2414.932074782977
617.0	13473.539137744636	-2403.144780810368
618.0	13598.200809207512	-2487.3521919415057
619.0	13607.088422163928	-2507.500593905563
620.0	13726.975869820764	-2586.3211696935127
621.0	13724.054784804393	-2570.023967438209
622.0	13823.494284415101	-2646.636268433229
623.0	13825.909749548251	-2634.2435425293843
624.0	13910.24000947914	-2699.3957150710157
625.0	13915.841080935214	-2689.1450719184777
626.0	13989.182116133516	-2754.4609569249274
627.0	13993.491565472761	-2735.2797301065207
628.0	14067.259652630766	-2800.171729238993
629.0	14058.566590695636	-2773.1143955620896
630.0	14123.915886505696	-2810.4604972264365
631.0	14134.49979433288	-2830.0404447260803
632.0	14176.372245300628	-2840.043917882425
633.0	14192.988153653443	-2863.9791567019315
634.0	14227.078391170202	-2881.661304701107
635.0	14215.77219890448	-2862.0035732232586
636.0	14260.81186367976	-2949.6829094659065
637.0	14281.665688650297	-2898.364569039648
638.0	14296.178898823642	-2926.913770422792
639.0	14294.859605249572	-2905.5881277433014
640.0	14345.485872209274	-2952.903591365402
641.0	14334.67639232697	-2926.7929627638446
642.0	14356.37299849644	-2952.8101566356777
643.0	14373.713941842812	-2948.4643497474494
644.0	231.65977550614593	-2837.4682706678796
645.0	495.03363677839053	-2671.2264239697683
646.0	404.44699875724	-2865.9869732664324
647.0	599.8356215472625	-2862.357661014277
648.0	427.6463493147421	-2472.919453040893
649.0	799.7384704622183	-2863.1871623420225
650.0	1254.317126591747	-2082.571798640096
651.0	999.6312735507089	-2863.197804950032
652.0	940.5858756867407	-2080.659571937651
653.0	1411.110136953419	-2083.1028730089924
654.0	121.84011564898658	-2402.6104408336737
655.0	298.450840733949	-2089.154375698656
656.0	599.7913811873235	-2737.0397298102503
657.0	299.3402403696787	-1974.1291494670293
658.0	467.8356831161468	-1965.5228732356309
659.0	242.28331125580735	-2400.0475679161514
660.0	940.809238800191	-1964.530027687273
661.0	626.7796094208373	-1966.0584540595657
662.0	800.8286162417086	-2736.8782077938813
663.0	783.8762131386599	-1965.1197930548994
664.0	1175.8181797612597	-2147.1959855227483
665.0	862.0801815238168	-2145.049918464474
666.0	1019.2991579634386	-1911.494971195465
667.0	1001.8140402284625	-2735.300743571897
668.0	1199.3636356026557	-2863.5774854792453
669.0	1201.3006822956766	-2737.561447341531
670.0	1399.26029615916	-2863.6004095145563
671.0	1881.585684028191	-2083.755728055952
672.0	1568.0928761595678	-1965.614821992407
673.0	1599.3096560034144	-2862.8884853554687
674.0	2038.4237399740111	-2083.9172721817026
675.0	1724.7147079610902	-2083.814055577413
676.0	1799.0795919344098	-2862.201543795985
677.0	2352.068767059826	-2083.6172160787532
678.0	1799.3133938301326	-2731.855834640026
679.0	1998.823123068513	-2862.9504442475095
680.0	2000.08378257621	-2736.6336848290994
681.0	2198.8465550763626	-2863.66789659542
682.0	2665.6883095022386	-2084.0831367708374
683.0	2352.2146486791994	-1965.6152704665826
684.0	2198.738453286245	-2738.503303201221
685.0	2398.7905211565862	-2863.141135616879
686.0	2822.5203822495955	-2085.175730474297
687.0	2508.8883328532283	-2083.893624767385
688.0	2598.454018328697	-2862.5093423509156
689.0	3136.130828591116	-2085.408972722072
690.0	2597.3331274939555	-2732.295379048924
691.0	2798.304034664731	-2863.0714815857114
692.0	2798.5933306279985	-2737.339365453254
693.0	2998.678973476822	-2863.1447161291853
694.0	3449.8129837760075	-2085.55723941354
695.0	3136.321431880408	-1967.557637511484
696.0	2998.310037643023	-2737.581626602349
697.0	3198.534844186745	-2862.6718255881046
698.0	3606.613974011063	-2086.2860279006
699.0	3292.973997019924	-2085.635897900141
700.0	3398.187308776185	-2863.2870702715377
701.0	3399.9130626254337	-2736.9970173663205
702.0	3598.125035109133	-2863.7843616673963
703.0	4077.0827709900746	-2085.940570662091
704.0	3763.6105234974834	-1968.482445451066
705.0	3798.1428296556355	-2863.3538126809085
706.0	4233.915544827836	-2085.940564084353
707.0	3920.2393121311084	-2086.328477833762
708.0	3997.9349486589604	-2862.9220461476616
709.0	4547.541001798175	-2086.3224543738065
710.0	3997.882384339304	-2733.0500575405654
711.0	4197.711013809448	-2863.38300721364
712.0	4198.670374857048	-2737.420254463433
713.0	4397.712412760285	-2863.843620425905
714.0	4861.206126358345	-2086.350256960321
715.0	4547.734147593418	-1968.3536085029973
716.0	4397.525040932732	-2738.461703339853
717.0	4597.608267271372	-2863.848650525342
718.0	5018.030062319721	-2086.1824061244856
719.0	4704.368048391266	-2086.856098594348
720.0	4797.398028557202	-2863.681283473517
721.0	4795.967745653935	-2734.1778491014884
722.0	4997.093198765401	-2738.271171716064
723.0	4997.295905512438	-2863.7044400846976
724.0	5488.500068723834	-2087.41221693485
725.0	5175.0304408412	-1968.4496498837373
726.0	5197.48041184026	-2863.5354297891868
727.0	5645.323109202811	-2087.978186143242
728.0	5331.678065826393	-2086.878986314901
729.0	5397.376068659508	-2863.5392745018394
730.0	5802.151971521849	-2088.4629035716275
731.0	5398.305559396472	-2733.8947278998953
732.0	5597.093067994899	-2863.9248961177022
733.0	5598.495284456852	-2737.9753430313135
734.0	5796.990462322948	-2863.938623688198
735.0	6272.620372353646	-2088.830914410733
736.0	5959.146020343985	-1970.305215846516
737.0	5996.88613377544	-2863.9419044803017
738.0	6429.446749077375	-2089.155883597312
739.0	6115.789321715278	-2088.4339636183413
740.0	6196.784191227364	-2863.967742219567
741.0	6743.1029132958965	-2088.9224531580458
742.0	6196.38962002589	-2734.5463111916583
743.0	6396.682271682718	-2863.9898459638466
744.0	6397.362759874121	-2738.290903852454
745.0	6596.577942178102	-2863.9885284397765
746.0	7056.7493822339065	-2089.915891548859
747.0	6596.327726970017	-2738.4159835681676
748.0	6743.2563213821	-1970.9035711944218
749.0	6796.475698901034	-2863.9921522523923
750.0	7213.585806105296	-2089.5965021142733
751.0	6899.9161230090795	-2089.255640104077
752.0	6996.380544687374	-2864.0216958930373
753.0	6994.685945446166	-2734.81608675284
754.0	7196.283863185847	-2864.038413254116
755.0	7684.0571450677135	-2089.067513484992
756.0	7370.546303968335	-1971.8221677718127
757.0	7396.18219028773	-2864.0375297235805
758.0	7840.871725881385	-2090.7954590130844
759.0	7527.1855775821505	-2089.423161893636
760.0	7596.086393537935	-2864.065263933347
761.0	7997.708611851194	-2090.0243763060084
762.0	7596.731577922413	-2734.806115673225
763.0	7795.990674680004	-2864.0898673321003
764.0	7797.1610696538655	-2738.4214031706015
765.0	7995.889137533794	-2864.0887350660973
766.0	8468.178418466417	-2089.934830427034
767.0	8154.661639624046	-1972.0604115716553
768.0	8195.787758970439	-2864.091534302508
769.0	8624.98883386607	-2091.396863758619
770.0	8311.321275007804	-2090.155765887059
771.0	8395.692825758562	-2864.120242390653
772.0	8938.615210852606	-2091.8864618314124
773.0	8394.883646488277	-2735.0860171648224
774.0	8595.595968132946	-2864.1357978456203
775.0	8595.331373234907	-2738.376428779544
776.0	8795.4939399362	-2864.13658487754
777.0	9252.292620529437	-2092.4598597733925
778.0	8938.76997388617	-1973.937524370489
779.0	8795.314995607216	-2738.509309413012
780.0	8995.397399791045	-2864.15536654774
781.0	9409.086222974469	-2091.341645701284
782.0	9095.474414508062	-2092.063952601366
783.0	9195.302063325138	-2864.176578811793
784.0	9193.422985533422	-2735.2157545368113
785.0	9395.204681328652	-2864.1974138426963
786.0	9879.546260890938	-2092.3970121432562
787.0	9566.065927163212	-1973.0039207002028
788.0	9595.106998141517	-2864.2141429551507
789.0	10036.434678144731	-2092.8665377202415
790.0	9722.689055118042	-2091.7733188336665
791.0	9795.00858120848	-2864.226534059236
792.0	10350.09057005285	-2093.803689984769
793.0	9795.387391598702	-2735.0263534814917
794.0	9994.910139807484	-2864.2387509353944
795.0	9995.972552128203	-2738.618477729197
796.0	10194.811672766502	-2864.2507916931577
797.0	10667.889882914375	-2094.358889921228
798.0	10350.20658179329	-1975.727215749317
799.0	10194.514276824417	-2738.3619222528464
800.0	10394.71318239104	-2864.262660275632
801.0	10836.488836801162	-2091.0640576247747
802.0	10507.296570250059	-2094.0200728468917
803.0	10594.614668671815	-2864.274356804464
804.0	10593.606372074375	-2735.2252420883106
805.0	10794.516131462056	-2864.2858812784416
806.0	11193.783240562052	-2863.4855063240393
807.0	11001.071959913521	-2057.28868458175
808.0	10794.134889928144	-2737.7835709376654
809.0	10994.417569725281	-2864.297231920455
810.0	11200.030156003819	-2030.7751640406793
811.0	11120.628630078652	-1943.142380854196
812.0	11393.68462883713	-2863.496511251675
813.0	11224.956946409742	-1925.7182555719835
814.0	11286.926761184934	-1994.0390792009573
815.0	11591.708418262715	-1937.3591691368376
816.0	11305.612090475353	-1913.1300220155572
817.0	11353.604263670268	-1966.820326495179
818.0	11456.905421276128	-1909.8942435232486
819.0	11540.703913386662	-1897.7573854224995
820.0	11366.608824319888	-1903.449907135511
821.0	11404.514067440046	-1945.4896416687752
822.0	11466.25420884716	-1878.969189185531
823.0	11414.008922170024	-1895.7653666324165
824.0	11532.34783515438	-1917.1222015566316
825.0	11506.462380637784	-1903.6296669122391
826.0	11452.02636506081	-1890.2163229639348
827.0	14332.372937852982	-2937.3308765458482
828.0	14341.172310501897	-2942.086215668774
829.0	11658.938328161707	-1956.946525396872
830.0	11488.64660959441	-1902.0099612719696
831.0	11420.3585014918	-1922.6261677184502
832.0	11504.155400249992	-1960.267811672291
833.0	11315.1743824346	-1956.9676541081153
834.0	11189.502365157634	-2731.303702965148
835.0	11374.377306417096	-1937.6033775536714
836.0	11535.688146152774	-1982.1951560103062
837.0	10994.191668435726	-2735.3128242995676
838.0	11089.991716151673	-2665.840504940986
839.0	11166.766222219623	-2345.2254394331376
840.0	10893.989026862806	-2671.5025254109573
841.0	10976.965985577974	-2246.0167541010546
842.0	10693.304296581859	-2671.420259924132
843.0	10492.03208527712	-2672.3154686251114
844.0	10193.251723836098	-2093.3829791325256
845.0	10292.84062746888	-2675.4579834545384
846.0	10095.751773911705	-2675.4093470742814
847.0	9896.525598445938	-2672.0801333151444
848.0	9695.344098691045	-2672.0328832081027
849.0	9565.938775847946	-2090.888876891082
850.0	9394.907341403761	-2738.29954512407
851.0	9494.765542109897	-2675.3171182175884
852.0	9293.200024666176	-2671.983490143191
853.0	9091.382615549299	-2671.9870338881306
854.0	8781.799177369081	-2091.8451333416706
855.0	8893.177573065414	-2675.297872904924
856.0	8695.223515975013	-2675.390893870224
857.0	8494.693593138689	-2671.9792289535403
858.0	8293.525066087359	-2671.918137342238
859.0	8154.490354642075	-2089.9857705391983
860.0	7995.623840477024	-2738.377492408328
861.0	8094.167335992112	-2675.223252121741
862.0	7896.963949569673	-2675.332116294803
863.0	7697.972977285016	-2671.770274406305
864.0	7496.699188877447	-2671.86927303051
865.0	7370.368852303593	-2089.7939815917694
866.0	7196.005044265089	-2738.3610381389676
867.0	7295.873809738172	-2675.4339790783247
868.0	7094.476385508238	-2671.7577583951283
869.0	6892.691022079307	-2671.27117002261
870.0	6586.271083557604	-2089.0943535699266
871.0	6694.233707687506	-2674.885678341638
872.0	6497.172732830749	-2675.307283568393
873.0	6297.128764639986	-2671.4447827992203
874.0	6095.188517515139	-2671.3520880267497
875.0	5958.976854934255	-2088.357709482123
876.0	5796.753840323108	-2738.403971707308
877.0	5895.446877522828	-2675.2215184659103
878.0	5698.307862663278	-2675.0218203523514
879.0	5499.572663330578	-2670.8841303450495
880.0	5298.067639591075	-2670.9286139598958
881.0	5174.856130668871	-2086.3752455728404
882.0	5096.855472553713	-2675.4938737101693
883.0	4895.801333149226	-2671.305350763236
884.0	4694.2403527752795	-2670.6444369466703
885.0	4390.737439614518	-2086.1472998477834
886.0	4495.583622876729	-2674.7478263765097
887.0	4298.613897458502	-2675.030487880785
888.0	4098.743519552384	-2670.0667053907746
889.0	3896.894670844295	-2670.0021978685963
890.0	3763.446807848092	-2086.5198168672614
891.0	3597.9685161218804	-2738.4905682179037
892.0	3696.769476909849	-2674.999409656459
893.0	3499.8108436650364	-2674.713538687465
894.0	3301.2407208677882	-2669.393868510247
895.0	2979.315164994485	-2085.5922610091234
896.0	3099.531517779384	-2669.9907306595924
897.0	2898.4617073000795	-2674.9425658741843
898.0	2697.576170791612	-2669.6154657854386
899.0	2495.821250354659	-2669.015789629308
900.0	2195.2504324393	-2084.203275456651
901.0	2296.886977055681	-2674.5828657242696
902.0	2100.093482733509	-2674.6736798692345
903.0	1900.4088581481217	-2668.7660569681925
904.0	1698.55005477274	-2668.846667102156
905.0	1567.889515862081	-2083.9829735051244
906.0	1399.4995666507748	-2737.9516045305368
907.0	1498.5025903005128	-2674.2529061458213
908.0	1097.5024219813106	-2082.6013667840602
909.0	783.7323599913494	-2082.952291623827
910.0	467.70926089512915	-2084.462018090631
911.0	626.8779353923552	-2085.761817691349
912.0	708.3543127443518	-2282.4150245617566
913.0	229.00629361726047	-2181.883313996823
914.0	548.4998116592845	-2150.4914099443918
915.0	705.4179332272773	-2547.0474937268077
916.0	1021.5664350641842	-2474.502692251904
917.0	1301.5179114837836	-2674.4058526722943
918.0	1103.5611738895532	-2672.1320829555057
919.0	902.978924835233	-2671.461319040849
920.0	881.2774279561187	-2273.960763488895
921.0	700.6912429806276	-2674.383973813488
922.0	283.06279637770666	-2299.247006358188
923.0	251.9015466554459	-2606.817642627857
924.0	399.6249323017485	-2737.7171750985367
925.0	380.79885068002477	-2271.7240294062576
926.0	12797.904661562206	-2745.6661342780176
927.0	13203.987120465581	-2275.5834243002914
928.0	13404.133527621701	-2370.118098852565
929.0	12901.345506917261	-2703.204944630272
930.0	12922.607595173255	-2254.8326633489764
931.0	12699.049245367909	-2682.893834013336
932.0	12725.311983458903	-2213.9941039621967
933.0	12495.438906772673	-2678.996410278601
934.0	12470.57438758124	-2228.9259309121057
935.0	12186.760521335897	-2096.0759958058056
936.0	12293.654680127254	-2677.3728439271654
937.0	12093.300913749596	-2674.7760925075854
938.0	11893.367287450557	-2674.715958823935
939.0	11288.25918067478	-2667.3781139670423
940.0	11693.475389212354	-2674.7447637086643
941.0	11777.093536906417	-1994.7559391061761
942.0	11492.614965527886	-2674.255551917031
943.0	11358.832185312165	-2044.8433761493877
944.0	11236.788704977176	-1981.836560067463
945.0	11228.871635438227	-2093.75843734156
946.0	11136.37484663954	-2016.4759861856528
947.0	11075.713171846597	-2520.484095327932
948.0	11085.174727513222	-2079.4921155673114
949.0	10895.259293597805	-2545.8194409996963
950.0	10929.891076814223	-2131.82946182158
951.0	10638.855970549854	-2475.4151276971093
952.0	10756.636691995407	-2157.1606868539875
953.0	10469.936483366026	-2544.8553658043475
954.0	10587.979319524078	-2157.891935122563
955.0	10535.11002615119	-2476.9095898174296
956.0	10285.137081625056	-2548.0441950807804
957.0	10428.612934650551	-2158.2095924201726
958.0	10363.162929483859	-2483.7993138214206
959.0	10102.357994902557	-2547.7825166894418
960.0	10271.589068157533	-2158.1357583388967
961.0	10271.518692918951	-2288.3048776792652
962.0	10114.772845466812	-2157.8647587357495
963.0	9851.658743105616	-2476.08838079484
964.0	9957.910850241786	-2157.3240887571014
965.0	9678.328040712715	-2544.500727346897
966.0	9801.013119662983	-2157.0092951020724
967.0	9747.020598522142	-2475.983845819488
968.0	9492.138479400744	-2547.6363698550745
969.0	9644.2253142866	-2156.4349873907086
970.0	9644.051545969687	-2287.306640424624
971.0	9231.168114856964	-2479.319762372357
972.0	9487.433252365188	-2155.8532802178947
973.0	9487.285471610943	-2287.075541694117
974.0	9330.592661781724	-2156.9993310015598
975.0	9065.159536575184	-2544.1561606034097
976.0	9173.805660999518	-2156.8611309997996
977.0	9126.613595315664	-2479.3736199281016
978.0	8881.30549565533	-2547.430396079646
979.0	9016.95780624539	-2156.5097825894286
980.0	8955.090201821762	-2482.584874232136
981.0	8697.755200302081	-2547.4345825476034
982.0	8860.11910220053	-2156.4624884746695
983.0	8859.925111399925	-2286.6667223417194
984.0	8703.313945367403	-2156.4010089177696
985.0	8442.882482798586	-2476.683881529392
986.0	8546.509425661297	-2155.7163883717258
987.0	8272.416253112184	-2543.5379007253136
988.0	8389.667319062488	-2154.6066967723086
989.0	8338.247954162354	-2476.281796406612
990.0	8087.709425723748	-2547.258258473847
991.0	8232.801306377165	-2155.6226295038555
992.0	8166.694588126105	-2481.960363957587
993.0	7904.610151644258	-2547.13510764348
994.0	8076.007108132185	-2154.347250155639
995.0	8076.057759369204	-2285.7842977981004
996.0	7919.210286849157	-2155.641175069106
997.0	7655.1789563567045	-2475.7000544687435
998.0	7762.381514062322	-2154.861847398684
999.0	7480.74878074887	-2543.5086125832927
1000.0	7605.526853015501	-2153.669171945316
1001.0	7550.528416112792	-2475.58345139516
1002.0	7294.348508305342	-2547.0037943326192
1003.0	7448.659120380017	-2154.9363133441025
1004.0	7448.417474606334	-2284.885434755177
1005.0	7107.259529129834	-2543.245276016438
1006.0	7291.878683137617	-2154.0084199526486
1007.0	7291.69934375722	-2284.8382753071323
1008.0	7135.079302725487	-2154.594111514394
1009.0	6867.559947743403	-2542.372580775911
1010.0	6978.233963477684	-2154.0801125425187
1011.0	6929.941699920625	-2475.0796662357475
1012.0	6683.516153583248	-2546.2379314390305
1013.0	6821.415414621896	-2153.7825346438453
1014.0	6758.469255341811	-2480.316520604192
1015.0	6500.71414095951	-2546.5416906000714
1016.0	6664.592837199751	-2153.7797577197944
1017.0	6664.418143002163	-2284.283806046597
1018.0	6507.75491872835	-2153.922628138167
1019.0	6246.6688972301135	-2474.5057223731346
1020.0	6350.9315337387025	-2153.559601496449
1021.0	6075.191198353502	-2542.4723073213295
1022.0	6194.096685405332	-2153.2886563145203
1023.0	6142.0509983846	-2474.3968309260604
1024.0	5889.865480564159	-2546.2846278458996
1025.0	6037.277072825232	-2152.9899287053026
1026.0	5969.94934684888	-2480.365765700104
1027.0	5707.032442053004	-2546.016031922313
1028.0	5880.458964645655	-2153.1917746074528
1029.0	5880.263312418893	-2283.4053780614327
1030.0	5723.62866711352	-2153.0003925857004
1031.0	5458.724077615353	-2473.321082469512
1032.0	5566.803934889328	-2152.410209759901
1033.0	5283.070656864819	-2542.144616714044
1034.0	5409.9792558994895	-2152.0924067297224
1035.0	5354.155385551967	-2473.2169592045316
1036.0	5096.4044362016475	-2547.6481130258253
1037.0	5253.156839129714	-2151.579518289796
1038.0	5252.931652629766	-2282.42174438768
1039.0	4909.78692832102	-2542.210476738994
1040.0	5096.331802644265	-2151.3965756513444
1041.0	5096.116116602796	-2283.6226950632313
1042.0	4939.506892178341	-2151.222174214228
1043.0	4670.144914697895	-2540.931348879287
1044.0	4782.671707571208	-2151.44221665559
1045.0	4733.481701251428	-2473.199941075585
1046.0	4485.961893090622	-2545.2482464508826
1047.0	4625.827860886829	-2151.600400262261
1048.0	4561.920752467672	-2478.3799857368595
1049.0	4303.258355031968	-2545.448956832763
1050.0	4469.023189471826	-2150.7778963468804
1051.0	4468.840083927015	-2281.569548463722
1052.0	4312.2194369627605	-2151.195922908588
1053.0	4117.924760073423	-2540.890548005978
1054.0	4155.391943296549	-2150.3270682703783
1055.0	3877.948816270515	-2540.6731738689086
1056.0	3998.5403756802575	-2150.9162968799733
1057.0	3945.7908256154574	-2471.798009787179
1058.0	3692.227390955315	-2545.1955302612573
1059.0	3841.7314413387007	-2150.6453782517015
1060.0	3773.439501072519	-2478.204579408335
1061.0	3509.681326769091	-2544.7899114522384
1062.0	3684.922714408463	-2151.0147497895646
1063.0	3684.6725385792356	-2280.748188496291
1064.0	3528.1081810655182	-2150.2345020400594
1065.0	3262.325666822271	-2470.7121176345995
1066.0	3371.288779064553	-2149.955187739242
1067.0	3085.633515312316	-2540.4741178789136
1068.0	3214.4375867188464	-2149.999722726739
1069.0	3157.83048845237	-2470.538422141759
1070.0	2899.046077888801	-2546.630595988141
1071.0	3057.613951137236	-2149.6557325181716
1072.0	3057.455597321577	-2279.756077336339
1073.0	2712.8294793644054	-2540.020740802724
1074.0	2900.8264033145474	-2150.4313075119626
1075.0	2744.0192208763547	-2149.054867233305
1076.0	2472.915858572253	-2539.1658761501735
1077.0	2587.1976233369037	-2149.013349322409
1078.0	2537.367442822741	-2470.350448183696
1079.0	2288.3478879511786	-2544.1322498382724
1080.0	2430.396884699972	-2148.379500914238
1081.0	2365.5000704937133	-2476.4184071820546
1082.0	2105.9156300827817	-2544.1858541091246
1083.0	2273.5798366045506	-2148.847427830367
1084.0	2273.3762923326867	-2279.116468531831
1085.0	2116.7541568175243	-2148.9953504024943
1086.0	1920.7189156667507	-2538.940052442658
1087.0	1959.9147598253585	-2148.237982367469
1088.0	1680.7278937461451	-2538.8717246335805
1089.0	1803.0346836515419	-2148.332494382399
1090.0	1749.5031909847469	-2469.122562042181
1091.0	1494.831551847812	-2545.0310667395347
1092.0	1646.165501483949	-2148.4559277781464
1093.0	1646.042412711642	-2278.421131641591
1094.0	1308.8135667616928	-2545.515756649496
1095.0	1489.3844714652575	-2148.4088822106337
1096.0	1488.8988414774528	-2279.9130953489725
1097.0	1116.6825265246418	-2543.3100654114774
1098.0	1332.6194795453932	-2147.44824633888
1099.0	1163.3996282456949	-2279.474744438119
1100.0	1018.9220393681462	-2145.4884798317976
1101.0	388.7606118245276	-2145.1582564413293
1102.0	311.7696484118217	-2502.290233947558
1103.0	11500.225398306351	-1938.0132552325783
1104.0	11477.12025146973	-1914.9406886308054
1105.0	544.648378369704	-2282.6174289463884
1106.0	625.8830958789828	-2350.8598976835274
1107.0	14290.559091841767	-2941.8872853191347
1108.0	14321.543025507452	-2939.66969300633
1109.0	14306.020826381422	-2925.1040852608835
1110.0	14262.117404241964	-2901.0414270880924
1111.0	14241.83939540556	-2938.6012229302737
1112.0	14274.971455126031	-2939.9194710332226
1113.0	14269.872523309989	-2912.4818763743788
1114.0	14235.87393535951	-2886.5332560323136
1115.0	14265.679146782708	-2924.391983809597
1116.0	14235.956043557771	-2911.581789325827
1117.0	14242.956741525244	-2898.049505514133
1118.0	14210.141128183035	-2871.2238212458305
1119.0	14188.036703655447	-2920.7270660566687
1120.0	14246.530817890993	-2924.0702486454716
1121.0	14217.33797922825	-2882.7867432867224
1122.0	14194.195236435306	-2885.7050119879127
1123.0	14184.232784545246	-2859.1002647192477
1124.0	14166.937403772048	-2934.452174166667
1125.0	14210.760979996505	-2893.6216923209863
1126.0	14155.678613654643	-2900.02562946822
1127.0	14167.34179160442	-2848.5348561733413
1128.0	14118.216823038276	-2820.4744615521217
1129.0	14104.76349520406	-2820.856493276246
1130.0	14115.379135626803	-2880.3008382031035
1131.0	14143.228319983871	-2834.9902315313466
1132.0	14118.616024690853	-2846.1965554238836
1133.0	14125.174732797665	-2894.6763422368126
1134.0	14037.178505473194	-2917.4341504733547
1135.0	14078.480936055517	-2798.61475664592
1136.0	14062.558551836672	-2899.7880131690636
1137.0	14124.760595657232	-2831.9408433428866
1138.0	14045.8080878795	-2787.2279473817603
1139.0	14085.675906638595	-2905.6205891652803
1140.0	14101.425181762022	-2811.5378870156705
1141.0	14047.684027752002	-2818.152306897664
1142.0	14036.250135791595	-2857.0007145083487
1143.0	14082.492819788395	-2808.9208403164557
1144.0	14014.444923452209	-2761.6599132913284
1145.0	14064.383293477717	-2790.356454107175
1146.0	14094.956550653975	-2832.405124402583
1147.0	14040.220019194465	-2801.2359732760365
1148.0	14055.70366533023	-2785.3321220566254
1149.0	14018.521770083427	-2822.114941312669
1150.0	13961.267772950856	-2729.633333259315
1151.0	14023.129094781109	-2766.6826499933827
1152.0	13969.199197953574	-2770.1577493577774
1153.0	14000.432004308992	-2753.245229222555
1154.0	13986.177612935278	-2744.6923639352813
1155.0	14004.91018530579	-2898.390936118872
1156.0	14016.373618635567	-2788.7079672697632
1157.0	13876.57932168163	-2896.532539634605
1158.0	13977.548127458545	-2739.5890270261866
1159.0	13922.839907497966	-2778.5227666985775
1160.0	13884.270365354865	-2683.4789062826317
1161.0	13935.59778130833	-2715.011301848393
1162.0	13777.90920047104	-2880.7436276022313
1163.0	13921.824806904762	-2714.4639682226766
1164.0	13912.712895896855	-2876.698290011454
1165.0	13961.510841511723	-2754.739221908769
1166.0	13886.591770614205	-2710.299728181885
1167.0	13892.843923886086	-2688.6689279390052
1168.0	13832.009040118503	-2651.9235965648118
1169.0	13812.203158422473	-2715.3082826037717
1170.0	13790.761690836676	-2626.278997715474
1171.0	13857.991568789614	-2667.88086906545
1172.0	13789.876337075402	-2663.094926360596
1173.0	13838.967313702828	-2664.101581616412
1174.0	13819.829350005637	-2853.513161932819
1175.0	13748.940212065378	-2607.6684797109187
1176.0	13743.081262170672	-2595.959764874675
1177.0	13806.503394817342	-2636.253598850931
1178.0	13793.183796310337	-2635.8845876127148
1179.0	13720.34427256594	-2641.819319788705
1180.0	13767.365428304342	-2611.60087588615
1181.0	13701.649519164857	-2644.6698282980437
1182.0	13672.730890058941	-2558.5145287360137
1183.0	13758.8917032523	-2606.206305024689
1184.0	13522.457531082384	-2846.412630808325
1185.0	13718.519358573942	-2580.9340088888785
1186.0	13708.204137361354	-2837.40358483913
1187.0	13783.00688684733	-2647.7701358145646
1188.0	13629.148368658034	-2522.3987409888537
1189.0	13642.704764168962	-2531.543538437429
1190.0	13708.41998010871	-2582.6725461426654
1191.0	13691.001141447285	-2562.744950499226
1192.0	13625.636630732357	-2594.4822253100774
1193.0	13682.606509914853	-2557.2482664984204
1194.0	13567.421393264136	-2481.4375684709357
1195.0	13651.09844008944	-2537.0344819278857
1196.0	13553.977851679476	-2472.121905734693
1197.0	13632.5866114129	-2533.1580642528224
1198.0	13615.421981956277	-2513.07190830856
1199.0	13577.866723807887	-2808.1381720077316
1200.0	13540.261561121502	-2462.7819023642496
1201.0	13686.12171353407	-2586.7187071650774
1202.0	13503.614338118095	-2445.6500575929963
1203.0	13516.83318066826	-2446.438365063877
1204.0	13597.07955214497	-2508.7566427858533
1205.0	13492.730594111325	-2430.462964766719
1206.0	13575.763710626581	-2487.011947571022
1207.0	13478.25834701275	-2420.560545371122
1208.0	13557.293660906798	-2482.9202058688547
1209.0	13534.938370078931	-2486.510268262619
1210.0	13542.63364982531	-2472.688409571072
1211.0	13441.849117047846	-2396.0728853585747
1212.0	13531.96571636133	-2457.1503797084915
1213.0	13501.027247524966	-2436.0929516599085
1214.0	13481.630208409391	-2431.026009204204
1215.0	13080.112839334346	-2712.8695856874187
1216.0	13354.631839740825	-2363.2640440476093
1217.0	13457.17658674575	-2808.5536408778758
1218.0	13295.75006763223	-2626.0744445521464
1219.0	13567.622030781384	-2508.543341371607
1220.0	13379.429280452714	-2353.456359101783
1221.0	13460.270945730379	-2417.1176560480776
1222.0	13363.417851440247	-2419.1677610683364
1223.0	13444.603983427862	-2406.7032992798654
1224.0	13333.459466434984	-2396.1742449521184
1225.0	13428.25304131182	-2386.648861303635
1226.0	13409.394840662158	-2381.8016484746845
1227.0	13385.451752299581	-2365.4925244367914
1228.0	13239.69852706235	-2336.0931329863015
1229.0	13304.74295468856	-2303.580546851858
1230.0	13354.83371285587	-2337.074355283299
1231.0	13291.063121744612	-2301.903170047666
1232.0	13340.921124284163	-2335.787174766454
1233.0	13268.798492520873	-2281.7519689238034
1234.0	13313.237489426794	-2309.155101528813
1235.0	13244.36400191512	-2303.876462996426
1236.0	13288.703960034725	-2291.713658438239
1237.0	11513.878819388883	-1919.6604810653087
1238.0	11694.873598166538	-1985.4301048715322
1239.0	11422.766306852182	-1973.886692777615
1240.0	11374.328572679486	-2005.166774101249
1241.0	11541.250683249948	-1934.1563044470538
1242.0	11726.197150065454	-1978.2919051135486
1243.0	11571.485942856372	-1945.6109812868228
1244.0	11804.73675045601	-2002.4668887524792
1245.0	11603.460714550432	-1956.0659985917864
1246.0	11623.710995074312	-1946.8682261177812
1247.0	11601.393377851482	-1991.3731076800038
1248.0	11693.421473391589	-2552.497530536797
1249.0	11863.870912713028	-2020.7034561101216
1250.0	11681.686444356323	-1963.344224364495
1251.0	11894.053569038542	-2554.338158055023
1252.0	11752.41170447273	-2005.7753423940478
1253.0	11869.203110226654	-2119.8449110714514
1254.0	12028.022539575017	-2082.680576048148
1255.0	11834.59215017432	-2032.7706218050414
1256.0	12093.85684984782	-2558.452068601718
1257.0	11929.195798971594	-2060.179513776405
1258.0	12024.309163506385	-2132.4507306876003
1259.0	12246.107137864868	-2109.122698856339
1260.0	12059.195066931832	-2066.848148179839
1261.0	12064.321586696793	-2171.2301410325003
1262.0	12154.225827135697	-2088.7382264826933
1263.0	12295.08193946717	-2564.659404063505
1264.0	12195.473673842915	-2509.197717328376
1265.0	12212.746288392756	-2125.4886696173235
1266.0	12468.876068088512	-2156.783976286708
1267.0	12566.19373506526	-2202.5979422043524
1268.0	12394.237697906336	-2162.773330272264
1269.0	12490.056996210138	-2572.870441473981
1270.0	12605.044084676783	-2295.1705177730796
1271.0	12488.415987207007	-2184.7841645020476
1272.0	12761.373441437274	-2243.076976317822
1273.0	12595.412938873056	-2185.211226838996
1274.0	12703.581734944562	-2391.1559164347423
1275.0	12808.259769909497	-2328.1102008589933
1276.0	12692.846274745078	-2206.81496026527
1277.0	12915.112038597066	-2617.6054717098227
1278.0	12792.229235744579	-2226.759831009018
1279.0	12876.527094115598	-2266.7975492714945
1280.0	12894.340569492619	-2481.7506411924733
1281.0	13057.209771645337	-2267.525124289213
1282.0	13129.642652757626	-2269.665947414522
1283.0	12950.379763860843	-2277.35519042361
1284.0	13026.121758651856	-2282.4356284128476
1285.0	13151.247661227562	-2731.037560502438
1286.0	13095.500389096167	-2268.326488779226
1287.0	13114.1040958086	-2282.175947786122
1288.0	13303.591958130623	-2329.879122571061
1289.0	13160.209649317885	-2284.738372764474
1290.0	13191.26842961277	-2285.576092529402
1291.0	13197.904657741552	-2306.9506462808927
1292.0	13259.679504540603	-2288.1329426617394
1293.0	13215.085430060462	-2285.993478776269
1294.0	13232.746627307255	-2315.622051584725
1295.0	13237.100068954802	-2286.706656151275
1296.0	13276.350748052864	-2311.187651096417
1297.0	13329.92614866439	-2346.7193927836847
1298.0	13157.67974768027	-2308.862234209049
1299.0	13260.124544654935	-2304.105067612862
1300.0	13112.431255655682	-2311.780221877785
1301.0	13297.673315187669	-2360.558356740173
1302.0	13214.416124535446	-2306.5715633569293
1303.0	13085.431609007741	-2313.7374161277453
1304.0	13219.860845404663	-2351.7134581754544
1305.0	13183.905301335073	-2320.4629632654073
1306.0	13000.925528654107	-2590.5959358705245
1307.0	13134.300962626983	-2324.636142708341
1308.0	13023.634248341737	-2317.6675089643873
1309.0	12861.533211338561	-2308.872061674591
1310.0	13001.731409840164	-2390.4860998711924
1311.0	12951.019722400451	-2321.00976440301
1312.0	12908.253670935826	-2340.561749731473
1313.0	12660.162286608072	-2276.6772859833804
1314.0	12759.951963068183	-2295.070452708729
1315.0	12705.804387817538	-2315.9767854205315
1316.0	12389.83942797246	-2521.8999024693644
1317.0	12647.04749060461	-2416.559775427759
1318.0	12561.469091129205	-2255.234259138948
1319.0	12509.47424355027	-2268.809104146096
1320.0	12201.69826383287	-2177.974669417059
1321.0	12410.043033893648	-2302.3097810181375
1322.0	12375.404870301989	-2210.062284063985
1323.0	11925.579355056712	-2110.597937645211
1324.0	12323.348716623796	-2229.318199723433
1325.0	12116.029075913068	-2155.243560844506
1326.0	11988.728833047979	-2397.9213380092765
1327.0	11970.206438667688	-2149.6871850515895
1328.0	11743.044390727855	-2045.9014970034775
1329.0	11782.431828520546	-2241.291993008592
1330.0	11856.40136535713	-2171.2113219033854
1331.0	11827.151540537423	-2076.9663270473534
1332.0	11774.630134945446	-2083.118802933335
1333.0	11492.371319620894	-2553.135864493091
1334.0	11560.616705860704	-1975.1254819765
1335.0	11684.787359986623	-2137.2050171912074
1336.0	11700.201670390496	-2051.1536054715234
1337.0	11625.95838029602	-1999.500639304175
1338.0	11578.771844568095	-2002.1807789147322
1339.0	11459.844737912155	-1945.4556969960292
1340.0	11315.905613619456	-2207.9175401688626
1341.0	11445.902392361617	-2028.9804292659228
1342.0	11526.711669428087	-1958.9491403954435
1343.0	13379.071912653746	-2380.3275804381483
1344.0	13281.858497310648	-2326.4696050051784
1345.0	13402.813154214782	-2395.3493297536675
1346.0	13311.10923124875	-2344.8049547439823
1347.0	13422.83245023281	-2411.0228618131296
1348.0	13337.437321858015	-2361.93940591597
1349.0	13452.983766126767	-2430.38002204511
1350.0	13362.501164173847	-2379.4104723213673
1351.0	13472.379815793407	-2444.4388449093453
1352.0	13335.384053293381	-2760.137790752844
1353.0	13387.02510504007	-2395.6871126599635
1354.0	13493.936206591674	-2456.79845228862
1355.0	13381.821089574565	-2416.9035777297845
1356.0	13409.833973157374	-2411.905852792557
1357.0	13514.94120676394	-2472.0151670421583
1358.0	13435.652179571536	-2430.267153031796
1359.0	13427.657336710283	-2448.487401665114
1360.0	13545.420184407876	-2493.924678696247
1361.0	13457.57189909278	-2444.4199820367617
1362.0	13477.950628783025	-2457.83886235859
1363.0	13469.363268595298	-2476.102808651354
1364.0	13499.986632771705	-2471.337070522329
1365.0	13516.508237210344	-2521.49000022435
1366.0	13521.24984280597	-2487.5371885066434
1367.0	13429.003142376818	-2628.234365098657
1368.0	13620.687809848934	-2544.4408056779957
1369.0	13549.08139288774	-2507.14864025827
1370.0	13643.24828591303	-2558.5659877893067
1371.0	13574.364769431706	-2522.293152309994
1372.0	13666.288915464174	-2572.039993024959
1373.0	13568.239248945814	-2541.5706670118357
1374.0	13610.199947977724	-2537.087413230704
1375.0	13624.450074068043	-2557.5985152505878
1376.0	13696.696545362664	-2593.9757350263567
1377.0	13643.785440560978	-2592.5749178051933
1378.0	13719.27306074163	-2608.054273552168
1379.0	13650.166982640623	-2572.357703216047
1380.0	13666.115890535128	-2621.905256487693
1381.0	13742.519965180885	-2621.0944958757395
1382.0	13672.90058820358	-2587.56902755691
1383.0	13762.353774575873	-2635.6305514623473
1384.0	13700.595850203588	-2607.119032354774
1385.0	13748.278067130123	-2844.5300447695204
1386.0	13726.230868162756	-2621.574595799082
1387.0	13743.51714047037	-2671.431532353224
1388.0	13832.87620967179	-2679.1222992203607
1389.0	13747.97617624227	-2636.0647945485575
1390.0	13761.969661885329	-2669.631548613715
1391.0	13767.558015044475	-2649.217846152668
1392.0	13859.878645304803	-2694.7479586139248
1393.0	13806.690036339562	-2663.271867083145
1394.0	13840.023909020854	-2730.7443281385263
1395.0	13815.21137288479	-2679.2578586722516
1396.0	13851.17517747137	-2861.61722537881
1397.0	13841.981166253128	-2695.040045002302
1398.0	13912.02245419385	-2726.0104130544128
1399.0	13868.93136813987	-2710.088009333989
1400.0	13937.28927716412	-2741.523025854302
1401.0	13895.059057692053	-2725.362507411042
1402.0	13920.447723166842	-2741.3846971969997
1403.0	13944.19653549648	-2880.7680166508558
1404.0	13945.793619825186	-2755.5942811379264
1405.0	13941.00160246667	-2775.2066511984117
1406.0	13993.215191687988	-2775.5901088689566
1407.0	13986.989968428612	-2805.1347025167347
1408.0	13982.327203124529	-2768.7964375930496
1409.0	13997.695956924132	-2788.5488580159486
1410.0	14024.166283701737	-2802.237057500011
1411.0	14009.745897848661	-2870.2774531044524
1412.0	14071.33387846782	-2822.7130658063193
1413.0	14056.794469612205	-2867.4680602184767
1414.0	14060.486593618203	-2816.4738628069886
1415.0	14076.09866169726	-2834.408154135359
1416.0	14098.005524027407	-2881.178266674107
1417.0	14139.468394970238	-2859.1872610518967
1418.0	14102.265307521813	-2846.2788047594563
1419.0	14124.567558978299	-2860.751052586815
1420.0	14163.256091763033	-2871.137805417738
1421.0	14146.936611724093	-2871.687401397118
1422.0	14141.831372903014	-2887.626696965746
1423.0	11479.792804054307	-1980.451890335654
1424.0	11481.282601430577	-1934.9131684383447
1425.0	1328.7441839719552	-2279.6120952016227
1426.0	985.816116393568	-2274.110652767407
1427.0	1238.0232795027441	-2347.0144064182095
1428.0	1221.7176902086746	-2479.8493337747045
1429.0	1406.7492113921762	-2346.7709350100736
1430.0	1403.1241834759833	-2479.8396691014514
1431.0	1802.8185126995547	-2275.2744412909174
1432.0	1567.2807971019695	-2345.4523905069072
1433.0	1576.8385353885217	-2477.5016278060916
1434.0	1724.375448236796	-2340.7212063493753
1435.0	1959.7187691182917	-2278.5470074479376
1436.0	1881.173522369137	-2341.0067000449385
1437.0	1853.9868190159177	-2469.3017867300273
1438.0	2116.5555450930137	-2278.9909493741466
1439.0	2038.0291375424338	-2344.221896233823
1440.0	2026.215987444112	-2476.3198545434548
1441.0	2430.2333718753202	-2278.992816434981
1442.0	2194.848276442926	-2344.4679151297673
1443.0	2196.021511531015	-2477.564861555114
1444.0	2351.701709963311	-2344.4995723009597
1445.0	2586.9561199645373	-2276.602632383879
1446.0	2508.4833166562107	-2342.096223349598
1447.0	2743.818361025346	-2279.7080398556113
1448.0	2665.2459462788634	-2342.325592454614
1449.0	2641.8769846295195	-2470.4994430338847
1450.0	2900.5578107170695	-2281.8962246320134
1451.0	2822.0509298011093	-2347.293820216654
1452.0	2814.4310097895127	-2479.432670584496
1453.0	3214.225869588349	-2276.9063077739697
1454.0	2978.8882185813477	-2347.1575229473415
1455.0	2984.9964057646757	-2479.753043935627
1456.0	3135.760757644959	-2342.41590258747
1457.0	3371.0735592649958	-2280.094412437494
1458.0	3292.5470600898684	-2342.681707645624
1459.0	3325.4921966114052	-2539.9366368584997
1460.0	3527.905407948167	-2280.342381975583
1461.0	3449.3949908590985	-2345.804344047316
1462.0	3434.0350214731056	-2477.6161584793463
1463.0	3841.5553462231924	-2280.785075365707
1464.0	3606.1610250644844	-2346.12734654285
1465.0	3603.296913271401	-2478.763061587475
1466.0	3763.020536903356	-2346.3929526879933
1467.0	3998.293478401955	-2278.1696599365246
1468.0	3919.8163197372974	-2343.7215380043194
1469.0	4155.195777522723	-2281.098733855142
1470.0	4076.639707937946	-2343.9655993034066
1471.0	4050.3232070698214	-2471.9460199316454
1472.0	4311.9506474414775	-2281.3348657474885
1473.0	4233.4505895327275	-2346.8511725080175
1474.0	4222.496072951552	-2478.6625660306145
1475.0	4625.531132109195	-2281.4902790839897
1476.0	4390.285544548425	-2347.077894803526
1477.0	4392.54776872009	-2479.380592366204
1478.0	4547.061167475731	-2347.0039853123776
1479.0	4782.3278916122445	-2279.831110944282
1480.0	4703.72750365467	-2345.1348717047695
1481.0	4939.265188378402	-2282.0572855548817
1482.0	4860.620606599442	-2345.5742625896673
1483.0	4838.087261435242	-2473.640553643328
1484.0	5017.572672478313	-2349.2436368770263
1485.0	5010.627757585131	-2481.330537007478
1486.0	5409.775992381991	-2279.8037990272474
1487.0	5174.415258127454	-2349.443591082611
1488.0	5181.648492619487	-2481.382108914753
1489.0	5331.249615808948	-2345.4326047103095
1490.0	5566.600629559088	-2282.9083645710875
1491.0	5488.093499876096	-2345.621764043561
1492.0	5522.694278778751	-2541.8385367019996
1493.0	5723.387271055296	-2283.217158884536
1494.0	5644.878407814346	-2348.693107253264
1495.0	5630.3414792947515	-2479.923960958225
1496.0	6037.0251483386555	-2283.473151017653
1497.0	5801.714923236862	-2348.8932733244424
1498.0	5799.897022754165	-2480.4612926572586
1499.0	5958.529278220917	-2349.0545352484532
1500.0	6193.864305174347	-2281.0803754578633
1501.0	6115.305016997717	-2346.7089050740346
1502.0	6350.744729263001	-2283.766290735433
1503.0	6272.20118764696	-2346.8293227930594
1504.0	6315.116469442812	-2542.6575109769037
1505.0	6507.482816335728	-2284.0832737022915
1506.0	6428.9878422090505	-2349.52321840042
1507.0	6418.891872805708	-2480.738039061816
1508.0	6821.185734311436	-2283.9620246071395
1509.0	6585.824286967395	-2349.7590474608537
1510.0	6589.151580994519	-2481.002643697238
1511.0	6742.698538787849	-2349.605991448143
1512.0	6977.885723821683	-2282.0246216981723
1513.0	6899.338203042619	-2347.379639223025
1514.0	7134.847825334798	-2284.5592140810563
1515.0	7056.169665187216	-2347.8255032711745
1516.0	7034.49347186261	-2475.484654227403
1517.0	7213.17498933421	-2350.3914600354187
1518.0	7207.262886453854	-2481.4183710145717
1519.0	7605.341298605769	-2282.3957702539847
1520.0	7369.947867149513	-2350.572958357327
1521.0	7378.509134577991	-2481.7115664036614
1522.0	7526.758377398734	-2348.098881613379
1523.0	7762.23961068935	-2285.3384370652616
1524.0	7683.72968728501	-2348.2707014602383
1525.0	7720.035875361114	-2543.5076564875
1526.0	7919.0036385452195	-2285.5910365761833
1527.0	7840.523174204478	-2351.2219101867395
1528.0	7826.870169804548	-2481.9617766004726
1529.0	8232.562739768598	-2285.490419257599
1530.0	7997.552614784276	-2351.411285455548
1531.0	7996.812132283242	-2482.2154901091108
1532.0	8154.302439270527	-2351.2906079354034
1533.0	8389.371200337597	-2283.487212092587
1534.0	8310.786589674346	-2348.9040709610813
1535.0	8546.354450751342	-2286.177366471986
1536.0	8467.72732483157	-2349.2763238475727
1537.0	8511.581447697314	-2543.9823437272457
1538.0	8703.159159552939	-2286.568979716078
1539.0	8624.67907314165	-2352.025812657188
1540.0	8614.750912120604	-2482.423232230629
1541.0	9016.770605529935	-2286.70847064326
1542.0	8781.45040075401	-2352.2173380070294
1543.0	8785.974602524198	-2482.685521265114
1544.0	8938.234019336547	-2352.289383752294
1545.0	9173.599293962545	-2286.819910792396
1546.0	9095.080846755634	-2352.2214204477946
1547.0	9330.408996736156	-2286.9711842503475
1548.0	9251.9025884469	-2352.3904928147767
1549.0	9304.897571022811	-2544.09236339977
1550.0	9408.754777174654	-2352.5357604262936
1551.0	9403.977825051245	-2482.7276700181355
1552.0	9800.87189655418	-2283.5230007008213
1553.0	9565.617226776789	-2352.98279140122
1554.0	9575.24718669	-2483.3517099703354
1555.0	9722.374063692327	-2349.1586774663315
1556.0	9957.82613215512	-2287.867940153679
1557.0	9879.320319695471	-2349.4545691385824
1558.0	9917.514101627079	-2544.650304742274
1559.0	10114.640615647128	-2287.8676354580803
1560.0	10036.21773023838	-2353.4132658391495
1561.0	10023.567276300199	-2483.5618187714867
1562.0	10428.505113807652	-2288.0631078139645
1563.0	10193.04911877783	-2353.5549751952244
1564.0	10193.416951971445	-2483.3213034942487
1565.0	10349.912373971369	-2353.8263247189293
1566.0	10587.719782222228	-2284.1086678114175
1567.0	10506.929212105308	-2350.090320929538
1568.0	10754.120822317675	-2284.918115974249
1569.0	10933.934856301783	-2336.2838905957487
1570.0	10665.11447593479	-2348.333051730344
1571.0	10708.321104629178	-2542.4638354680665
1572.0	10981.18339086565	-2464.2733302752526
1573.0	11120.071929083611	-2163.34140242156
1574.0	11083.044070247663	-2255.3252637154733
1575.0	11568.642507809274	-2037.472645370123
1576.0	11200.113527644338	-2163.308546340782
1577.0	11518.196350101847	-2080.2375494948533
1578.0	11283.551464444236	-2542.1476878077306
1579.0	11593.461042562585	-2494.818759724478
1580.0	11506.755286099127	-2346.108144766762
1581.0	11968.43072671961	-2218.107665467976
1582.0	11794.288575864979	-2495.546588569839
1583.0	11792.729681617164	-2395.7228119157276
1584.0	12335.479889144523	-2325.2330614621465
1585.0	12029.646032181234	-2232.9741413432234
1586.0	11994.793102905409	-2501.4590689127745
1587.0	12514.016170016606	-2369.4300401668966
1588.0	12058.18489926157	-2358.8566053824748
1589.0	12594.151941546299	-2359.8738762032476
1590.0	12395.995694864025	-2437.4722262274536
1591.0	12811.364312475227	-2389.3205330133637
1592.0	12552.72842060594	-2509.860485092633
1593.0	13073.944945964598	-2366.71612079688
1594.0	12778.635553854574	-2523.8312032939016
1595.0	616.5465678727766	-2482.761870555772
1596.0	909.6099670358659	-2539.485285264884
1597.0	805.7862001998595	-2344.8351976384297
1598.0	812.1863486889912	-2477.565693931236
1599.0	1051.9779474911677	-2343.502298635041
1600.0	455.89606646104585	-2343.153810057556
1601.0	507.06213321719406	-2544.2850448019703
1602.0	10810.421964710462	-2483.1440620703393
1603.0	10829.963177014019	-2352.6804185432866
1604.0	11170.516104622011	-2460.716867192783
1605.0	11387.408262386534	-2490.505116920462
1606.0	11246.170017431745	-2226.19091477169
1607.0	11454.424938592243	-1968.739862453626
1608.0	11288.563678279934	-2094.349107803546
1609.0	11385.19090078361	-2133.8302376099505
1610.0	11441.23026753916	-2068.785476675987
1611.0	11309.860255053281	-2043.5683536361594
1612.0	11514.021782757785	-2013.294210608484
1613.0	11413.353854838448	-2004.3468762685814
1614.0	12278.579072482258	-2116.0173906809764
1615.0	12289.323320085101	-2286.8677627719276
1616.0	14148.98593767231	-2920.2668753014605
1617.0	14168.918220153602	-2889.774366425873
1618.0	14090.84323020986	-2861.7107303933913
1619.0	14072.749530596584	-2853.833099933978
1620.0	11480.682709837414	-2010.2322736569847
1621.0	12628.869809983387	-2509.6638866067256
1622.0	12490.77032969747	-2426.312537877316
1623.0	12911.601897101988	-2388.317697780325
1624.0	12760.833852760938	-2431.4599158773103
1625.0	12855.520602991031	-2545.604119744615
1626.0	11393.185342648672	-2083.828525726784
1627.0	11398.180834398341	-2391.447867054794
1628.0	11509.437524924595	-2270.2716875852334
1629.0	12315.291402902016	-2391.5402565142626
1630.0	12472.913465568156	-2318.301526743877
1631.0	12209.526870386195	-2420.5062460210443
1632.0	12144.974778749965	-2373.7750636834826
1633.0	11886.430404933295	-2350.9766504974136
1634.0	12130.483601638938	-2257.6721376505884
1635.0	11695.4739736102	-2344.703284022025
1636.0	11911.001898239114	-2230.3848288935314
1637.0	11249.850570842978	-2316.1239465701324
1638.0	11666.340750229838	-2092.398650934469
1639.0	11484.048627299797	-2151.063281095087
1640.0	11597.072437029012	-2386.848289863817
1641.0	11329.541166673756	-2145.6258421999405
1642.0	11438.455117981515	-2173.6268049445366
1643.0	11333.963302971604	-2338.106540507602
1644.0	11367.725516489721	-2260.9194639748384
1645.0	14034.637847680327	-2833.349109985485
1646.0	13989.634956175707	-2849.6826028521277
1647.0	14000.02311652174	-2825.1716955832076
1648.0	13956.752445333826	-2784.917350324236
1649.0	13962.84216203024	-2849.6744384814388
1650.0	13964.484001956173	-2803.4872709255856
1651.0	13904.867271427875	-2843.658989187647
1652.0	13910.790370859204	-2758.77206798079
1653.0	13859.164415016785	-2728.178191774486
1654.0	13855.631427978355	-2775.4003716523807
1655.0	13880.826860193372	-2803.8996793155807
1656.0	13884.716143138101	-2742.9056229990733
1657.0	13775.99939304732	-2804.126323738328
1658.0	13866.481902937167	-2745.933026210414
1659.0	13777.066070282113	-2678.817563437002
1660.0	13831.893383092263	-2712.9462320864063
1661.0	13726.511267433503	-2763.5956061915554
1662.0	13804.997619517026	-2741.454597524416
1663.0	13804.626104796336	-2697.537654971558
1664.0	13656.165677370102	-2774.636039696496
1665.0	13783.294501457822	-2697.274300458857
1666.0	13734.727895295915	-2651.452072978387
1667.0	13639.562993601807	-2708.6970074315905
1668.0	13688.858904223634	-2623.489863111027
1669.0	13603.75766516434	-2713.271352510415
1670.0	13659.457231199713	-2602.8335504886213
1671.0	13613.219960967015	-2573.2975381822125
1672.0	13537.874821719657	-2522.522090494984
1673.0	13583.692452584384	-2552.0759667427606
1674.0	13565.28456269904	-2634.5230981369527
1675.0	13590.863026421639	-2570.732609145703
1676.0	13550.28993912741	-2543.194306310162
1677.0	13486.527970269113	-2501.4592954351224
1678.0	13442.690821751929	-2458.634742244
1679.0	13508.9347380208	-2503.4370379605443
1680.0	13424.097472801206	-2555.089520002597
1681.0	13483.888501062052	-2484.881349461392
1682.0	13434.78192274453	-2497.913504423956
1683.0	13397.097327057665	-2427.8474818905656
1684.0	13448.91137826483	-2476.917551409347
1685.0	13406.732127674448	-2448.7789434134124
1686.0	13352.051118425852	-2397.0341878817344
1687.0	13326.71499430017	-2377.225891260112
1688.0	13250.67478919246	-2435.357376951321
1689.0	13265.428900526045	-2340.6391922359867
1690.0	13305.76790504546	-2377.759280124017
1691.0	11627.271723359872	-2074.5051062331095
1692.0	11528.821005706894	-2041.5164030300687
1693.0	11590.772155812643	-2079.8615004463372
1694.0	11573.408201910379	-2211.119903806917
1695.0	11703.299846333386	-2262.6294673576635
1696.0	11750.23402436487	-2133.177277658119
1697.0	11645.375038521917	-2203.756426486232
1698.0	11868.306679113492	-2278.619648254639
1699.0	11789.953685087326	-2178.391212604072
1700.0	12958.721109975415	-2478.0033342050033
1701.0	13141.101867599087	-2358.6168134084323
1702.0	13044.232771988798	-2400.731983284539
1703.0	13063.53233689627	-2487.318425082587
1704.0	13294.058747257239	-2400.038445819769
1705.0	13190.973656364535	-2344.116372676197
1706.0	13115.171469758512	-2380.3842177203555
1707.0	13313.009874397721	-2412.639039147792
1708.0	13116.088608101825	-2420.5914744408547
1709.0	13205.025109114844	-2408.924429632971
1710.0	13171.549007681839	-2366.4963143199293
1711.0	13254.190067866917	-2380.991100858579
1712.0	13273.726445284941	-2359.80211179806
1713.0	14183.324844054669	-2896.2905041491153
1714.0	14206.05015421289	-2924.9781854796624
1715.0	13950.724355903832	-2823.5160996213694
1716.0	13912.247878249704	-2799.101500591724
1717.0	13872.650705914688	-2785.489776867879
1718.0	13823.760207861238	-2751.859796228388
1719.0	13733.213636023358	-2691.9341784403055
1720.0	13524.353964263479	-2736.1405925733566
1721.0	13578.210247526942	-2589.3611753110004
1722.0	13377.366910217219	-2703.079513810481
1723.0	13468.826317682158	-2521.9165163704747
1724.0	13197.315857588537	-2662.701809440643
1725.0	12152.040127302316	-2196.1161244210653
1726.0	12286.925408197802	-2193.5594900699
1727.0	12232.14034589487	-2278.0201414597236
1728.0	12236.796738075514	-2215.319158083224
1729.0	13005.714633530866	-2514.8472769178475
1730.0	13114.165286286128	-2515.803120257475
1731.0	13832.050238898357	-2778.7610053063145
1732.0	13765.35755250477	-2772.254187455927
1733.0	13811.622354799101	-2809.468849587438
1734.0	13874.725525623517	-2832.622181827197
1735.0	13924.233104901095	-2821.57037696698
1736.0	11434.625286741926	-2238.4243333405025
1737.0	11544.189473045992	-2156.7090257127365
1738.0	12867.98598007045	-2417.8383418778135
1739.0	12965.144877570443	-2418.5097510268847
1740.0	13070.372912427641	-2437.4158874325244
1741.0	13179.406464386479	-2405.5693229664994
1742.0	13226.05484145033	-2377.4485064856585
1743.0	13351.325710153309	-2439.8586830896534
1744.0	13181.603089961935	-2597.2698708478347
1745.0	13266.427779981424	-2404.026511496444
1746.0	13394.740072017725	-2467.6225523711837
1747.0	13319.509385101652	-2434.189904098725
1748.0	13364.921184033306	-2463.0419410111676
1749.0	13503.20493132635	-2542.1065415529083
1750.0	13539.244326752398	-2565.1379431106348
1751.0	13444.188478451593	-2522.9689775276815
1752.0	13509.583284104903	-2620.76283313255
1753.0	13477.92977954985	-2544.5108002244556
1754.0	13541.064214186017	-2616.8304316552917
1755.0	13513.525903460652	-2565.0822686240153
1756.0	13551.820988059548	-2588.4158880610503
1757.0	13613.62006928614	-2617.375354474045
1758.0	13649.76795125969	-2645.917129403532
1759.0	13588.550620626103	-2614.8192335114777
1760.0	13689.429123781416	-2668.2009927383256
1761.0	13622.79157114128	-2645.500110141055
1762.0	13660.290569564757	-2671.0329004671476
1763.0	13697.079178207283	-2788.341282543566
1764.0	13769.229102695906	-2719.2603709374157
1765.0	13703.971012900378	-2691.557662952602
1766.0	13657.962738848038	-2732.6166892932392
1767.0	13783.355167128975	-2745.6700403707605
1768.0	13745.587452316433	-2717.8318384253457
1769.0	11478.829334992379	-2096.223664709704
1770.0	11561.210132353517	-2109.895576348541
1771.0	12175.485345988849	-2302.231666023082
1772.0	12059.796995734134	-2278.543574384752
1773.0	13067.47122603147	-2623.0932266756267
1774.0	13301.62569288649	-2455.9597709158566
1775.0	13431.657179069958	-2714.188437411349
1776.0	13349.807217444968	-2619.3769796601773
1777.0	13494.621634686686	-2592.2926150516887
1778.0	13258.659715517837	-2673.2786997150415
1779.0	13391.686154333942	-2514.919371541139
1780.0	13568.527721857396	-2751.424069129389
1781.0	13597.50886100888	-2675.190226283495
1782.0	13527.146347788219	-2689.5669849128476
1783.0	13693.232203929952	-2718.309252543073
1784.0	13720.867231678238	-2735.5829265943194
1785.0	13565.071301226679	-2666.7693352419597
1786.0	13456.331452847344	-2667.019488835706
1787.0	13149.876462647042	-2437.897078775501
1788.0	13122.893280298085	-2575.8292628978375
1789.0	13260.274912973517	-2499.1021809976705
1790.0	13495.878679179468	-2661.253149285098
1791.0	13470.615858721918	-2578.60915786857
1792.0	13275.41342984759	-2581.116460312311
1793.0	13441.421391203841	-2588.135416489505
1794.0	13347.390636022406	-2487.3764807949206
1795.0	13222.610310106591	-2562.8887768823984
1796.0	13268.702424190365	-2460.603376218432
1797.0	13154.793716362714	-2483.206186942059
1798.0	13407.868935947168	-2494.1059039337483
1799.0	13361.0267423936	-2512.7705597623276
1800.0	13378.643161560874	-2646.49312707733
1801.0	13398.508135480915	-2550.8475145062625
1802.0	13196.705953729774	-2485.751890960855
1803.0	13217.407344742469	-2443.797889460769
1804.0	13304.885271751074	-2548.6417253121313
1805.0	13221.545886962916	-2515.8101832306456
1806.0	13368.206977938084	-2572.0701244290435
1807.0	13315.911469927247	-2485.963089690538
1808.0	13290.811178020682	-2513.7060396492434
1809.0	13343.621670028835	-2546.2928543208327
