1.0	12662.043105386982	-1728.7559485734855
2.0	12667.92770458363	-1725.1671997693566
3.0	12676.273018963106	-1728.454118853859
4.0	12655.530081035351	-1726.411606659815
5.0	12667.295256799034	-1737.7603327343138
6.0	12683.486837829763	-1723.5674048313185
7.0	12691.058578569093	-1741.7302744008305
8.0	12706.856240770658	-1738.4281890191953
9.0	12746.400537015128	-1725.8070190249703
10.0	12770.99362555867	-1721.2853599858684
11.0	12795.692913665696	-1717.1038130432771
12.0	12820.461879922203	-1713.3583706425077
13.0	12845.304368920872	-1710.1370922351477
14.0	12870.21720336972	-1707.5234950563718
15.0	12894.503060848161	-1697.135027171347
16.0	12903.522465980539	-1704.9503221191655
17.0	12928.542640207714	-1703.7162221203228
18.0	12953.582442115621	-1702.9783406195418
19.0	12978.631239600109	-1702.6540329266606
20.0	13003.682173792622	-1702.6610492711989
21.0	13028.732224117055	-1702.917804251627
22.0	13053.780219833037	-1703.3433737859998
23.0	13078.827128492589	-1703.8573336260251
24.0	13103.874597969974	-1704.3803134798698
25.0	13128.922432451383	-1704.8518390024794
26.0	13153.971267088515	-1705.2470165562956
27.0	13179.021323916517	-1705.55919519019
28.0	13204.071980550376	-1705.7824762440212
29.0	13404.481010583295	-1704.6136639991103
30.0	13504.682748101586	-1703.4333022161663
31.0	13604.890635077989	-1702.8533591683042
32.0	13855.407594628161	-1704.3893730755237
33.0	14005.691689870948	-1707.3910262499246
34.0	14030.735610146126	-1708.0451045411135
35.0	14055.778354078173	-1708.742872907774
36.0	14080.819855708289	-1709.4828501099544
37.0	14105.860200903566	-1710.2631546175633
38.0	14130.899329407139	-1711.0818738255184
39.0	14155.937112651556	-1711.9370919071982
40.0	14180.973784759111	-1712.8269043323382
41.0	14206.009209138121	-1713.7493932681302
42.0	14231.04349796328	-1714.7026492682007
43.0	14256.076712348591	-1715.684760547374
44.0	14281.108807911858	-1716.693810921978
45.0	14306.13990852316	-1717.7278904624566
46.0	14906.724835155006	-1746.156872128349
47.0	15231.987342025777	-1762.6802082343531
48.0	15248.662212509582	-1755.2004146213724
49.0	14948.331912449774	-1739.9237334700722
50.0	12674.585771363634	-1744.5391225116446
51.0	12701.83021335124	-1720.1458382429216
52.0	12729.260977066477	-1719.7658120661365
53.0	12722.97165849468	-1730.3588139160538
54.0	12753.736643026301	-1715.342575276826
55.0	12778.440078931357	-1711.152187237575
56.0	12803.200826562146	-1707.2996853214097
57.0	12828.022238099531	-1703.8583257973569
58.0	13245.21993989178	-1696.9524758109958
59.0	12852.90598994258	-1700.9017712094683
60.0	12877.848154479427	-1698.496852945339
61.0	12919.513934803605	-1695.5885402031363
62.0	13270.278754742789	-1697.0625797984267
63.0	12944.549709950263	-1694.517314645788
64.0	12969.599354993168	-1693.858022619469
65.0	13295.338384114913	-1697.0616113763344
66.0	12994.655882042038	-1693.5473474187163
67.0	13320.397656364703	-1696.9669088766352
68.0	13019.714183116981	-1693.5222979560006
69.0	13345.457028513672	-1696.7964608569646
70.0	13044.772224672519	-1693.7203209282068
71.0	13370.515842202854	-1696.5683230687055
72.0	13069.828388305608	-1694.0792665155268
73.0	13395.574301616472	-1696.3005804266822
74.0	13094.884085526166	-1694.5373211794797
75.0	13445.689337034011	-1695.7187429419926
76.0	13119.939348903812	-1695.03361367458
77.0	13470.747080517032	-1695.4408735557347
78.0	13144.994214840075	-1695.5254232282123
79.0	13495.80611037373	-1695.193626895821
80.0	13170.049603111524	-1695.9875942206934
81.0	13545.924398464005	-1694.8160820366247
82.0	13195.105659481967	-1696.3957220773411
83.0	13570.984125282825	-1694.6869801157984
84.0	13220.162426676094	-1696.7253967954214
85.0	13596.043834325787	-1694.5980052375562
86.0	13229.122893427533	-1705.9109821998402
87.0	13646.163535308771	-1694.5414769122751
88.0	13254.174105046142	-1705.9391489725742
89.0	13671.223490204136	-1694.574447006621
90.0	13279.226100182095	-1705.8709121704096
91.0	13696.283333746787	-1694.6485906274472
92.0	13304.277777306166	-1705.7210309294358
93.0	13721.342926022486	-1694.7641716021674
94.0	13329.329451644617	-1705.5049024968714
95.0	13746.402299695705	-1694.9214554199045
96.0	13354.380883304892	-1705.2379732847864
97.0	13771.461404556221	-1695.1207085104036
98.0	13379.431240228909	-1704.9357303537665
99.0	13796.520140941126	-1695.3621979633783
100.0	13420.632125853313	-1696.0113452543449
101.0	13821.578406509483	-1695.6461916618093
102.0	13429.530119405972	-1704.2872798515964
103.0	13846.636153535264	-1695.9729591056973
104.0	13454.57986671123	-1703.9720757944026
105.0	13896.749788268235	-1696.7558972745203
106.0	13479.630924264544	-1703.6835129083968
107.0	13921.8055064762	-1697.212611315801
108.0	13520.865159401146	-1694.9850497904438
109.0	13946.860395424714	-1697.7131862209162
110.0	13529.734251672702	-1703.2249597465304
111.0	13971.914363270553	-1698.2578960778455
112.0	13554.786190807676	-1703.0587926836877
113.0	13996.967306077027	-1698.8470156820542
114.0	13579.838503155297	-1702.9348941319106
115.0	13621.103577554748	-1694.5494173297193
116.0	13629.943110486556	-1702.8142807871216
117.0	13654.99559771643	-1702.81775563285
118.0	13680.048098934147	-1702.863881034734
119.0	13705.100382868774	-1702.9527548904373
120.0	13730.152460724647	-1703.0844767210167
121.0	13755.204317982163	-1703.2591475453955
122.0	13780.255851267697	-1703.476869140176
123.0	13805.306951426572	-1703.737744216517
124.0	13830.357546457542	-1704.0418769409346
125.0	13871.693310613895	-1696.3427706150107
126.0	13880.45700584253	-1704.780339038609
127.0	13905.505694385205	-1705.214882427944
128.0	13930.553588277098	-1705.6931122378062
129.0	13955.600612319211	-1706.2151386136695
130.0	13980.646665133218	-1706.7810723053008
131.0	14347.584700537305	-1711.1454697590568
132.0	14372.620728950425	-1712.2385969956179
133.0	14022.019163767693	-1699.4808172733312
134.0	14397.655953555868	-1713.349889573944
135.0	14047.069860344644	-1700.159266956789
136.0	14422.69045469899	-1714.4773852980197
137.0	14072.119337912363	-1700.8813235878322
138.0	14447.72431032572	-1715.6191218339288
139.0	14097.167557244044	-1701.6450939031813
140.0	14472.757596240284	-1716.773136726316
141.0	14122.21464044786	-1702.44862100273
142.0	14497.790400287062	-1717.9374680588344
143.0	14147.260352322468	-1703.2899355506127
144.0	14522.82283199817	-1719.1102465407123
145.0	14172.304862137345	-1704.1670806784348
146.0	14197.34819537803	-1705.0780942210092
147.0	14547.854938971022	-1720.2901782595327
148.0	14222.390274164442	-1706.0210097320153
149.0	14572.886683772129	-1721.4768292981616
150.0	14247.431284702921	-1706.9938700952564
151.0	14597.918148927305	-1722.669968583289
152.0	14272.471157614573	-1707.9947082253682
153.0	14622.94933687342	-1723.8693612850168
154.0	14297.509973790118	-1709.0215624889997
155.0	14647.9801877896	-1725.0747695737334
156.0	14322.547816123091	-1710.0724712065191
157.0	14673.010781381323	-1726.2859623015784
158.0	14331.17004004393	-1718.7850850652092
159.0	14698.041126553537	-1727.5027049442715
160.0	14356.199263053373	-1719.863481883007
161.0	14723.07118313731	-1728.7247605859986
162.0	14381.227655833456	-1720.961168632142
163.0	14748.100993992017	-1729.951896339596
164.0	14406.255276583042	-1722.0762320782524
165.0	14773.130588955275	-1731.1838787038394
166.0	14431.282205002424	-1723.2067598290266
167.0	14798.159944745375	-1732.4204715709818
168.0	14456.308511332323	-1724.3508390113439
169.0	14823.18906796581	-1733.6614402928005
170.0	14481.334269265115	-1725.506556866916
171.0	14506.359590821014	-1726.6720024003305
172.0	14848.218009048629	-1734.9065524008922
173.0	14531.384572755518	-1727.8454457420594
174.0	14873.246758667296	-1736.1555724713342
175.0	14556.409189123391	-1729.0259982770342
176.0	14898.27529379253	-1737.4082643842187
177.0	14581.433468362653	-1730.213331495981
178.0	14606.45748834266	-1731.4072092183299
179.0	14631.481180980627	-1732.6073883298425
180.0	14656.504554363995	-1733.813629345357
181.0	14973.35993829849	-1741.1860378097545
182.0	14681.527688941916	-1735.0256962659832
183.0	14706.550544408528	-1736.2433472775865
184.0	14998.387843059927	-1742.451078810852
185.0	14731.573112755415	-1737.4663421221728
186.0	14756.59545368098	-1738.6944438480566
187.0	15023.415640561654	-1743.7186222150938
188.0	14781.617566762143	-1739.9274125747017
189.0	14806.63942462257	-1741.165007090007
190.0	15048.443340878774	-1744.988433575207
191.0	14831.661070072225	-1742.406989648537
192.0	14856.682537028959	-1743.6531220778734
193.0	15073.470954086415	-1746.2602784439212
194.0	14881.703782438233	-1744.9031623762246
195.0	14923.303680295832	-1738.6643964662962
196.0	15098.49848293662	-1747.5339220009512
197.0	14931.745751540395	-1747.4140143059597
198.0	14956.766463212465	-1748.6743456167853
199.0	15123.525907324925	-1748.8091282587911
200.0	14981.786991674198	-1749.9376272877255
201.0	15006.807409469942	-1751.203623128773
202.0	15148.553241829415	-1750.0856629942543
203.0	15031.827729804056	-1752.472093970466
204.0	15056.847962128515	-1753.742800454348
205.0	15173.58052952515	-1751.3632934432878
206.0	15081.868115895193	-1755.0155032219566
207.0	15106.888169509615	-1756.2899613315112
208.0	15198.607780487358	-1752.6417851608603
209.0	15131.90810674738	-1757.5659341094895
210.0	15156.927967239824	-1758.8431837323917
211.0	15223.635004790513	-1753.9209037019027
212.0	15181.947786982806	-1760.1214721976091
213.0	15206.967575427554	-1761.4005601499757
214.0	15257.007096229441	-1763.9601770956144
215.0	12677.54942757376	-1734.9159723124747
216.0	12662.867042923026	-1733.5935032933346
217.0	12696.182786276217	-1735.6975086950404
218.0	12680.390192867526	-1745.8371533359616
219.0	12692.959081720139	-1726.5882481949532
220.0	12710.72698020206	-1728.0344888788413
221.0	12683.483608442193	-1740.119418205523
222.0	12672.242055715264	-1738.5501310919817
