1.0	26603.53973085149	-1570.4536112258995
2.0	26209.931242266077	-690.1231816545695
3.0	26355.122820498582	-779.9828283228716
4.0	26560.068260601944	-697.5659320241684
5.0	26641.705185506187	-1626.5812849004267
6.0	26405.89111395019	-1159.2264949602647
7.0	26545.470033098536	-1463.9332455270967
8.0	27224.286420869987	-1586.054227407074
9.0	27344.84171814015	-1479.8156622762556
10.0	27672.9393543413	-1383.6610559953733
11.0	28818.911623642856	-1484.7009752657332
12.0	29053.298222096986	-1317.2409734079752
13.0	29523.090860423097	-1315.3892396537483
14.0	29993.311325191233	-1314.8289369705308
15.0	30465.79310438523	-966.0240227778722
16.0	30463.6779305112	-1306.834524807333
17.0	30933.588334362168	-1309.9544114629746
18.0	31403.254330753116	-1323.6067406225573
19.0	31872.909615115506	-1328.723362469502
20.0	33982.07128907566	-1524.785902755192
21.0	35858.13638513038	-1544.646096434736
22.0	36093.21230294823	-1374.2243546475372
23.0	36562.95858299042	-1377.346893435332
24.0	37032.21291659088	-1380.483166958261
25.0	37501.43719795989	-1383.357194075564
26.0	37970.81654996828	-1386.5059505533682
27.0	44846.57037635887	-1589.225419745799
28.0	44631.65907776837	-1402.629045062504
29.0	44843.743725589105	-868.1295136318855
30.0	41015.37227680182	-844.0890521786168
31.0	39140.056676052984	-835.7788743105963
32.0	43831.18595375673	-856.516205525602
33.0	27000.37200800622	-715.8887456852185
34.0	33045.94712733686	-805.1770692811693
35.0	26752.054332839805	-1597.8420852812478
36.0	33515.37328307498	-807.5343951799978
37.0	27424.46087274382	-735.3981974735719
38.0	27877.942633628758	-797.3273625945158
39.0	33983.944577567585	-821.9865796192807
40.0	28352.861601210825	-783.4302272191347
41.0	34921.06885970727	-815.7508860861844
42.0	28103.51566793941	-1309.4341674856012
43.0	35390.44333364608	-817.7910315512985
44.0	28824.323506028453	-795.4373364165049
45.0	35858.727268227194	-832.4166743868517
46.0	29293.45575832187	-796.4721014528221
47.0	29762.718123211136	-797.504951196261
48.0	30232.27616266483	-799.3549801747572
49.0	31170.789175815433	-803.9030037306067
50.0	31639.95637371016	-806.3728155518156
51.0	32109.055381511524	-809.6626286347273
52.0	32576.95069776379	-802.0484856702878
53.0	32341.290326223952	-1323.970697794941
54.0	33043.45874659813	-1501.1954831157827
55.0	33513.191222349385	-1507.0270189945174
56.0	34451.95185327617	-812.7639204187858
57.0	34216.720381669154	-1345.7381209700961
58.0	34919.827004615654	-1524.078760288182
59.0	39608.84723378654	-837.7957510306525
60.0	40077.66808286124	-839.8798237194682
61.0	35389.524861104415	-1528.2562527456978
62.0	36328.09043921675	-834.5528710689181
63.0	40546.60592355388	-841.8905669806417
64.0	36797.07625268397	-836.9120879302012
65.0	37265.94639876458	-839.1952347572793
66.0	37734.90135973192	-841.404076283262
67.0	41484.088792238304	-846.0947258994897
68.0	38203.9260082249	-844.0524791768145
69.0	38671.20056018478	-833.1888103282403
70.0	41952.877833902865	-848.1668082684795
71.0	38438.51610280791	-1376.513015521422
72.0	39141.81595523685	-1553.4952957034996
73.0	42421.68677759707	-850.2374045690134
74.0	39375.09398055474	-1369.1688384107867
75.0	39844.10558129392	-1371.4098922322826
76.0	42890.55265977223	-852.306336303105
77.0	40549.38138531932	-1560.5178059940545
78.0	41018.48663694612	-1563.0066144868476
79.0	43359.881501861506	-854.3177765061333
80.0	41251.25351282667	-1378.320400559249
81.0	41720.160301053555	-1380.527227231336
82.0	42189.158540669654	-1382.7969396353901
83.0	42658.2339925066	-1385.061762600187
84.0	43836.3357838126	-1577.0924210514916
85.0	43364.69273821595	-1574.6245590667404
86.0	44316.31987817681	-859.4919244651411
87.0	44087.70302633796	-1392.8945065234777
88.0	26482.45885744216	-1329.7186229877977
89.0	26698.958790640565	-1649.626130434087
90.0	26316.474113316002	-940.2993254707426
91.0	26850.739519360457	-826.9677850143511
92.0	26442.20273316375	-1025.3343360129281
93.0	26616.844788136932	-1506.1839010078868
94.0	27002.289892565415	-1606.9355496890582
95.0	26510.108549871806	-1225.6641549172998
96.0	26565.806945708657	-1380.8818734874794
97.0	26682.339822392885	-1362.7385380172175
98.0	26652.599703987536	-1190.0309476852246
99.0	26710.142219943646	-1450.2946306317888
100.0	27180.72383137846	-1042.970760742771
101.0	27509.415000218607	-1545.554502070406
102.0	27580.616792140045	-1163.0673984560053
103.0	27887.919717079265	-1484.6595782347667
104.0	28106.398280138237	-965.712149806348
105.0	28347.1881387917	-1472.0143381621522
106.0	29055.91925426228	-972.8394278225109
107.0	29288.380538367415	-1483.3683085413322
108.0	29525.545048212258	-972.8945781507027
109.0	29757.978631290694	-1481.0635572487636
110.0	29995.59662932251	-973.7649924210737
111.0	30227.87568465952	-1481.2294267536754
112.0	30701.683421506557	-791.7764460046236
113.0	30697.61928769157	-1473.981777614902
114.0	30935.537294303125	-968.5595818821572
115.0	31167.053123353573	-1487.7610869561966
116.0	31405.041423274026	-981.143486977785
117.0	31636.54009056735	-1492.6687842357485
118.0	31874.538805737408	-984.8906474303416
119.0	32105.952210555242	-1498.9121883715795
120.0	32809.56660417273	-1319.1862025020796
121.0	34685.233604373294	-1338.8755120828184
122.0	33279.373235468964	-1324.4173149749338
123.0	35155.1168458782	-1343.057454878894
124.0	36093.425348865334	-1017.7125686354902
125.0	36327.83046620066	-1548.2160327890215
126.0	36563.005510089395	-1020.1955177272754
127.0	36797.149595771334	-1551.7212136324463
128.0	37032.092646404526	-1022.8254169640726
129.0	37266.35493669104	-1554.905237961463
130.0	37501.148930219766	-1025.304940865569
131.0	37735.64646099292	-1557.8125592130848
132.0	37970.3597164474	-1028.1497208335402
133.0	38205.008850886145	-1560.9997339911106
134.0	38906.04702552403	-1366.4139014513075
135.0	40313.26519828821	-1373.641618789563
136.0	38437.89009366755	-1017.9219904269539
137.0	43127.83040880213	-1387.2659852798195
138.0	27210.431762843265	-840.1482313595872
139.0	27098.36436510303	-1382.4852738163536
140.0	26597.723882695882	-977.2410065432038
141.0	32342.764306558336	-978.5538530972493
142.0	33749.769618227474	-990.3263202368202
143.0	26829.93773598855	-1640.1876041426028
144.0	27097.707282023384	-1529.9473038551132
145.0	26912.711159033595	-1253.1545809127529
146.0	26902.642789097405	-1569.656019584312
147.0	26869.917507594495	-1466.916509771905
148.0	33280.54099122946	-975.5292743502729
149.0	33748.755313262365	-1340.9309034266787
150.0	27642.307083744643	-919.6734403959057
151.0	27260.811929797215	-1336.4695026620732
152.0	28584.093920383937	-961.8100180403875
153.0	28581.303070163645	-1306.6721113041515
154.0	34217.57936519596	-993.5433810240439
155.0	35624.54706652737	-1002.9631935694348
156.0	35155.65748124016	-988.3098697203317
157.0	35624.16922934765	-1358.680829605272
158.0	32810.887229150976	-972.0558292921272
159.0	32574.15609245117	-1494.5957035779318
160.0	34685.934824102944	-985.2952230393834
161.0	34450.391650019716	-1518.538949408273
162.0	39374.12978863198	-1010.2303973600197
163.0	39610.94463479569	-1555.825201996375
164.0	40311.96223874216	-1014.4012338157521
165.0	39842.97237220752	-1012.3188823173272
166.0	40080.10425149368	-1558.2112186082343
167.0	40780.89760945005	-1016.5979978233364
168.0	40782.370111669436	-1375.9848518629385
169.0	41249.61165490175	-1018.7896922906203
170.0	41487.54256244667	-1565.2976774705357
171.0	38905.25193826292	-1007.6359211091716
172.0	38672.62165658624	-1550.5578157648442
173.0	41718.34838877009	-1020.8549839289186
174.0	41956.67073595982	-1567.6507930594087
175.0	42187.17755089616	-1022.9851981468782
176.0	42425.81820634435	-1569.9986469277728
177.0	43125.50945456454	-1027.1801692154952
178.0	42656.083553532815	-1025.1122617299395
179.0	42895.02405298361	-1572.3416532376762
180.0	43597.37392531634	-1029.377573986428
181.0	43599.86420743319	-1389.5985404827113
182.0	44628.83242699861	-1042.1401011485907
183.0	44085.04347839893	-1032.5392574938714
184.0	44321.80607688559	-1580.336117408661
185.0	27333.06264967442	-1181.6146849168556
186.0	26970.22169414215	-1356.7340098378918
187.0	26769.04098485745	-1490.0208656969626
188.0	26858.613749342087	-1014.041030556331
189.0	26741.482888242117	-1275.9420802854609
190.0	26978.538306523038	-1105.7845206103823
191.0	26676.940702951502	-809.7890997023154
192.0	26703.903417598052	-1075.4999582584653
193.0	12378.218103698275	-1444.303670903116
194.0	20479.355759716786	-676.9072231212873
195.0	25791.490793415534	-1537.2082508061312
196.0	25935.61141934986	-1453.527916157506
197.0	26425.977530777778	-1556.6031694256228
198.0	26378.51953103354	-1385.451881353123
199.0	12386.223294313959	-1436.8458898812175
200.0	12407.003923644925	-1431.2724819998866
201.0	12434.623965897927	-1424.1289780025147
202.0	12471.001667722412	-1415.614634373361
203.0	12610.477012113224	-1407.981844536179
204.0	12642.999074305668	-1377.6134596874756
205.0	12575.10298123189	-662.8713949083344
206.0	12835.824855649655	-1342.4445056826582
207.0	12818.557562286558	-1264.4954648439664
208.0	13214.825159087923	-1340.6519640630515
209.0	13098.411056461091	-1166.180495991519
210.0	13688.32754097694	-753.2379711125521
211.0	13987.835447080279	-754.3673241956262
212.0	14407.566767499788	-1348.1055119449754
213.0	14341.923039780171	-1076.3469449736215
214.0	14900.990113412112	-764.1161043879792
215.0	15198.814625304753	-767.8366551157739
216.0	15501.138898364452	-780.8158662556758
217.0	15888.35767459297	-1417.6668632941562
218.0	16383.803189802296	-1430.6804511320588
219.0	16862.19954686152	-687.2666587149639
220.0	17119.50925667374	-1438.7629816417377
221.0	17049.894703185124	-1023.2668765582603
222.0	17615.175133323544	-790.3475591124765
223.0	17910.354925048367	-791.0114792569594
224.0	18222.789417696837	-780.4385199506205
225.0	18600.969894889313	-1459.6853833559683
226.0	18555.523738908745	-1011.6553620375422
227.0	19118.883706598688	-798.8105990601043
228.0	19419.839941885424	-770.5970281317315
229.0	19845.659024887525	-1500.2618296227513
230.0	19728.72573595848	-1245.2264382384608
231.0	20328.06235539658	-770.1249583947398
232.0	26034.15786891449	-771.5356396115835
233.0	20631.228529997174	-761.128259675028
234.0	20933.417017357206	-751.8424238477946
235.0	21330.67156321913	-1524.5185706837838
236.0	21839.035705334452	-760.8489562016375
237.0	22140.615242425265	-757.7650084520552
238.0	22567.347330497232	-1533.194756834718
239.0	22446.739744329552	-1276.1437714103151
240.0	23039.172045701795	-766.5939008464055
241.0	23343.71545349646	-765.7932911835961
242.0	23646.5617595535	-762.6747451959812
243.0	24051.98270680686	-1534.9331922522194
244.0	24545.214687169777	-771.3530908256798
245.0	24850.316320820722	-771.0733992509103
246.0	25289.570195644857	-1536.7184361798638
247.0	25154.310619119395	-772.5657414502261
248.0	26150.08380271934	-1020.8306594934835
249.0	26253.675759141173	-1245.082479094803
250.0	26536.439569840284	-1594.6878656848455
251.0	26172.962204807165	-1482.1044727535134
252.0	26494.146950308073	-1528.054827104482
253.0	11748.02330660985	-551.2704558069204
254.0	12286.752448632671	-1354.4429790220272
255.0	12305.742630346174	-1367.4376935613616
256.0	12337.961070295272	-1408.9994814175998
257.0	12358.730342837081	-1430.5302904315897
258.0	12348.323583377627	-1419.796656787914
259.0	12369.06108855838	-1441.1884764020679
260.0	11754.26760623289	-554.7010381753197
261.0	11761.381105302802	-551.3349980205968
262.0	11768.82963883431	-588.1380637424523
263.0	11783.64137885256	-605.7085906479143
264.0	11829.473085286809	-557.9983742301166
265.0	11796.587357829218	-641.2310132826957
266.0	11845.868950923066	-570.129261310377
267.0	11833.726028768071	-660.4455214345477
268.0	11825.03091115816	-693.9363717870093
269.0	12296.89106319265	-1365.442630322008
270.0	11840.247366754294	-711.208916563303
271.0	11847.46656510539	-724.3262409699464
272.0	11854.735242813678	-737.4208893495376
273.0	11890.710275330252	-717.2488281486907
274.0	11869.248821857705	-763.5809189276911
275.0	11883.114289723728	-798.7533969321279
276.0	11890.483827397484	-811.7711603533189
277.0	11920.447969310306	-863.633002548187
278.0	11912.9034371905	-850.7139998003317
279.0	11936.2729771197	-880.3133655803655
280.0	11951.727402691155	-905.8781638150558
281.0	11951.32968253116	-882.9608823647546
282.0	11983.25345087594	-965.4943303602289
283.0	11998.647800077268	-943.6857554413042
284.0	11943.469140256244	-902.1580166962158
285.0	12016.56451972034	-1006.084545119444
286.0	11905.359676488471	-837.7684697153145
287.0	12033.807737609923	-1039.6069474302926
288.0	12385.314458149194	-640.4713311447746
289.0	12069.140691393286	-1087.8888415615813
290.0	11875.765700765847	-785.6880333710028
291.0	12087.111735838354	-1111.8529525182994
292.0	12078.133534451961	-1099.885305663446
293.0	12104.90520930094	-1126.4706935788774
294.0	12113.989970257877	-1138.3825435503368
295.0	12123.151912246294	-1150.2339892456391
296.0	12141.551819218652	-1173.7547559364536
297.0	12150.847045767952	-1185.516398030619
298.0	12160.171034602208	-1197.199023779478
299.0	12178.843985150756	-1220.5044207303224
300.0	12236.15435591701	-1289.4964823539563
301.0	12255.706431603672	-1312.0727910976316
302.0	11775.66813531881	-601.4334031710761
303.0	11803.661518200699	-654.3926642911879
304.0	11832.195517296546	-707.0755397071874
305.0	11897.90610032359	-824.753686141858
306.0	11928.053928672854	-876.5068233804959
307.0	11959.153149571648	-927.6372389220563
308.0	11762.562928929581	-573.9980117848905
309.0	12327.61496661696	-1398.161075896978
310.0	12042.522163145766	-1051.7450595961784
311.0	11975.291978715228	-952.9516665139399
312.0	11991.446230227315	-977.9890521938136
313.0	11782.784192280646	-574.509560515707
314.0	12025.1525844012	-1027.390004866393
315.0	12008.115801333797	-1002.8119011436335
316.0	12132.896406925167	-1171.0476720892864
317.0	12096.280430388433	-1123.6603199850915
318.0	12060.11589318546	-1075.9512187335295
319.0	11789.608769840539	-627.9495292567534
320.0	12317.320877990554	-1387.3062812403234
321.0	12227.405805531627	-1287.1230971319467
322.0	11810.751966692222	-667.5753349898105
323.0	12266.675885848634	-1332.270080229883
324.0	12246.932013827223	-1309.7954539405948
325.0	12208.11259793934	-1264.2460598641853
326.0	12170.148660304498	-1217.929151405948
327.0	11889.21664955896	-576.0374107855396
328.0	12276.75524080052	-1343.3653025292617
329.0	11861.140930918249	-759.5398296750064
330.0	12019.465498955062	-595.0843948229241
331.0	11967.163407450584	-940.2789433607131
332.0	12051.346142477278	-1063.8014819955442
333.0	16630.631764748305	-1441.9963825437753
334.0	12546.825638267199	-1417.3808453611048
335.0	12785.335077291193	-1386.6043560551298
336.0	13042.686159333769	-1361.8473554402387
337.0	13420.140676128662	-1328.8899354871369
338.0	13661.998647901799	-1326.5576837054389
339.0	13911.04203939159	-1330.4924040878288
340.0	14160.779959224143	-1336.2803166893334
341.0	14654.667752829419	-1359.3914977293323
342.0	14901.643378802817	-1363.2536170245921
343.0	15150.3780441071	-1377.4056999348268
344.0	15399.325745807839	-1389.9051361874415
345.0	15643.699338072927	-1408.0785892594865
346.0	16135.66702331677	-1427.2381169155872
347.0	16110.010365708558	-781.0396782565198
348.0	16406.868930143737	-782.6054687123766
349.0	16875.359625481058	-1450.8514820747569
350.0	17368.115608144497	-1439.0620278955348
351.0	17618.626801374743	-1442.522044269098
352.0	17868.839938797926	-1447.692338076509
353.0	18113.690127190726	-1464.6149459656071
354.0	18360.713411534773	-1479.235248925929
355.0	18852.909754713295	-1462.4966098917475
356.0	19103.823216815505	-1465.4340096503577
357.0	19349.516406992727	-1481.6581093642133
358.0	19598.451795531175	-1494.834467072055
359.0	20095.871695227062	-1509.495564798555
360.0	20342.387792971105	-1520.062638915794
361.0	20588.83126425317	-1513.1764323624095
362.0	20836.09044200485	-1516.9033328774742
363.0	21083.27894163677	-1521.2712929035026
364.0	21579.515440262432	-1531.6809913619945
365.0	21826.088323729582	-1529.6481135110373
366.0	22072.603228877324	-1530.5148937769663
367.0	22319.95074740529	-1531.5884668070782
368.0	22815.999544697424	-1536.408211364197
369.0	23062.179785887216	-1533.927475358094
370.0	23309.594816292025	-1534.2140122088888
371.0	23557.06189501233	-1534.1848209591135
372.0	23804.497506245127	-1534.2727214160705
373.0	24301.061830521907	-1538.9808783610688
374.0	24547.143582489643	-1535.1759300081392
375.0	24794.595056903538	-1535.3374640847842
376.0	25042.024836951416	-1535.5575014100004
377.0	25540.56240376023	-1540.8579821815702
378.0	25426.195350610724	-1296.171880005406
379.0	19871.03373447389	-1171.9594448739329
380.0	26253.953868654175	-1367.2533974171638
381.0	26047.134886972257	-1537.443117327972
382.0	25833.222568228735	-1195.7084298328336
383.0	26361.33596782961	-1500.5460807174316
384.0	26252.593892533765	-1566.59723391645
385.0	12477.12974809565	-600.3981564031236
386.0	12397.421432779505	-1441.2658732311254
387.0	12375.365198423686	-1421.3988798600003
388.0	12421.640418057244	-1436.8545714804004
389.0	12217.745277109925	-1275.7262125231762
390.0	12454.415586222653	-1431.7038396571336
391.0	12198.579967152184	-1252.7606507056696
392.0	12352.098919541088	-1389.0932921160736
393.0	12189.074113773526	-1241.1815936177752
394.0	12495.616394020748	-1425.283590367247
395.0	12392.995990547903	-1389.0890903016916
396.0	12294.331425532446	-1327.6476720691953
397.0	12627.08222535131	-1221.285803906979
398.0	12516.13551382177	-1405.0443400852084
399.0	12751.203374654639	-1243.9069428067378
400.0	12655.725066766441	-837.5436147920306
401.0	12689.261928501006	-1397.7409063710309
402.0	12691.178406376972	-613.791922905675
403.0	12626.95432392743	-1325.3490672443793
404.0	12949.669650318969	-637.9094071144258
405.0	12901.142173370521	-1373.5273636910752
406.0	12993.11438452074	-1128.9973591828082
407.0	12810.975057938755	-699.4184670494172
408.0	13241.310011738116	-656.6493958470293
409.0	13120.467522440673	-1290.6797500970263
410.0	13541.701937998316	-654.6981924637789
411.0	13088.767725774267	-741.1664382373093
412.0	13387.444666937721	-756.7601015291851
413.0	13281.463132922254	-1074.8237919466276
414.0	13842.72458440913	-654.3516237598824
415.0	14142.689034798472	-657.055763934387
416.0	13960.316113562694	-955.8315209392027
417.0	14446.884882520893	-665.5788356102198
418.0	14039.08367621994	-1248.403977063064
419.0	14751.509309340328	-661.5989913344425
420.0	14290.516554495225	-764.3663176584297
421.0	14597.857638340267	-767.6813266709514
422.0	14506.144557473728	-1085.3712656161958
423.0	15051.496548289557	-663.2418317147816
424.0	14774.244648700327	-1080.4018066743004
425.0	15350.813011929786	-666.5477604497713
426.0	15655.300012046073	-677.4492612422174
427.0	15470.513416423748	-996.9974950870146
428.0	15959.441976693439	-673.0537540329645
429.0	15836.812955888907	-1010.0587358780298
430.0	15808.288672431287	-786.093641451335
431.0	16120.60268577221	-1005.3803757300071
432.0	15527.065987331647	-1311.6350302129767
433.0	16683.852306469245	-1024.9017362409293
434.0	16013.928252987256	-1330.201185148151
435.0	16557.779731825434	-675.8477628763552
436.0	17166.87871158122	-679.011922289193
437.0	16790.981042042684	-1155.846925082941
438.0	17466.177148006376	-680.2477168701793
439.0	17016.708179347243	-796.9563336301744
440.0	17319.20658979528	-788.7091733978559
441.0	17216.395125881547	-1129.4600806988285
442.0	17764.326445806302	-681.8785263913472
443.0	17483.90004537129	-1128.444347680718
444.0	18062.836130428022	-682.1398554021963
445.0	18378.24012915159	-672.5337854725423
446.0	18674.62062527395	-686.6265953982105
447.0	18237.64147012469	-1389.9994566221856
448.0	18972.166111657545	-688.4163438318374
449.0	18533.09472184595	-783.6970415591007
450.0	18825.5415136551	-798.3513815308619
451.0	18705.959975867037	-1142.4353198082379
452.0	19269.442008914357	-688.3140313149869
453.0	19574.601537641098	-661.4309912909985
454.0	19879.03396612901	-667.3414795611233
455.0	19473.98909787252	-1402.3168710789814
456.0	20333.9637062226	-951.4647341588092
457.0	19727.95270840326	-748.3962579903341
458.0	20177.347772440276	-676.0503849103079
459.0	20029.219752505625	-761.7874332221096
460.0	25895.113362299202	-687.6639843421186
461.0	25598.790074937137	-689.6608465151738
462.0	26123.597067758074	-1191.721654170207
463.0	20781.99313773768	-668.2819045781301
464.0	21083.023437773634	-668.8496056815878
465.0	21385.345754740996	-676.0351386268603
466.0	20960.78517828683	-1436.3654005598535
467.0	21686.577282133327	-676.3093195593316
468.0	21235.290443663704	-758.367439508991
469.0	21537.36509732658	-764.5989349992007
470.0	21351.879867851905	-1190.001773551392
471.0	21988.495553445686	-673.5133782168311
472.0	22289.636009920952	-674.4535901972831
473.0	22591.320251384168	-680.3289225213234
474.0	22196.650193323494	-1448.0609857095476
475.0	22888.93016648508	-678.4709970156476
476.0	22441.960749666923	-763.3523343690136
477.0	22739.77571553424	-766.1415227998444
478.0	22579.630131893122	-1196.4927073728832
479.0	23192.195772248535	-682.0095189554186
480.0	23494.952764976566	-678.8986057403722
481.0	23796.52126900239	-680.1191913553376
482.0	24098.260171584752	-688.5172764941004
483.0	23680.797982207925	-1451.1826606648917
484.0	24395.95986726631	-683.9720589724953
485.0	23948.389975464874	-771.0651975621755
486.0	24246.349383031968	-773.6898467917994
487.0	24069.822255322742	-1200.8293827220175
488.0	24698.604666419375	-687.4087389155148
489.0	25002.540691614064	-684.9205857852597
490.0	25671.475228786494	-1457.7707809999974
491.0	24918.471582473983	-1452.5914078123951
492.0	25449.08081174565	-776.0777837926062
493.0	25304.078155414867	-690.1292995023646
494.0	25684.841819675745	-1284.1981728946303
495.0	26012.95913655034	-941.9266203026265
496.0	25963.976603273808	-1285.600703289576
497.0	12398.277119888286	-1417.9669445499628
498.0	12307.092403230607	-1376.4117199808336
499.0	12326.187733735334	-1389.2013867886556
500.0	12322.020047346932	-1367.310456541556
501.0	12357.23040918766	-1421.5837763775519
502.0	12368.519899103712	-1414.3700013942507
503.0	12367.548498044227	-1432.2020695483043
504.0	12346.852778526498	-1410.8469594764065
505.0	12354.904329844112	-1402.391293684431
506.0	11754.25907550531	-562.2359304173847
507.0	11777.072477683325	-554.5510272377364
508.0	11810.727712629052	-582.7516754551913
509.0	11762.701975786274	-565.4325524365437
510.0	11782.586483151215	-614.7165918086346
511.0	11807.693229784136	-627.5896876797518
512.0	11800.402947386574	-556.2175285842569
513.0	11790.614729298437	-618.9531092970043
514.0	11817.883095729483	-680.7607657850418
515.0	11867.000306042222	-560.4242353951536
516.0	11945.962147705228	-584.2684862419018
517.0	11830.824027801767	-626.8445349167117
518.0	11825.958004076756	-684.9128478566273
519.0	12295.57384295179	-1356.4707577965985
520.0	12461.488882653246	-1390.1275179266602
521.0	11839.371170799763	-720.231465523762
522.0	11980.937687446218	-568.8883090975056
523.0	11846.633813657281	-733.3292581116293
524.0	11879.685252599493	-757.7086532365338
525.0	11865.205241916285	-731.9128515557768
526.0	11853.88125373218	-746.4502940798233
527.0	11850.437971512423	-705.9866773425365
528.0	12114.415341742644	-607.6173130586831
529.0	11893.946746874157	-783.4095923188621
530.0	11868.435083874494	-772.6125561483387
531.0	12014.7855992564	-635.5854012286878
532.0	11876.563788093108	-776.6428126778446
533.0	11891.24993336134	-802.7457881423403
534.0	11906.056519320771	-828.7075076246228
535.0	11921.098163755509	-854.6018395944362
536.0	11908.554893623847	-808.3697528654053
537.0	11935.73188053634	-889.3558050329884
538.0	12172.02732367209	-581.8128983530842
539.0	11951.2786066161	-914.9251898808958
540.0	12307.437830484525	-590.601703519731
541.0	11999.742210134695	-990.44380904566
542.0	11931.531101818533	-848.3804555519715
543.0	11999.843688030227	-981.385929039319
544.0	11943.967432011481	-893.1167335142782
545.0	11961.843268232371	-899.6017838484919
546.0	12016.598975365712	-1015.1439097114107
547.0	11913.556779010642	-841.6880973197394
548.0	11921.666172690246	-832.6163281972725
549.0	12032.429434274602	-1007.845951256726
550.0	12085.75641277148	-1070.317390372331
551.0	12033.645836285616	-1030.54791458619
552.0	12234.935811725622	-622.5164137450769
553.0	12026.779304997579	-999.692422826039
554.0	11883.904063177912	-789.7137603294627
555.0	12077.7505034373	-1090.8099447258367
556.0	12086.700303817497	-1102.8034716803288
557.0	12131.379083682308	-1130.7295791289623
558.0	12105.349681149355	-1135.5822508751535
559.0	12114.513678036848	-1147.445936143887
560.0	12151.305862574149	-1165.9524154136773
561.0	12123.693769907788	-1159.2814113537572
562.0	12142.174158104419	-1182.8187678409129
563.0	12151.476495869678	-1194.5766629423176
564.0	12168.69636985108	-1188.0696872752458
565.0	12160.821824254659	-1206.2379976258126
566.0	12179.596287827158	-1229.56309379385
567.0	12188.314548030989	-1232.1257479273988
568.0	12197.794822295617	-1243.7319686002436
569.0	12213.613071099537	-1244.3954363923924
570.0	12216.836403432315	-1266.7075619388645
571.0	12288.702293682747	-1299.1364857357082
572.0	12237.155016418432	-1298.505651820667
573.0	12275.513871694124	-1334.407638793905
574.0	12264.212274873236	-1303.8979863746463
575.0	12256.806856455732	-1321.0706148371846
576.0	11776.810986604718	-592.4230179394593
577.0	11786.711413824843	-584.1919211555851
578.0	11804.619752567776	-645.4278048077975
579.0	11818.819115608427	-671.7311564192629
580.0	11821.856179811102	-639.3663545893365
581.0	11833.10194697208	-698.0635767023365
582.0	11861.269681696656	-683.1598637386275
583.0	11898.632014669944	-815.7162514082261
584.0	11916.66448328422	-823.9626023607312
585.0	11928.647839972009	-867.4754622335362
586.0	11959.554721967166	-918.5922390266436
587.0	11973.40397156507	-905.4439879762946
588.0	11767.706156397102	-557.9180123422675
589.0	11770.589026395479	-578.3023469552887
590.0	12336.50478623446	-1400.0351206033772
591.0	12426.587902658915	-1404.5192796229712
592.0	12042.311047235738	-1042.700284018841
593.0	12055.892782677567	-1028.292277570002
594.0	11983.639821284696	-956.4673729726006
595.0	11976.875403659435	-923.7816869707743
596.0	11967.508980705099	-931.2266247457177
597.0	11991.619008384625	-968.9413952508636
598.0	11996.082186717935	-953.0767645591386
599.0	12025.061774407593	-1018.3439534863546
600.0	12043.597138813066	-1023.4593529045493
601.0	12008.156936912688	-993.7652253505831
602.0	11786.542918553336	-562.7183094149078
603.0	11812.9162527299	-566.0596219717887
604.0	11794.763203226843	-601.6332649782568
605.0	12132.319969975217	-1162.0133316969352
606.0	12149.241844066279	-1152.5686473234582
607.0	12095.778420511726	-1114.643806467787
608.0	12068.701404899746	-1078.8859860373868
609.0	12060.277889438328	-1046.4697239607492
610.0	12051.070939736623	-1054.7453207537103
611.0	11808.491503916206	-614.8236769471592
612.0	11797.609658598012	-632.2164508414991
613.0	12315.944291255844	-1378.3531337565928
614.0	12335.715803788107	-1381.3700278891695
615.0	12226.466047742497	-1278.1261708941645
616.0	12245.227188497685	-1281.7191687642414
617.0	11822.166020350474	-652.5697220746255
618.0	11811.707216704342	-658.5589145865048
619.0	12276.42188295872	-1307.7292129166733
620.0	12265.541389036041	-1323.3006424858875
621.0	12245.898788131437	-1300.811230400697
622.0	12258.014884232662	-1286.321659379663
623.0	12207.278842389742	-1255.2470062875846
624.0	12226.094231887952	-1259.3737720441477
625.0	12169.478232589636	-1208.8478420900083
626.0	12189.042085243454	-1214.3743379206214
627.0	11836.09301538636	-679.3792250523311
628.0	11916.56301047648	-564.0847283994103
629.0	11972.39955866575	-640.8561361135404
630.0	12285.547126611053	-1345.4553918568279
631.0	12283.298048005889	-1325.5115852710653
632.0	11861.979735175571	-750.5189378262148
633.0	11906.329956527181	-742.7441105782267
634.0	12064.464128406844	-575.2037315483108
635.0	11905.549302638623	-789.4462847338236
636.0	11946.208369453496	-874.4404378006251
637.0	11986.553022451326	-937.9952435546833
638.0	11975.63956652253	-943.8705462138569
639.0	12059.817415847085	-1066.8518008164262
640.0	12069.964727367684	-1060.9098185999192
641.0	16509.78324289295	-1340.7879869615201
642.0	16995.305848087326	-1355.5611962198793
643.0	12572.419512039902	-1392.1951255064548
644.0	12504.3356109252	-1372.2656496337029
645.0	12242.515619551124	-1268.192348700027
646.0	12789.48199083894	-823.6465887910969
647.0	12730.250119002443	-1361.6106220799186
648.0	13076.820492819314	-902.5628593765244
649.0	12963.815415277359	-1321.5633802546868
650.0	13308.469796847816	-1257.9230156177348
651.0	13391.652966221656	-959.5212822574607
652.0	13676.907070918038	-952.5747726823605
653.0	13535.97081320479	-1243.065604320432
654.0	13803.784780832642	-1055.1526220732674
655.0	13534.489767223351	-1056.7961747618629
656.0	13787.395311834965	-1242.8661035377766
657.0	14071.968281393363	-1061.4565753789473
658.0	14247.315134607701	-967.3029323594134
659.0	14288.272469570033	-1258.3769276194246
660.0	14534.90297938481	-1271.1353170478653
661.0	14618.384672580694	-979.2328558853314
662.0	14903.198418531683	-971.367390513457
663.0	14781.76930703797	-1274.7963970866315
664.0	15184.481929597116	-980.7268729277215
665.0	15030.292459634984	-1280.874971751011
666.0	15305.854834281447	-1095.6196070930575
667.0	15039.37215770149	-1083.383335652207
668.0	15280.830646857934	-1294.806798001359
669.0	15732.872299487977	-1126.1074517453847
670.0	15769.047345419494	-1324.8739399465067
671.0	15573.22947052405	-1117.914580020851
672.0	16262.1657873633	-1332.1915613380631
673.0	15998.55858021471	-1121.3595459331464
674.0	16258.500896020161	-673.6235164349359
675.0	16262.471122591282	-1119.1754593674875
676.0	16525.921554513872	-1126.9403519714779
677.0	16709.088390288278	-795.0203926048707
678.0	16400.246836651208	-1003.8167141714408
679.0	16949.896713265203	-1152.6855305041463
680.0	16753.898811942665	-1359.0939363957448
681.0	17240.600544548033	-1342.0805200665732
682.0	17335.53648025772	-1012.8467888794057
683.0	17616.56814022602	-1014.4065744414651
684.0	17492.273754591577	-1342.0391473291027
685.0	17896.51902192677	-1016.3798962566701
686.0	17745.56850151561	-1345.8266288992952
687.0	17751.883549587175	-1131.3059587200466
688.0	18242.302769963117	-946.0268606527297
689.0	17993.203396089284	-1362.9811393341997
690.0	18408.351934764996	-1218.6816111382716
691.0	18014.56743114656	-1146.1893676936095
692.0	18477.477727748934	-1381.0101580316084
693.0	18250.99705797673	-1228.9949798223545
694.0	18722.227210300596	-1360.4377119504645
695.0	18834.45184718539	-1026.2017854624476
696.0	19113.25039426708	-1026.5681445131534
697.0	18977.633805950583	-1362.3167255035453
698.0	18975.44313285623	-1144.0242932164722
699.0	19435.5249585135	-933.0167990506179
700.0	19226.797454238167	-1377.3619438529934
701.0	19473.081537643247	-1233.0923371627766
702.0	19238.415304784092	-1156.788511002862
703.0	19722.699758446746	-1416.1972796846333
704.0	19732.554928209385	-910.2505406428833
705.0	19972.690164999472	-1425.9927888584991
706.0	20029.12793203362	-938.5092651340365
707.0	20183.157302794294	-1034.111992586304
708.0	20221.988776744078	-1440.9278639069228
709.0	20647.785052007413	-928.3077393055422
710.0	20467.516002187043	-1439.8850105118006
711.0	20428.39708151091	-1284.352740190885
712.0	20942.194657932105	-917.7192151008707
713.0	20713.781492440296	-1432.28613602178
714.0	21089.114048724874	-1175.2500911424747
715.0	20807.327300322824	-1001.3381754617203
716.0	21207.913985469517	-1440.4907728321487
717.0	20960.568907908753	-1263.3397606193932
718.0	21456.69080080283	-1447.9721126557044
719.0	21525.500811733258	-943.2976307490504
720.0	21785.551235323237	-1012.0312387212998
721.0	21704.642036339163	-1450.7061569961068
722.0	21875.98446128462	-925.8400575477868
723.0	22159.810918143514	-923.0285619997794
724.0	21950.260072873978	-1447.6205336771793
725.0	22196.383456852793	-1272.0038947200544
726.0	22044.639985114103	-1003.7680331107046
727.0	22443.92002616332	-1449.6055872029926
728.0	22446.241047476648	-931.1741790225915
729.0	22692.49347387775	-1453.600645154549
730.0	22732.698347032474	-944.0444422364253
731.0	23010.072784226428	-931.9812520695299
732.0	22939.849475550454	-1453.7652727734092
733.0	23269.454721962768	-1019.2124963127638
734.0	23185.967933769494	-1451.2056022451673
735.0	23372.29408667618	-930.3913141382005
736.0	23658.151271543684	-925.5713618875119
737.0	23433.372758324793	-1451.2461175866592
738.0	23808.525127198373	-1184.129030361868
739.0	23535.120910146466	-1006.3932453865073
740.0	23680.43776568967	-1273.7641466000052
741.0	23928.24120391579	-1451.849553176262
742.0	24177.328031993122	-1456.4629422764347
743.0	24235.749727979146	-951.8542868654313
744.0	24509.827776670325	-935.1070454092763
745.0	24425.011480509685	-1456.543680016277
746.0	24871.93900276475	-934.4407274916999
747.0	24671.06742488249	-1452.6241628652513
748.0	24917.654475637606	-1276.9583728222817
749.0	24761.386269548675	-1021.9442709827193
750.0	25160.64302648806	-938.293649452197
751.0	25165.9698825017	-1453.4205428900423
752.0	25417.030901674396	-1458.050183910167
753.0	25444.68339033648	-952.7931731092958
754.0	25738.636827933162	-772.3842502448264
755.0	25720.44056454212	-937.2546267342726
756.0	11796.69038691322	-589.1269807175444
757.0	11843.379217951107	-591.3681851249876
758.0	25855.718366544	-1022.9253415226079
759.0	25300.62804819971	-1201.7908458670033
760.0	12315.228626651078	-1360.0439020421163
761.0	12384.882979553522	-1422.927505691865
762.0	25167.86328612022	-1280.3712564819427
763.0	24671.785864430054	-1284.5222921001139
764.0	24794.496389614724	-1191.6025583295334
765.0	24431.676535999166	-1281.115954386165
766.0	24554.527077526687	-1191.6463336128897
767.0	24603.883613539587	-1021.9214911963481
768.0	24190.779743037507	-1295.084309735549
769.0	23432.00115699158	-1275.1543283209478
770.0	23946.726994539073	-938.2669074066902
771.0	23555.33007716086	-1180.6745176285156
772.0	23186.697344074462	-1282.777617555493
773.0	23308.952625263777	-1189.6942382535028
774.0	22945.291643005254	-1278.235511241288
775.0	23068.351363646972	-1189.9697291362984
776.0	23111.283763742074	-1019.5924184521058
777.0	22701.956557107405	-1290.3604114853915
778.0	21949.74435863884	-1271.3755250943625
779.0	22071.820778171477	-1178.2127942046566
780.0	21711.199766464804	-1280.4249972418093
781.0	21832.130339620082	-1183.1219451739235
782.0	21471.847727969423	-1286.4508773438804
783.0	20703.33235054523	-1261.5073317371007
784.0	21232.32689347228	-925.0313013888936
785.0	20825.42502973171	-1173.0988886523348
786.0	20501.813632553043	-1025.426478515871
787.0	19360.22669730938	-1091.860142597877
788.0	18148.409750100043	-1086.8186975251858
789.0	18420.18249848066	-1066.0804466530928
790.0	12207.313531857966	-1236.7303757051639
791.0	12132.81460006042	-1143.4983330152675
792.0	12227.753671355771	-686.9480251121549
793.0	12067.98711272057	-968.0735931879323
794.0	12342.59108416266	-1388.5845970938262
795.0	12428.747691751776	-1341.796407932164
796.0	11941.135709778539	-865.8978086952599
797.0	12109.26844845024	-659.3986512574478
798.0	11987.443286333715	-926.9587029265962
799.0	11909.205184074839	-619.9636721633864
800.0	11812.355610532046	-636.3906876178256
801.0	12195.361286089179	-1222.1183732191657
802.0	12558.427254648692	-1350.5566444248518
803.0	12276.65057226947	-1318.1340452883614
804.0	12178.60879880663	-1201.3644875436578
805.0	12257.685823364993	-1296.4045515494079
806.0	12163.561154179319	-1169.799535337813
807.0	12232.503029181316	-1266.9727360519598
808.0	12223.704655104775	-1246.0607000742766
809.0	12177.872535407061	-1146.5015312976714
810.0	12205.639561394064	-1224.1726260144624
811.0	12434.552294689965	-848.8159921521661
812.0	12189.477326614195	-1204.3157140498963
813.0	12115.157970418042	-1120.4475286596505
814.0	12178.47772572053	-1189.6253065752298
815.0	12104.287533705896	-1106.3521915577833
816.0	12375.920514462994	-721.7069441869832
817.0	12138.911363760832	-1151.3366474538834
818.0	12098.23289629771	-1098.489652734048
819.0	12121.192688089212	-1128.4018427657836
820.0	12319.23552001275	-961.9533408553392
821.0	12087.18969124501	-1083.1978159560574
822.0	12115.042304699704	-1109.345540155861
823.0	12075.877938470228	-1068.9266636179157
824.0	12099.105314739885	-1087.9593579473858
825.0	12111.575151018718	-1079.881232598437
826.0	12051.852317359446	-980.2031085350276
827.0	12015.801125752985	-984.4934810170156
828.0	12070.700403699584	-1049.5839029860756
829.0	11987.5351585725	-883.8047492826876
830.0	11891.360049361043	-764.7930306040817
831.0	12010.273069482335	-976.2623079709041
832.0	12042.471546795658	-1009.8034409551237
833.0	12001.33675202741	-961.3626168834677
834.0	12025.974775451332	-987.1480345166607
835.0	12160.067307353143	-1141.2903667056241
836.0	11919.725684299245	-784.7824141001043
837.0	12159.698290009837	-698.025847918927
838.0	12001.52230914344	-918.1957494059674
839.0	11941.925573693736	-823.4512562347754
840.0	11971.564221374922	-915.3874170886065
841.0	12096.274139182942	-751.8363926277689
842.0	11960.947256317137	-885.7257855801284
843.0	11931.445768933127	-835.4208466353999
844.0	11943.368777179858	-855.8339649674459
845.0	11956.156751058885	-830.6309143235127
846.0	11870.028943381678	-740.6400208537567
847.0	11918.436943240938	-812.6622823351457
848.0	11864.887809210255	-718.2202705368394
849.0	11889.052322837868	-774.6955528247448
850.0	12063.91706674636	-685.3067374590883
851.0	11933.918437407576	-809.3464177710624
852.0	11942.103918623421	-615.7353068521728
853.0	11840.847210412066	-688.1420035825425
854.0	11875.09486912978	-692.6630114838499
855.0	11879.626569866143	-743.7886470113912
856.0	11855.250561555755	-714.7252911889173
857.0	11831.33437403814	-670.5905353758795
858.0	11850.131385494664	-691.9317273666269
859.0	11846.984536480557	-654.9512665976417
860.0	11885.717052239124	-600.4495339392446
861.0	11902.61874535187	-639.4920838125781
862.0	11861.010975750425	-606.075282363469
863.0	11824.794812214002	-595.9293515281297
864.0	11799.413892187973	-610.4540201491576
865.0	11844.392376053625	-634.5536475650946
866.0	11822.121732654778	-611.1028572126082
867.0	12367.664624611292	-1404.1272160126373
868.0	12399.37603075813	-1368.3800470105434
869.0	12301.995729488166	-1345.9625338101876
870.0	12332.924704134413	-1368.4322451258006
871.0	12306.08353154421	-1316.9224166324966
872.0	12295.339135031218	-1338.633814919601
873.0	12312.798946033929	-1347.5406148163518
874.0	25563.09344358581	-1205.4070701714415
875.0	25576.19639013692	-1031.2466123213096
876.0	25306.01314137435	-1032.5725968210252
877.0	25030.49578092675	-1014.0158220280204
878.0	25043.101133733562	-1186.875180011788
879.0	24321.178597055772	-1202.174520190071
880.0	24349.973301714028	-1025.8904536297239
881.0	23932.62904138728	-1279.1243761869457
882.0	24085.99753560613	-1033.883426412247
883.0	23806.447800066773	-1010.2175178913827
884.0	22830.904795381877	-1197.6382161629183
885.0	22852.75353650795	-1021.761267675353
886.0	22588.523180692122	-1026.0536866114824
887.0	22313.111983448922	-1007.538988398585
888.0	22322.503729100823	-1182.069560024908
889.0	21601.230097554664	-1199.878596295873
890.0	21636.245130214145	-1025.3294269958224
891.0	21213.965362935694	-1267.495211011581
892.0	21370.517918956255	-1021.3976962566127
893.0	21088.83752815711	-1001.3902588145666
894.0	19992.0388970741	-1268.6612455558534
895.0	20265.347248266404	-1286.985964670801
896.0	19883.544365463134	-1005.9175941255993
897.0	19594.888774075298	-985.7050448624341
898.0	19603.570212813636	-1154.6390917096778
899.0	13165.762029182779	-1033.053486286437
900.0	12858.824733179003	-940.3676074187175
901.0	12936.30010644391	-1213.2126381027635
902.0	12252.336735477389	-1256.5268603104778
903.0	12774.883670001189	-1033.1086159086547
904.0	12856.359571173976	-1187.22758070046
905.0	12961.687278773565	-977.9160766734221
906.0	12233.693025109447	-1234.4890456313012
907.0	12721.419455941128	-1166.0725770519668
908.0	12713.385709728986	-1296.8622496702185
909.0	12216.061418627796	-1212.4454175883977
910.0	12656.35276884931	-1280.7281415182345
911.0	12580.440004343776	-1314.0789710114798
912.0	12561.142708721178	-762.3949650530103
913.0	12290.861746428474	-736.2689279290177
914.0	12142.041041577397	-1119.8386346718987
915.0	12453.775531898735	-781.1573395900081
916.0	12095.294838221302	-1056.8552490467282
917.0	12200.65648954245	-1193.4608695030317
918.0	12521.033477979421	-1342.9636738279962
919.0	12465.893072190258	-1309.8453017518896
920.0	12474.303706055012	-1367.0177834690403
921.0	12404.877551061596	-1403.939335650933
922.0	12322.81513105014	-1336.5992769888762
923.0	12436.866737914475	-1386.607024830889
924.0	12363.900459420433	-1379.9039620531519
925.0	20539.263201681977	-1186.8653577568148
926.0	20158.578898824013	-1198.2221222597873
927.0	12376.02250375234	-1391.3452879872432
928.0	12344.744713865506	-1355.384371613122
929.0	12421.536426527384	-1365.3180375677027
930.0	12362.787425839735	-1362.7448160498614
931.0	12271.580687715776	-1278.2480251316695
932.0	12456.892826540636	-1339.9756607377305
933.0	12555.227292528738	-1268.0071554765382
934.0	12535.551629221707	-936.7646965643102
935.0	12276.919690583722	-789.6277785654947
936.0	12279.893488790558	-1191.7153232028638
937.0	12500.001818758856	-1307.5854486774926
938.0	12333.57646583242	-1289.163736507787
939.0	12512.182883613086	-1269.1066037394066
940.0	12629.461996485245	-918.0749916611172
941.0	12679.277857379928	-996.9189741501208
942.0	12572.471068614394	-1219.834914098182
943.0	12532.39039927313	-1176.8267113009763
944.0	12604.976188911804	-1046.268756631697
945.0	12601.335499163542	-1107.7601026483371
946.0	12654.331247517477	-1159.5855463041923
947.0	12788.18330456468	-1119.279477592637
948.0	12383.772726368596	-1328.7120978471612
949.0	11859.614897233596	-626.634849824246
950.0	11932.514186067672	-670.4149880436083
951.0	11877.734534999327	-640.5375130492133
952.0	11860.485372978328	-665.0871954411856
953.0	11875.964382095728	-709.3239767160576
954.0	11963.88483457033	-666.582090663369
955.0	11891.643972087777	-733.6693144790934
956.0	11934.63311701816	-697.3324524639265
957.0	11959.283980936338	-712.1006638027035
958.0	11892.992241636734	-670.5128402168297
959.0	11876.012850317124	-658.5922396336058
960.0	11891.28995173106	-686.5109437696319
961.0	12032.780146753976	-673.8976521435148
962.0	11905.987351067095	-759.9478204780722
963.0	11973.170760396193	-876.0475704721799
964.0	11957.514621659599	-850.0540141396117
965.0	12145.642071666533	-743.4462291054448
966.0	12035.452447246536	-825.4838845245134
967.0	11972.626371414997	-858.9600873236068
968.0	12361.882726268203	-867.2448943493977
969.0	12127.642556202118	-1099.0902426534406
970.0	12220.012148670177	-803.2088277922612
971.0	11970.865443142684	-819.8571183528529
972.0	12036.295271432129	-974.7354381983029
973.0	12013.579026005718	-938.5152781913099
974.0	12086.152040251953	-1044.1386066784696
975.0	12007.050743782384	-878.0489893974027
976.0	12054.393118120062	-998.6725454878233
977.0	12136.65547938656	-1065.3193255501035
978.0	12126.410565393015	-1084.0187219690335
979.0	12141.47332396153	-1103.2582851982788
980.0	12378.752322776903	-1097.2355053890562
981.0	12156.80059731408	-1088.1446378629134
982.0	12157.350796556093	-1125.2221260870908
983.0	12192.726375721757	-1182.6703901793092
984.0	12304.96669393439	-1257.7142887493956
985.0	12213.802007143962	-1195.6694255327548
986.0	12230.86948798517	-1217.231560775901
987.0	12320.78276273176	-1239.128077482136
988.0	12264.400516261308	-1227.0584520705943
989.0	12249.103104004285	-1239.9104697265586
990.0	12268.61410790706	-1261.9800461266987
991.0	12441.098416120012	-1284.1967374833864
992.0	12035.263529708807	-919.2571711869696
993.0	11986.872357826147	-899.3251685184387
994.0	12381.289510381868	-1353.4770986928045
995.0	12340.455947376036	-1339.6673136874354
996.0	12016.813297571449	-891.6006628742234
997.0	12001.80982240932	-904.6833841948215
998.0	12027.441907573653	-961.1052294857564
999.0	12069.955781851246	-1005.5106140768494
1000.0	12109.19795297367	-1061.6575492815057
1001.0	12304.900227139473	-1274.2035168843552
1002.0	12320.485113629431	-1320.6139534571557
1003.0	12286.822972533262	-1283.4960324413205
1004.0	12304.089257973821	-1302.4727862900393
1005.0	12316.260456912787	-1286.4228705035923
1006.0	11903.642262579991	-799.7428439546366
1007.0	11935.769637177038	-796.0664452583496
1008.0	12011.593355322206	-965.2866527580027
1009.0	12029.575857247868	-947.8627642386595
1010.0	12054.444789775933	-1038.4741758401913
1011.0	12087.281001394475	-1030.1851196998803
1012.0	12162.479998487353	-1180.2995060502956
1013.0	12195.58618635316	-1169.0194064624866
1014.0	12533.193820739833	-1011.1428164680528
1015.0	12227.534693910862	-1177.6544343145986
1016.0	12480.574645539375	-1235.742784735751
1017.0	12244.525243549006	-1203.6850777434527
1018.0	12409.07051196925	-1320.0934165293613
1019.0	11990.303095646088	-849.7687152931836
1020.0	12283.922859519465	-1250.7388253013899
1021.0	12217.248986940751	-1161.7948945680528
1022.0	12282.942899346817	-1232.4336218292046
1023.0	12469.08365103099	-1040.3322051829061
1024.0	12262.646192930306	-1208.0905449428883
1025.0	12190.40210229347	-1116.6540879726035
1026.0	12179.302363725365	-1161.6269318396414
1027.0	12171.441932766482	-1112.9588835521179
1028.0	12266.563208831294	-1172.3293362680863
1029.0	12124.543937645942	-1050.2462668398239
1030.0	12090.078918241054	-980.3190459481708
1031.0	12171.45945114034	-1092.4617448015604
1032.0	12121.217306293822	-1025.9239051169734
1033.0	12102.638724409075	-821.6416244308293
1034.0	12045.051028851914	-936.3668866260699
1035.0	12010.363069837169	-861.100438556472
1036.0	11989.900037974488	-830.0888461385288
1037.0	11940.984037291631	-747.6535828673265
1038.0	11922.633729921385	-733.7022702878961
1039.0	11967.352169049407	-794.8359742531471
1040.0	11980.630879455573	-694.3163318220049
1041.0	12349.322767850806	-1321.1778444329393
1042.0	12335.806848978676	-1308.905189118893
1043.0	12385.226486267506	-1239.8028766752225
1044.0	12534.005807656116	-1126.4521574539183
1045.0	12483.538385113765	-1191.6351336756768
1046.0	12408.589136361852	-1185.6436794878439
1047.0	12367.70248746557	-1282.3576087590675
1048.0	12443.598924614895	-1248.5730654053339
1049.0	12347.536832399046	-1271.1480255249546
1050.0	12367.258039771077	-1312.645975055946
1051.0	12412.420990687862	-1292.6241050664248
1052.0	12089.506786611111	-999.2866298842922
1053.0	12070.329854391339	-1021.4744342096025
1054.0	12015.563271189501	-924.0618127840602
1055.0	12036.22604282488	-900.3083864882786
1056.0	11962.043990699583	-738.7274279679738
1057.0	11920.301788978964	-769.5442908118197
1058.0	11919.04281941116	-710.0079040497664
1059.0	11984.609728771482	-782.5308500416583
1060.0	12010.313902773007	-817.8493240580314
1061.0	12064.978975822363	-732.3240976428915
1062.0	12033.98112510035	-755.0074457010105
1063.0	12175.33679786777	-786.8516709381092
1064.0	12054.676946279897	-890.4674816437455
1065.0	12270.565559932045	-883.5800739300352
1066.0	12311.947388255496	-843.6150093375454
1067.0	12138.196819054852	-1011.2321115442641
1068.0	12411.346490061036	-961.1982958507633
1069.0	11912.861647564794	-659.5882054901818
1070.0	11901.805349259426	-702.6292580096942
1071.0	12007.27922031894	-740.9950615606958
1072.0	12007.140151048568	-706.9026281870034
1073.0	12471.893918079571	-911.0822144678805
1074.0	12304.457195245406	-1199.481945003375
1075.0	12387.567652781703	-1270.954420087346
1076.0	11949.655949350019	-785.1621874582166
1077.0	11938.994701809295	-766.2918934914045
1078.0	11983.52995848919	-755.0355293609676
1079.0	12034.159002162398	-781.8295355204906
1080.0	12340.795833527625	-1242.8466063612334
1081.0	12412.580332668547	-1225.8488895762487
1082.0	12323.753083967982	-1177.8692573330281
1083.0	12442.571467882592	-1164.2602042568549
1084.0	12473.536327695538	-1094.1502001521312
1085.0	12084.6357493619	-794.1582971783846
1086.0	12008.536867663279	-795.3124720608666
1087.0	12053.518463063368	-801.4680920129873
1088.0	12035.098556639095	-849.0551298682991
1089.0	12099.663034697578	-880.5975598152551
1090.0	12101.747529754235	-1017.0315230456212
1091.0	12358.620322079953	-1222.904646183223
1092.0	12064.439335377092	-944.4862362617478
1093.0	12360.643428916563	-935.9091557226353
1094.0	12275.491939147048	-1152.160880886864
1095.0	12430.954002081378	-1117.1498245803675
1096.0	12170.806387934868	-1045.2728479552916
1097.0	12317.76133036711	-1119.5502408002521
1098.0	12410.89403149433	-1016.0701666620462
1099.0	12227.019455773368	-860.1840409692153
1100.0	12111.970273117919	-968.0126568845911
1101.0	12261.728952046042	-1004.6950298125272
1102.0	12143.971840431352	-822.725161712878
1103.0	12056.158952872496	-861.9129116840917
1104.0	12194.405127857424	-883.3919339782096
1105.0	12194.116194136996	-1134.128495099624
1106.0	12193.224246721786	-1080.119818927049
1107.0	12243.44986095853	-1180.8839433377932
1108.0	12153.214743548213	-1065.277198899145
1109.0	12205.906628782735	-1096.8611838202469
1110.0	12228.144967313236	-1098.5413936759924
1111.0	12217.208823042893	-1142.02938374716
1112.0	12315.921654695552	-1042.4619034220711
1113.0	12179.848140843555	-994.7409035783645
1114.0	12363.145028854398	-1049.9738424399602
1115.0	12235.73306972987	-1126.235186475885
1116.0	12084.24747361301	-928.5813631465566
1117.0	12085.040330331414	-853.7957353263524
1118.0	12246.68153869716	-1073.5165834309053
1119.0	12374.2306221708	-1165.476132807881
1120.0	12288.583031980103	-1105.1037242533428
1121.0	12260.61713099115	-1129.0617509387503
1122.0	12196.157037282186	-1055.7983610445488
1123.0	12134.793012216682	-921.4782063595503
1124.0	12250.576561049036	-961.2136423759639
1125.0	12165.300147425398	-1021.235488993525
1126.0	12135.225318750001	-981.6565424213544
1127.0	12079.694463032216	-902.7862995293223
1128.0	12156.032863317816	-862.2902115760244
1129.0	12129.322451661705	-888.0084987828783
1130.0	12159.795566450024	-969.6209135870298
1131.0	12279.092989040939	-933.2541440745912
1132.0	12302.36752044117	-1008.4227106968059
1133.0	12305.752282470661	-1221.23233650201
1134.0	12351.61565428994	-1188.783112404286
1135.0	12194.5486311859	-925.2249182261688
1136.0	12109.686605833353	-939.8623310091613
1137.0	12161.646927201275	-937.5929034006555
1138.0	12217.774035968672	-954.4969704823264
1139.0	12282.235542102746	-1077.2523495453904
1140.0	12227.375990727058	-1047.5149156926593
1141.0	12356.011274387065	-1124.1783383855807
1142.0	12308.118107828886	-1149.9341801512946
1143.0	12204.924906377573	-991.9849456481479
1144.0	12231.459507636197	-1020.0173642024753
1145.0	98.20095678501825	-1262.3941413954437
1146.0	11995.662583199015	-1020.1621606232142
1147.0	7388.260831665691	-638.3900825062866
1148.0	11712.919610511863	-552.1767709612665
1149.0	11696.400337204532	-553.423446406855
1150.0	11674.832083284527	-555.0994608579721
1151.0	11203.57958338675	-591.7933032461157
1152.0	11612.38070351504	-560.2186996430383
1153.0	11781.147055213793	-659.8877588622264
1154.0	11681.200338158995	-585.6077022663036
1155.0	11802.187523682276	-699.603045877018
1156.0	11801.26741899621	-708.6231093075976
1157.0	11275.687225019754	-626.2622903904171
1158.0	11507.24685993936	-568.3988044020224
1159.0	11387.364595477875	-608.7756233684578
1160.0	11838.219107227837	-765.2622422795774
1161.0	11418.449900321104	-1151.4874458752086
1162.0	11859.655713719238	-813.3763375354696
1163.0	11867.15163760189	-826.3933757338388
1164.0	11889.987147068829	-865.196085362586
1165.0	11583.889404529233	-1268.0241246540338
1166.0	11937.308875313247	-941.8401628184635
1167.0	11727.99116603446	-1285.5788962832007
1168.0	11987.20942568587	-1016.9033156716263
1169.0	11995.793543751803	-1029.2314308904079
1170.0	12004.450203795393	-1041.5059420653633
1171.0	12013.169365421889	-1053.7294280894766
1172.0	12021.952395362854	-1065.9087553292695
1173.0	11844.028709057004	-1300.065399076849
1174.0	12005.726142044083	-1063.6465399195215
1175.0	11938.446521065556	-1309.4331692753178
1176.0	12063.616236965163	-1152.6876719565607
1177.0	12102.789750518403	-1173.9273625627968
1178.0	12014.783106627461	-1318.0013113992584
1179.0	12148.632728691728	-1233.204199220386
1180.0	12075.94166366884	-1325.2618063604382
1181.0	12125.419028828897	-1329.910805706033
1182.0	12195.213007901633	-1291.868884692779
1183.0	12165.410135555998	-1334.420747902425
1184.0	12197.27059846496	-1336.608986718141
1185.0	12214.176991405135	-1349.5004358939657
1186.0	12229.864263222136	-1349.5037652614992
1187.0	11860.342864446759	-804.3516401229016
1188.0	184.33370431528968	-1127.7282389012878
1189.0	96.58468599768649	-632.2536296753359
1190.0	1007.9457643467478	-633.3427423103191
1191.0	1146.3701386677083	-723.9611274687531
1192.0	1436.0022458569954	-724.0160376194084
1193.0	1726.1064666561804	-724.0372918718562
1194.0	2016.2984498284375	-724.0544668507928
1195.0	2306.5061915812607	-724.0723816868616
1196.0	2596.7200887560666	-724.0923408026605
1197.0	2886.9383918636845	-724.115625763851
1198.0	3177.1576314198246	-724.140581835209
1199.0	3467.3489822195806	-724.0816364974839
1200.0	3757.5188461575003	-724.0311732064383
1201.0	4047.7220211742606	-724.0788941655114
1202.0	4338.008628520904	-724.2125245547683
1203.0	4628.52464327655	-724.0787895685534
1204.0	4921.287035114029	-725.764565595693
1205.0	5213.618783527555	-727.7654066799649
1206.0	5503.444474118216	-727.9140705508904
1207.0	5793.27197307206	-728.0907102194359
1208.0	6068.206761467666	-905.5178295708683
1209.0	6360.055747803647	-906.580217789396
1210.0	6651.847163707013	-907.6682846400139
1211.0	6943.196303421049	-907.78776189772
1212.0	11730.703998071245	-554.0445608331794
1213.0	7525.894163704939	-908.1623493376889
1214.0	7817.243199020551	-908.3487072107049
1215.0	8108.593380363755	-908.5066784499795
1216.0	10713.280388835996	-713.4805537926694
1217.0	12251.204351098024	-1351.1470296161108
1218.0	11760.629433546545	-619.8783961626656
1219.0	11845.56617562603	-778.3340881770213
1220.0	11921.628815887774	-907.3930563230188
1221.0	11978.679229944022	-995.4497490627961
1222.0	12039.344406828348	-1081.086569478508
1223.0	12084.1664309345	-1141.0488609819247
1224.0	12129.645220979684	-1200.4933388092704
1225.0	12166.486313296045	-1247.7159787923672
1226.0	12185.093996053669	-1271.2243681698494
1227.0	12213.09483845432	-1306.3263182258904
1228.0	12232.241103948028	-1330.3168733945615
1229.0	12244.827217895552	-1343.4774613412567
1230.0	452.529847528776	-1263.5621229098613
1231.0	743.8143292215782	-1262.1759242281523
1232.0	182.71743352795792	-767.6131825145135
1233.0	331.3610766827412	-759.8279860677793
1234.0	821.3580901197784	-903.814905165882
1235.0	1037.5160233505196	-1262.2069380646165
1236.0	1331.7817980075818	-1262.3401707331163
1237.0	1626.1491677069137	-1262.4686028291026
1238.0	1920.529823559944	-1262.5951048326303
1239.0	2214.9088979219596	-1262.7199062388156
1240.0	2509.2861823494536	-1262.8432390044184
1241.0	2803.66086597177	-1262.9653660979209
1242.0	3098.0223693022394	-1263.0861242724013
1243.0	3392.2929583120203	-1263.1975524523416
1244.0	3686.305188075576	-1263.0768061484725
1245.0	3980.6099371474397	-1263.1924089468703
1246.0	4275.053547857982	-1263.311459180623
1247.0	4569.4975399693185	-1263.6383814392318
1248.0	4861.789856837536	-1262.0259576354747
1249.0	5156.35234833595	-1262.0989799994838
1250.0	5450.9141015124405	-1262.1660888687738
1251.0	5745.0036990897015	-1261.3498361524944
1252.0	6039.618270777343	-1261.385308352117
1253.0	6334.232840464397	-1261.4201349894408
1254.0	6628.8474033212615	-1261.4543559795886
1255.0	6923.462064563676	-1261.4554481447778
1256.0	7218.076608008635	-1261.4909131948043
1257.0	7512.69114879454	-1261.5250282276972
1258.0	7807.305673884596	-1261.5590976658004
1259.0	8101.920195666589	-1261.5930093082375
1260.0	8396.53469901903	-1261.6267571973322
1261.0	8691.149194550491	-1261.6603426166287
1262.0	8985.763767151015	-1261.6674394308452
1263.0	9280.378229039497	-1261.7028326859802
1264.0	9574.992665466636	-1261.7402018318087
1265.0	9869.60703572757	-1261.7852996873573
1266.0	10164.221452683787	-1261.8087258706662
1267.0	10458.835958522746	-1261.8161164802252
1268.0	10758.409599934796	-1261.307576633164
1269.0	11045.057323332474	-1284.2730090517362
1270.0	11767.432197412136	-633.2308010332214
1271.0	11795.121419470242	-686.3955971261298
1272.0	11296.275621142593	-1295.708560561022
1273.0	11816.527407464906	-725.932961640183
1274.0	11830.92864093707	-752.1560974896116
1275.0	11823.698845981691	-739.0582651159142
1276.0	11592.488547235838	-576.3057225611686
1277.0	11774.24392983103	-646.5820809663459
1278.0	11662.536713772557	-564.7354733545419
1279.0	11747.378743388508	-592.9800047321824
1280.0	11740.59368327337	-579.4604237558843
1281.0	11734.872278372	-565.9101035347998
1282.0	11953.79051507289	-957.9972942741077
1283.0	12005.130516305107	-1103.6632609191383
1284.0	7098.523334078952	-638.2008817756133
1285.0	7677.998323040046	-638.5899538163295
1286.0	11753.925545018357	-606.4811407678181
1287.0	11719.495376288682	-555.0765712669835
1288.0	11705.495520687962	-557.9053794329149
1289.0	11686.851525143962	-560.8370335550691
1290.0	11701.221704412475	-577.4517335389895
1291.0	11788.10491991135	-673.1535288171599
1292.0	11707.71948671848	-568.3583470884399
1293.0	11040.273156195266	-606.0116849781431
1294.0	11474.255414656718	-595.1745370898361
1295.0	11632.223191235498	-569.8695289435905
1296.0	11740.774231915442	-634.0204894208988
1297.0	11790.303199225747	-713.6582343237448
1298.0	11766.573943448393	-683.2797758090383
1299.0	11777.282854778767	-688.5140408028286
1300.0	11780.110359609696	-668.8888346996732
1301.0	11497.336921422926	-1307.0103322236591
1302.0	11787.10733150976	-682.1615553462639
1303.0	11852.941141929186	-791.3504289786744
1304.0	11809.313849640102	-712.7927965888699
1305.0	11330.754349565432	-581.9585808109377
1306.0	11798.72292442843	-728.6618816376109
1307.0	11566.326230789737	-563.7276398880559
1308.0	11430.253535761389	-574.3596541276387
1309.0	11486.150607294583	-641.5870970292696
1310.0	11882.894181480871	-843.2515762274012
1311.0	11826.919624030357	-779.3275599305167
1312.0	11182.245841263823	-1225.2379504156743
1313.0	11890.522779667697	-856.1503657482339
1314.0	11837.462296043215	-774.2963376099233
1315.0	11905.952339459474	-881.8444715559414
1316.0	11867.802020693382	-817.3545682319404
1317.0	11913.756203940793	-894.6342189038223
1318.0	11875.32274401606	-830.3241393570693
1319.0	11870.531669209477	-869.4156230658003
1320.0	11874.708519606711	-839.3647196157693
1321.0	11929.56169891505	-920.1035702505686
1322.0	11882.319745997132	-852.2966514479068
1323.0	11937.56931679919	-932.7821589066456
1324.0	11898.206116093903	-869.0123315505489
1325.0	11905.69455216868	-913.684870898666
1326.0	11897.714269986502	-878.0634785756141
1327.0	11973.563182849264	-1029.808577259255
1328.0	11905.501854607166	-890.8949309159676
1329.0	11658.649571180928	-1315.8450662592256
1330.0	11863.827954540053	-844.4512520801394
1331.0	11895.970774154142	-910.9937600972529
1332.0	11962.007044026994	-970.5271993851546
1333.0	11913.353615874776	-903.6910610890906
1334.0	11929.2550597768	-929.165534005229
1335.0	11945.148799064025	-1032.013301225238
1336.0	11945.63954088521	-945.4061419458291
1337.0	11734.826162590194	-1224.3429145265436
1338.0	11970.310599217628	-983.0228297883182
1339.0	11945.435459685737	-954.4725040981847
1340.0	11944.37684606957	-987.6037998234478
1341.0	11978.70117331107	-1004.5203676461593
1342.0	11953.635640541075	-967.0576684249341
1343.0	11959.838875279	-1036.3138304617453
1344.0	11961.913776830092	-979.5962674202539
1345.0	11788.097242081078	-1324.5962297395342
1346.0	11935.335147324766	-960.8828797645989
1347.0	12057.156615695581	-1105.128181774863
1348.0	11959.229370411294	-1008.5572674892804
1349.0	11987.141165594958	-1007.8435010819807
1350.0	11996.216952738423	-1062.2752773207496
1351.0	12004.276392785274	-1032.4485193755256
1352.0	12048.23880604315	-1093.1185594938788
1353.0	12012.941795106215	-1044.6635475568285
1354.0	12021.684405520571	-1056.8520909623828
1355.0	12066.083014658661	-1117.1601352133678
1356.0	11942.071140945112	-1169.7160445723682
1357.0	12030.47470229128	-1068.9792320153272
1358.0	11892.759549931921	-1330.3566280012164
1359.0	12021.088248460159	-1085.1502466064303
1360.0	11848.84292759916	-1251.8293134803073
1361.0	12093.21211629048	-1152.9652433067
1362.0	12075.134894122099	-1129.1208702829913
1363.0	12030.80662235171	-1078.0473392382937
1364.0	12047.323530846159	-1131.8765496647447
1365.0	12048.62395696638	-1102.1444897108238
1366.0	12057.524897083282	-1114.1912307304199
1367.0	12102.27788377366	-1164.8763832678821
1368.0	12019.871077523085	-1234.8071008364896
1369.0	12066.52412291718	-1126.2159921032874
1370.0	11978.174540121277	-1333.9843021033994
1371.0	11940.972763564068	-1269.831158468324
1372.0	12098.961164329703	-1198.9895243095634
1373.0	12120.510835159534	-1188.6449736622353
1374.0	12075.597437145903	-1138.1599382017357
1375.0	12099.358300918933	-1189.1595296350522
1376.0	12093.691191531578	-1161.999199071698
1377.0	12138.801786284266	-1212.334061413648
1378.0	12111.390409323792	-1176.7849272185138
1379.0	12148.018069095639	-1224.173842431738
1380.0	12111.92118554539	-1185.8207055417236
1381.0	12046.45168243502	-1338.941187578078
1382.0	12112.06493011987	-1204.677481267311
1383.0	12130.19385557277	-1209.5219992387772
1384.0	12123.335064080893	-1256.2398345130823
1385.0	12139.39237719945	-1221.383828266861
1386.0	12175.753243252357	-1259.4688213898273
1387.0	12136.224187912434	-1247.2815565673675
1388.0	12157.243737567687	-1235.9522891632657
1389.0	12101.530508955415	-1341.2579974505925
1390.0	12130.356484309421	-1229.0268053039115
1391.0	12155.117758139495	-1260.4367923321927
1392.0	12167.120820732967	-1256.7352870898428
1393.0	12194.483191325902	-1282.8603725395917
1394.0	12145.666495941563	-1343.6007428857065
1395.0	12166.901995318862	-1276.4116043015104
1396.0	12176.437760465778	-1268.5163178454497
1397.0	12184.370890427539	-1310.7030736018448
1398.0	12212.767209484306	-1316.4080485807388
1399.0	12203.819650650867	-1294.561740824591
1400.0	12181.530745059878	-1345.7764309320173
1401.0	12221.58291814949	-1318.8984466324127
1402.0	12168.32589519312	-1317.3643061778469
1403.0	12195.004889311553	-1313.754682500062
1404.0	11850.188525222484	-820.167368534782
1405.0	11852.229687453531	-800.3559134085809
1406.0	86.13274753027144	-947.592123389882
1407.0	578.5085976105065	-715.5749436966344
1408.0	1297.4406062932	-633.451655786084
1409.0	1190.8863399378824	-1171.9217251844798
1410.0	1587.3319295290955	-633.5312403678867
1411.0	1484.9166139392219	-1172.1208652956523
1412.0	1877.2988850854447	-633.6064979454444
1413.0	1779.0617691365296	-1172.313274741853
1414.0	2167.277970694413	-633.6820032537356
1415.0	2073.218628996521	-1172.502053498253
1416.0	2457.2606848313276	-633.7580006884258
1417.0	2367.3721174309762	-1172.6876630167278
1418.0	2747.245925862279	-633.8355502764467
1419.0	2661.5212151257315	-1172.8705982225194
1420.0	3037.2330459320056	-633.914873556529
1421.0	2955.654531723463	-1173.050958837189
1422.0	3327.2192234114796	-633.9940942547171
1423.0	3249.683753708659	-1173.220620538297
1424.0	3617.1784547248208	-633.9895161257165
1425.0	3543.363702126941	-1173.1487777610548
1426.0	3907.143145342459	-634.077218870584
1427.0	3837.077810607306	-1173.0811096022705
1428.0	4197.135687734642	-634.170824991702
1429.0	4131.223300034658	-1173.2532379811075
1430.0	4487.183810682162	-634.3444371667533
1431.0	4425.508032501482	-1173.6366858201554
1432.0	4777.40576048335	-634.1706779123996
1433.0	4717.641471125981	-1172.288659621694
1434.0	5069.700260512701	-636.1638011008055
1435.0	5009.893409137559	-1170.6867335286329
1436.0	5359.491566889935	-636.3051069035838
1437.0	5304.414783457408	-1170.7643401086186
1438.0	5649.28000909642	-636.4460528786435
1439.0	5598.463263856104	-1169.9526716083158
1440.0	6228.868218844912	-636.760900395207
1441.0	5939.073123836839	-636.6153344790417
1442.0	5892.564562765951	-1169.1093664383454
1443.0	6083.106124827489	-728.271969829087
1444.0	6519.048198046547	-637.8626963716711
1445.0	6373.32714104414	-729.3857438148038
1446.0	6808.785729452194	-638.0345465671024
1447.0	6663.490593658364	-730.5258020797868
1448.0	6953.211671697708	-730.7303995768166
1449.0	7242.932715918145	-730.9523476090884
1450.0	7234.5452915187225	-907.9589625755052
1451.0	11725.313326505717	-550.601513807501
1452.0	11733.237393074925	-574.4637577251493
1453.0	7532.6536468861805	-731.2078317428922
1454.0	7967.7359994520275	-638.7621712526247
1455.0	7822.374756679458	-731.4463325823177
1456.0	8257.474640162041	-638.9338137245927
1457.0	8112.097015808395	-731.6566045836685
1458.0	8547.223816971886	-639.0862547360874
1459.0	8401.830775335191	-731.8471001602187
1460.0	8836.972961378211	-639.2391196792686
1461.0	8691.575038558301	-732.018818207982
1462.0	9126.722084771669	-639.3924723300123
1463.0	8838.105263018648	-992.6499688203245
1464.0	8981.319248365025	-732.1914478949944
1465.0	9416.471354055486	-639.5474711754802
1466.0	9131.11022176566	-992.6733867313936
1467.0	9271.06358304924	-732.3662114842936
1468.0	9706.210028594987	-639.7511898825035
1469.0	9424.115190229655	-992.7287231687988
1470.0	9560.797468879498	-732.5913411298721
1471.0	9996.181513821104	-638.7241825547128
1472.0	9717.109472321785	-992.8424840681733
1473.0	9850.753570652056	-731.6344646021925
1474.0	10286.258871220438	-638.941777125396
1475.0	10010.336545629603	-991.7115759702143
1476.0	10141.048355284445	-730.6914639381724
1477.0	10574.068175110166	-637.1861624472849
1478.0	10303.669626688665	-991.7875625247392
1479.0	10434.456319721327	-729.0222880707983
1480.0	11155.442566545864	-748.9528650097163
1481.0	11132.827089675638	-650.3834536153436
1482.0	10830.985885446817	-623.5226344621193
1483.0	11752.71773869096	-615.4610763226236
1484.0	11836.4123567519	-796.1667104222112
1485.0	11844.840979429138	-787.3488164310014
1486.0	11911.176147145045	-935.1004691456146
1487.0	11921.270057135263	-916.447676052229
1488.0	11969.766076361053	-1012.1154059266095
1489.0	11970.267415746705	-992.0827979038007
1490.0	12030.764086378776	-1098.0769051786235
1491.0	12039.714132277635	-1090.127902597197
1492.0	12075.680226999342	-1157.4787968226744
1493.0	12084.638578024553	-1150.0795311758163
1494.0	12118.157747656265	-1212.5814852264782
1495.0	12121.051716323243	-1197.6717547133112
1496.0	12157.871137865031	-1244.9709692534182
1497.0	12127.424971860324	-1308.8546266217847
1498.0	12178.942068484348	-1290.1728089533287
1499.0	12185.844329874919	-1280.2060775734826
1500.0	12200.196905113211	-1322.601899237423
1501.0	12204.432429584542	-1303.6882839606526
1502.0	12236.186360451591	-1341.836892191139
1503.0	12222.447207583877	-1328.8122248911977
1504.0	12210.705192270441	-1340.328914320242
1505.0	342.2606814890108	-1128.8545373134968
1506.0	934.7718335148202	-992.4641415403725
1507.0	392.7033678587759	-940.9332253553566
1508.0	607.1384360402445	-1173.2377128313872
1509.0	719.6190124487831	-633.5835466772492
1510.0	438.39770114784295	-624.55749183321
1511.0	647.4321049305581	-994.2325555615735
1512.0	858.3026028163513	-724.2266062668309
1513.0	543.2662027888546	-896.6356536819076
1514.0	1110.1407205323533	-903.4942277997555
1515.0	897.5217415069336	-1171.8200033328292
1516.0	1401.0520028109797	-903.5961582143973
1517.0	1226.2609451118296	-992.5648767120753
1518.0	1692.5369937417734	-903.6596321583183
1519.0	1518.8122135686729	-992.7337012493377
1520.0	1984.1230331993381	-903.7170967362696
1521.0	1811.5539955419383	-992.8914681173834
1522.0	2275.723249746454	-903.7736005740111
1523.0	2104.3196122305067	-993.0458520263619
1524.0	2567.3278317810305	-903.8306800508993
1525.0	2397.0854860214845	-993.1975588238141
1526.0	2858.9342189432414	-903.8898797010794
1527.0	2689.8494959668	-993.348143461914
1528.0	3150.528362262128	-903.9493815424048
1529.0	2982.5996038538665	-993.4979272009532
1530.0	3442.003702503942	-903.9156519801072
1531.0	3275.2446745381444	-993.6369094445363
1532.0	3733.199196637694	-903.6582299806796
1533.0	3567.513525489377	-993.450588382581
1534.0	4024.7205211585956	-903.7353413336374
1535.0	3859.821995806988	-993.3607228129513
1536.0	4316.464139648058	-903.9018095521338
1537.0	4152.589698846132	-993.5165571571937
1538.0	4608.437546947317	-904.0087844200146
1539.0	4445.552225480084	-993.9637170155802
1540.0	4900.50565608529	-903.9959242388844
1541.0	4736.537285125378	-992.3320314070521
1542.0	5194.413296429509	-905.9835752826524
1543.0	5029.713394385915	-992.6133283466843
1544.0	5485.814140628936	-906.1131356183547
1545.0	5322.655746302608	-992.7223405737356
1546.0	5776.744637592317	-905.3873101661078
1547.0	5615.122340127399	-991.9417178927797
1548.0	5907.646424997273	-991.157794167495
1549.0	6200.697462244595	-991.2012341115806
1550.0	6187.190833785593	-1169.1171406219785
1551.0	6494.133374854704	-992.1996529064903
1552.0	6481.817095974457	-1169.123663596137
1553.0	6787.126931224185	-992.2343914482329
1554.0	6776.443449718681	-1169.0964520981609
1555.0	7080.12054140287	-992.2648590629336
1556.0	7071.069784050999	-1169.0704846600636
1557.0	7373.113924085025	-992.3512150675002
1558.0	7365.6959979268095	-1169.0775400896694
1559.0	7666.107282199898	-992.4468460395134
1560.0	7660.322193447716	-1169.0831999073525
1561.0	7959.1008063484815	-992.5146197473229
1562.0	7954.948369964711	-1169.0886563345796
1563.0	8399.95504367527	-908.6447095111113
1564.0	8249.574524744088	-1169.0937912127977
1565.0	8252.095273057485	-992.5814969417964
1566.0	8691.32720286212	-908.7638005736584
1567.0	8544.200653272937	-1169.098599867876
1568.0	8545.100249615785	-992.6288464526564
1569.0	8982.69938570164	-908.8573146703742
1570.0	8838.826851049867	-1169.0767574480756
1571.0	9274.071582706614	-908.9812591102951
1572.0	9133.453015183813	-1169.0567228641137
1573.0	9565.433305396293	-909.1575454971893
1574.0	9428.079043144382	-1169.0669606117638
1575.0	9857.017177862059	-908.1595544205453
1576.0	9722.704979477401	-1169.0869029598277
1577.0	10148.939779882941	-907.1537675353211
1578.0	10017.330896339497	-1169.092902345372
1579.0	10443.97565059106	-905.4057698729927
1580.0	10311.956948779618	-1169.0611944849265
1581.0	10735.150924269925	-889.271819230417
1582.0	10612.03102725456	-1168.4976243342724
1583.0	10876.897339198878	-930.7927304157365
1584.0	10605.458041413827	-989.3609096872273
1585.0	10910.501375891736	-1190.8934464467445
1586.0	11763.769812370958	-663.7779729438256
1587.0	11773.169320845149	-655.5826108241221
1588.0	11759.495254745038	-628.8477590854088
1589.0	10948.275016826808	-682.1994793449026
1590.0	10972.315935144941	-813.6783098607721
1591.0	11794.158147580922	-695.4047582237199
1592.0	11406.089800159534	-1247.9267918496978
1593.0	11294.204527190814	-702.0217617486924
1594.0	11812.458611317843	-753.8604226026013
1595.0	11808.475776329535	-721.8002724353001
1596.0	11812.412320276331	-767.3449894807842
1597.0	11815.683861587073	-734.9376837609594
1598.0	11830.125725771684	-761.1778498459836
1599.0	11801.146305779379	-747.3483575601398
1600.0	11822.865666676924	-748.0560790867485
1601.0	11540.963600689318	-584.5105431097971
1602.0	11549.563272840836	-620.6346875668236
1603.0	11766.313905900772	-642.2222491771942
1604.0	11647.24654803398	-557.3104344700621
1605.0	11715.593197627064	-614.8825451224529
1606.0	11741.567511281653	-620.6634946343826
1607.0	11746.126343500358	-601.9605847660733
1608.0	11730.674000916806	-612.9787120500556
1609.0	11721.697296585231	-562.2054915164954
1610.0	11739.380533141513	-588.3732640742496
1611.0	11729.47500246973	-594.1462726384422
1612.0	11723.146262326612	-577.2785631051969
1613.0	11729.132947369993	-561.1717415650392
1614.0	10947.962649773928	-1053.2569051740757
1615.0	11202.581582761317	-1109.4943560669005
1616.0	12185.191787951293	-1297.9438189306231
1617.0	12158.860693748711	-1303.5186285590528
1618.0	11717.345496838925	-569.7586588663034
1619.0	11666.307567469596	-581.6683952862641
1620.0	11720.597021853275	-588.0482377001244
1621.0	11755.343304286245	-646.7189909012692
1622.0	11596.457946399134	-658.5658062726203
1623.0	11884.183609719066	-921.9513008869011
1624.0	11637.383552602623	-591.8764369704968
1625.0	11779.054561933432	-706.588700332392
1626.0	11086.929551383626	-836.0599268883852
1627.0	11102.854338712159	-1030.8928734302935
1628.0	11402.616170840107	-668.6576403809582
1629.0	12168.655969516183	-1289.0863860057561
1630.0	12148.954398191738	-1252.5898388379137
1631.0	12144.84717963069	-1299.5161101533492
1632.0	12141.95487559127	-1279.73787638678
1633.0	12076.786960537314	-1299.6902952582902
1634.0	12154.21441551197	-1271.065613088238
1635.0	12094.18287722302	-1262.8314720992992
1636.0	12097.588804996718	-1287.06936841709
1637.0	12136.52991870977	-1236.9145970399925
1638.0	12126.889436594072	-1274.146431057501
1639.0	12018.546632721469	-1286.8031218204815
1640.0	12080.770584643587	-1175.6038261576366
1641.0	12117.729785477728	-1223.0365244383993
1642.0	12076.481163173923	-1234.215932907744
1643.0	12093.260422578993	-1181.2245606599888
1644.0	12057.936079124644	-1134.4365886531734
1645.0	12035.06711471917	-1115.5650434710399
1646.0	12081.713220340918	-1165.4294438642603
1647.0	12051.060505397501	-1282.1714868971528
1648.0	12085.68658601521	-1205.7644138489002
1649.0	12050.92297319531	-1160.0760692077347
1650.0	12064.005594201777	-1142.3994835295136
1651.0	12011.591976434489	-1071.7807778851213
1652.0	12003.636572236994	-1143.893365704577
1653.0	12047.353457063313	-1120.6870486319106
1654.0	12036.705896009938	-1106.08553350551
1655.0	11974.665099717704	-1250.5534514131002
1656.0	11985.454657140726	-1035.3925101313187
1657.0	11985.89454224894	-1090.187932398822
1658.0	12020.675987037937	-1096.1384794280712
1659.0	12010.39590947136	-1081.9541619393156
1660.0	11907.434331095174	-1210.4366788175575
1661.0	11954.171618485525	-989.254265052749
1662.0	11995.16858480541	-1049.2005599992397
1663.0	11926.537391163502	-946.8715082294044
1664.0	11975.448911947196	-1020.3886530667563
1665.0	11900.100010972588	-1242.5185315976807
1666.0	11986.012418852906	-1073.1848987752558
1667.0	11921.158022217927	-938.4063989194461
1668.0	11959.75265316399	-997.595278049835
1669.0	11811.042396283692	-1172.8559422218332
1670.0	11943.747600928216	-974.4762712307323
1671.0	11885.398564604931	-881.0044799356862
1672.0	11933.802163099057	-971.8262727463201
1673.0	11880.238680257831	-872.41284297037
1674.0	11911.985976035206	-967.4260384820227
1675.0	11924.767744374492	-956.8478630231845
1676.0	11910.981542924133	-922.2037100330581
1677.0	11799.746457178966	-1215.1241623863352
1678.0	11932.62551926662	-997.3496678477173
1679.0	11591.844126398277	-1191.568497001538
1680.0	11848.827368092612	-863.5165847176717
1681.0	11852.480585248559	-837.8830444282315
1682.0	11895.37548852661	-897.2606622998228
1683.0	11883.51026799735	-891.1512042998687
1684.0	11792.361500834479	-843.5415992781176
1685.0	11841.338653674009	-804.8368239109417
1686.0	11872.07710234991	-858.3451511576895
1687.0	11861.770972766995	-854.3866084015541
1688.0	11855.19004390104	-828.8657483406308
1689.0	11822.016460470026	-770.5623983213032
1690.0	11839.98464217048	-815.6235816245747
1691.0	11328.971462801657	-1083.5256202377593
1692.0	11673.439289605705	-1178.1534568500726
1693.0	11838.836409716258	-843.0940529725273
1694.0	11517.651743453544	-1134.1153585966742
1695.0	11869.266438776773	-896.5585441753714
1696.0	11814.585462500727	-800.8917606265555
1697.0	11540.075819662796	-1066.3843050539065
1698.0	11826.594880935938	-792.1832044888246
1699.0	11800.22485191047	-777.621709602301
1700.0	11598.97956808841	-604.4218269065004
1701.0	11527.74172472874	-650.9355087984823
1702.0	11343.559264926298	-993.9671842879828
1703.0	11260.717690549593	-919.8533623863981
1704.0	11425.899083361111	-900.220535351055
1705.0	11457.400303761484	-680.6542310795727
1706.0	11740.43761508502	-735.4264409055983
1707.0	11803.538376743842	-737.4234326893323
1708.0	11773.891507697137	-733.6445529791454
1709.0	11788.596777968536	-724.6895308073277
1710.0	11753.873819742315	-659.2741848101244
1711.0	11781.989405602537	-697.3552876629468
1712.0	11581.416923793826	-627.9678886904143
1713.0	11740.120567834623	-667.2389016638044
1714.0	11624.03208573474	-610.3417120152766
1715.0	11696.866858999567	-632.7315995927196
1716.0	11399.72002532913	-780.0116362747291
1717.0	11364.52322709872	-717.6000691817135
1718.0	11244.712362428036	-766.1221859987636
1719.0	11146.4026443758	-930.8103156995676
1720.0	11727.738185923312	-641.8852378975007
1721.0	11734.025026808116	-603.255737736552
1722.0	11750.790280523242	-637.7874340318831
1723.0	11708.298474059578	-589.6217199117806
1724.0	11656.177763098143	-596.2502644286906
1725.0	11683.684036817349	-616.2074313936246
1726.0	11704.22655157795	-602.181023198406
1727.0	11689.44892632139	-574.4123530316787
1728.0	11971.212985113054	-1056.016375127867
1729.0	11984.655887184213	-1046.3042165503127
1730.0	12105.25139949967	-1230.574659600119
1731.0	12115.031431151821	-1291.5881560196315
1732.0	11290.514393439591	-842.272294564263
1733.0	11483.215924706727	-730.2805173806415
1734.0	11688.90119376845	-601.2063860602399
1735.0	11958.88903590332	-1084.4267997118288
1736.0	11746.431206140884	-1115.4717296706337
1737.0	11713.45066199978	-630.4320761833818
1738.0	11635.030915021054	-634.3369952376166
1739.0	11764.552319044806	-711.6155428086689
1740.0	11692.609314753705	-650.6516358203522
1741.0	11665.853376836438	-615.1906167421148
1742.0	11721.06708689242	-693.7229306034982
1743.0	11787.64394926178	-753.1566262340699
1744.0	11658.057995627232	-634.8120725062612
1745.0	11761.095686065722	-727.6400989718392
1746.0	11556.48385348854	-819.7850333878426
1747.0	11612.583237030092	-720.5550896047249
1748.0	11375.203356432781	-840.5834374072074
1749.0	11547.743851087973	-689.4341962667264
1750.0	11463.62859001576	-780.6954937750428
1751.0	11826.0813241581	-823.4897821455537
1752.0	11667.990920816306	-678.2494392445193
1753.0	11625.019419980033	-659.0150277110466
1754.0	11531.968354599056	-729.7120707985827
1755.0	11759.897165359356	-763.955578403887
1756.0	11584.606421805378	-689.7312926172739
1757.0	11492.368530838508	-891.44915407802
1758.0	11563.283504799823	-767.4161669463405
1759.0	11687.868877447605	-1129.4275036284598
1760.0	11786.768786434382	-769.9454113980482
1761.0	11855.036761319026	-874.232375021842
1762.0	11818.65864350333	-864.8063049437563
1763.0	11812.960895527489	-817.0776214912912
1764.0	11825.155835505937	-837.586760934395
1765.0	11810.166847600542	-850.5237181934468
1766.0	11837.24017433337	-858.7922369405527
1767.0	11899.720567632206	-944.9632439892163
1768.0	11853.091665320913	-886.9296510506441
1769.0	11792.080742418866	-919.2891739977003
1770.0	11869.344494870958	-913.6255429649736
1771.0	11616.41029654204	-1053.5556392559404
1772.0	11871.724923054111	-956.1797568627402
1773.0	11835.508494937014	-894.8068297968402
1774.0	11881.574117658109	-996.828890502106
1775.0	11918.289587882433	-978.1865704613447
1776.0	11885.103639569032	-938.7539753321149
1777.0	11930.764492431104	-1047.5262391513945
1778.0	11931.479456147876	-1012.4292145958456
1779.0	11899.618473192086	-963.0673386776476
1780.0	11916.483698908642	-990.5824369700264
1781.0	11939.630617433415	-1060.355238521631
1782.0	11901.359173483113	-1005.0812600477742
1783.0	11911.461894477945	-1020.5260243187853
1784.0	11945.491296174505	-1017.8328303996132
1785.0	11958.2874474993	-1051.6099219113632
1786.0	11854.438082930114	-1163.6523860347327
1787.0	11971.521148848731	-1069.8223400313
1788.0	12021.104436506947	-1121.4686716491753
1789.0	11997.831564507236	-1093.5354755606556
1790.0	11968.527174163464	-1098.5102246139668
1791.0	12034.494758736071	-1141.3879828422098
1792.0	11908.845462503106	-1130.623393833029
1793.0	12004.224119510376	-1115.5091229036934
1794.0	12001.466044271794	-1258.96269811133
1795.0	12020.562006741	-1136.1021099875113
1796.0	11943.027594950638	-1201.97351363657
1797.0	12066.592965087832	-1182.5233007269642
1798.0	12035.429118932821	-1155.3086505854135
1799.0	12022.16826771265	-1168.8127225074447
1800.0	12032.364670521012	-1198.8997871167248
1801.0	12051.828933797471	-1175.7646621875065
1802.0	12053.532401924544	-1208.874692119538
1803.0	12068.853691379583	-1198.8678493595041
1804.0	12108.071130864942	-1249.443663157422
1805.0	12089.361121734551	-1222.945133195805
1806.0	12056.162659931004	-1261.9523562105885
1807.0	12042.053820506257	-1242.4283938590768
1808.0	12078.483187297117	-1255.2332682539352
1809.0	11772.887331978192	-747.8065139697501
1810.0	11769.6334190955	-778.4077795293033
1811.0	11800.285701854009	-793.9207960888252
1812.0	11768.403859877733	-672.6625962349868
1813.0	11750.563295784	-705.7384423532827
1814.0	12032.92192868569	-1182.1343058172333
1815.0	12057.48533799954	-1227.042056320873
1816.0	11853.419881465828	-924.6963495248256
1817.0	11671.631111362281	-653.7489233854036
1818.0	11643.821651684053	-714.3651963878316
1819.0	11755.003822673882	-968.0025626123328
1820.0	11786.116449273344	-809.1677258673972
1821.0	11718.207570117358	-716.0911429202309
1822.0	11986.27171627728	-1173.6684559540572
1823.0	11969.385610981686	-1214.7776593614697
1824.0	12014.134863612833	-1209.4458582954728
1825.0	11992.026918461039	-1129.8530081659403
1826.0	12004.308473011895	-1162.6833104813068
1827.0	11970.677634586573	-1133.3374797212552
1828.0	11888.969232167663	-1057.3857975952385
1829.0	11939.924042101755	-1079.3661514186635
1830.0	11824.143747482556	-1099.2124671969893
1831.0	11881.396678850933	-972.7843399762805
1832.0	11815.704779397534	-882.8633782030896
1833.0	11831.808687484541	-996.0548629656956
1834.0	11854.880279799014	-950.4478889773782
1835.0	11813.528078332725	-929.3533081710715
1836.0	11835.758654987747	-915.5065294814194
1837.0	11629.186674001832	-993.7887743173754
1838.0	11794.230060109263	-824.1924813648033
1839.0	11768.920231990924	-801.331007512128
1840.0	11740.243270097599	-757.5799593470414
1841.0	11749.080503368372	-815.0685806975252
1842.0	11607.035816513455	-757.9620894019354
1843.0	11673.171442953508	-781.0365525390747
1844.0	11496.351534096337	-1009.1233778384327
1845.0	11638.638526242103	-787.1980845897275
1846.0	11505.581368596808	-832.495913634486
1847.0	11722.489644126683	-769.8879593304773
1848.0	11676.92524465719	-732.5418426479415
1849.0	11686.132985909768	-694.060638606598
1850.0	11644.406310040236	-683.9906208388069
1851.0	11424.051694744623	-976.0232144096954
1852.0	11590.328463864718	-945.6561680829722
1853.0	11922.944502857586	-1093.2092830937988
1854.0	11911.089427871653	-1041.4425780487097
1855.0	11751.996174978764	-691.0646392991445
1856.0	11704.87905697545	-683.468545138246
1857.0	11695.651968106837	-717.9784664609955
1858.0	11737.763529582198	-683.9601616425704
1859.0	11726.260263442806	-658.0931836976021
1860.0	11964.250531627913	-1158.3629827326422
1861.0	11990.45034162553	-1197.8256635186826
1862.0	11855.83399077779	-1119.1945131165128
1863.0	11885.042946725765	-1179.5842749854103
1864.0	11710.254633052517	-1043.5920105335517
1865.0	11786.112907715993	-1130.6622399112596
1866.0	11857.100641516901	-1012.1734277159698
1867.0	11661.725608712228	-1081.3725517697883
1868.0	11611.329689610031	-900.0409054238917
1869.0	11748.103345139083	-1062.4613602855995
1870.0	11913.238631817185	-1155.9675533623056
1871.0	11958.208515752563	-1117.18810131567
1872.0	11835.384340251527	-965.7979479412752
1873.0	11680.027189645281	-973.3821175038496
1874.0	11733.471133612373	-721.0021770134414
1875.0	11707.715195273413	-664.5600582111159
1876.0	11688.693702169441	-757.3867829827699
1877.0	11665.297208248594	-854.9091302989333
1878.0	11595.682325385931	-851.2977531452652
1879.0	11771.11434181463	-858.0696678440903
1880.0	11726.021698432824	-798.8385551443025
1881.0	11721.682759151656	-861.9368803955537
1882.0	11784.21501316002	-978.6329521357075
1883.0	11787.533958301583	-1041.4672418451075
1884.0	11811.693365263318	-953.8931871783747
1885.0	11894.834280232584	-1084.6386523109904
1886.0	11823.892659069947	-1063.0278385158715
1887.0	11931.59083824825	-1116.9478080886674
1888.0	11882.045685259363	-1109.7822425379138
1889.0	11794.507603534405	-893.4989437142976
1890.0	11748.06195897588	-845.2611254907455
1891.0	11747.11549757873	-910.4151417228628
1892.0	11770.953647461714	-883.9267511917715
1893.0	11533.827800838471	-948.1621058060633
1894.0	11720.896992107419	-901.2338132799899
1895.0	11796.70913408181	-1006.5605632702778
1896.0	11858.359788882533	-1044.2397246913158
1897.0	11715.779836525782	-995.3684412061781
1898.0	11761.034838863321	-933.1986634816288
1899.0	11657.815818198855	-899.2328665583555
1900.0	11687.65510809699	-924.4414724039101
1901.0	11699.242660079639	-807.9150228020208
1902.0	11634.084686425862	-828.1648818915552
1903.0	11695.922265190966	-840.8208032600518
