1.0	28525.500792546114	-3316.537724008989
2.0	28610.019789441445	-3275.161987721583
3.0	28445.23832605954	-3255.0161532973493
4.0	28684.614796715236	-3383.479167757567
5.0	28822.31682379991	-3401.715426462403
6.0	29097.268014879854	-3276.678613969348
7.0	29213.34672300906	-3362.1478691229713
8.0	29549.46641661473	-3346.015070272995
9.0	29895.595885646853	-3336.053715041504
10.0	30239.84522928177	-3331.5660337348763
11.0	30583.243213455396	-3333.576368100387
12.0	30907.550744073877	-3248.148164381119
13.0	31030.268918038182	-3339.4163907004836
14.0	31728.33709347551	-3355.908654348741
15.0	32074.41713566445	-3363.7349829424566
16.0	33898.019001608576	-3405.5879453608504
17.0	35031.93846465174	-3427.0178157679934
18.0	36163.381245485645	-3454.3681480421933
19.0	36851.97780903388	-3473.346444023919
20.0	37196.13767652694	-3480.9504033091102
21.0	37542.621348659886	-3486.786797168157
22.0	37866.48658552825	-3406.259165593298
23.0	37990.54163536846	-3491.9033829424466
24.0	38335.81774109509	-3494.5038195205084
25.0	38680.33967307021	-3496.032534364418
26.0	39374.37430039855	-3496.917798109489
27.0	41187.75805940482	-3414.9190280162534
28.0	44812.764396878505	-3515.5125738054176
29.0	44907.66256509543	-3432.81377251426
30.0	42482.75724219182	-3419.528886137374
31.0	28906.713038837228	-3282.168863833296
32.0	31559.38687694632	-3262.1437660835822
33.0	32409.38184003111	-3288.398295885871
34.0	29411.30635198209	-3265.702791033688
35.0	29735.928295529626	-3259.1901389132267
36.0	32733.708994354132	-3297.256162478888
37.0	30059.96770831897	-3253.355824507073
38.0	33058.29351053646	-3305.7202120982024
39.0	30382.68718440048	-3250.021388588037
40.0	33381.482245867606	-3313.702352126653
41.0	30705.86601154391	-3249.8817416899788
42.0	33703.642151319094	-3321.157968318735
43.0	31233.052818206783	-3254.0644383026342
44.0	34228.02718021385	-3332.289099628471
45.0	31379.641147099665	-3347.9798979421844
46.0	34552.17013810535	-3338.4300252804333
47.0	31884.14414862553	-3271.4425354896334
48.0	34875.87569120454	-3344.445363173159
49.0	32207.81477312314	-3281.154714592007
50.0	35520.12953819316	-3357.5723423177947
51.0	32520.834273852928	-3375.1879613601654
52.0	35843.81255231957	-3365.4075485286535
53.0	32867.34793165769	-3383.037970322371
54.0	36045.46016188578	-3370.055136806823
55.0	33212.69394914242	-3390.851645186045
56.0	36693.01429788094	-3386.704187134847
57.0	33555.59450432565	-3398.4157081139515
58.0	34026.37152152753	-3328.0702578021396
59.0	34343.237136687014	-3414.3159188934806
60.0	34688.59179342175	-3420.588995632014
61.0	35198.01239170439	-3350.692597917708
62.0	35373.701016917	-3434.131934057896
63.0	35717.017626000095	-3442.465987787158
64.0	36369.79278577545	-3378.542007655294
65.0	36508.460493678635	-3464.2301701192896
66.0	39163.28235380531	-3412.67232089774
67.0	39689.90094170397	-3413.1841602502523
68.0	37015.79585142002	-3393.8997960213787
69.0	40013.17915499255	-3413.2422684721096
70.0	37339.6753346814	-3399.7173627747397
71.0	40336.409958912045	-3413.3941551002736
72.0	37664.79659741642	-3404.1912463206554
73.0	40661.161844089926	-3413.764048880259
74.0	38190.97339516095	-3409.0471271354777
75.0	40986.057974233234	-3414.363051220054
76.0	38514.306391320504	-3410.9155315220414
77.0	41511.06175956519	-3415.8114925071022
78.0	38838.04221725021	-3412.0633802823354
79.0	41833.938858015994	-3416.886241985236
80.0	39026.76659586544	-3496.754162957184
81.0	42157.98996337194	-3418.131178484207
82.0	39488.20007769013	-3412.9258006227014
83.0	39820.86952934959	-3496.89370698381
84.0	40164.82739514755	-3496.7205241598167
85.0	42806.438028908386	-3421.053255333298
86.0	40510.259367067694	-3496.7635960611383
87.0	40857.35698039315	-3497.113836465573
88.0	43008.136129011706	-3422.022037578368
89.0	41303.85665603651	-3498.056262448252
90.0	43330.96546508158	-3423.6993813804916
91.0	41647.487655329336	-3499.001754443101
92.0	41991.86617056197	-3500.1861082837368
93.0	43654.53248319139	-3425.4691997271807
94.0	42338.13586644384	-3501.5902201734207
95.0	42684.03621521363	-3503.180971691621
96.0	43979.381567147975	-3427.318066400225
97.0	43128.848331176465	-3505.4208412842854
98.0	44303.61653388254	-3429.2165732826215
99.0	43472.69735092262	-3507.3207327779223
100.0	43818.56644724091	-3509.340982560094
101.0	44619.57816355017	-3431.095363731894
102.0	44165.10359816111	-3511.4491638242
103.0	44502.75352232038	-3513.5569213313297
104.0	16157.1317552296	-3070.311566455748
105.0	16478.655376931303	-3132.7767389227956
106.0	16815.120803722413	-3116.153430206119
107.0	17531.444691616794	-3242.4047754921826
108.0	17994.966933367486	-3233.586075125153
109.0	18536.13243880691	-3106.5042101623894
110.0	18862.14290050923	-3105.475148801114
111.0	19185.879127023964	-3111.480504649586
112.0	19708.441248876985	-3119.377765991801
113.0	20033.668751021814	-3121.0476618459393
114.0	20357.97025898059	-3123.4945767006084
115.0	20879.221016041814	-3138.1373407224514
116.0	21202.816333892926	-3154.5501238840498
117.0	21526.83154541943	-3172.230327957556
118.0	21849.823525230076	-3187.2193401080926
119.0	22370.909673172242	-3201.9700434883466
120.0	22694.997022284584	-3203.584108633255
121.0	23019.62678410736	-3200.346183487554
122.0	23343.069044878095	-3194.743829037941
123.0	23864.201397047324	-3187.247801443329
124.0	24187.879255906228	-3183.1183884256875
125.0	24511.262667079034	-3179.757459143282
126.0	24832.895153549547	-3177.2392049495425
127.0	25352.687742003156	-3173.3671997763613
128.0	25675.810078431223	-3171.4403180654876
129.0	25999.512013217314	-3169.363286607637
130.0	26321.980992281857	-3166.767716032577
131.0	26842.567040759328	-3161.071799138119
132.0	27166.132581939502	-3155.9940118771488
133.0	27488.63525109841	-3151.145511361796
134.0	27791.760625041265	-3148.3718102937655
135.0	28375.755815827415	-3290.526882624353
136.0	15370.574698568691	-3153.4142389365065
137.0	15155.227212283915	-3201.895610373105
138.0	15582.086095819735	-3146.5137298786344
139.0	15291.490953035905	-3221.496162658288
140.0	16031.97444190426	-3422.7813106182316
141.0	15081.949476438089	-3172.8579570855486
142.0	15208.394637980507	-3163.354697302855
143.0	15468.265261015482	-3246.5144467706464
144.0	15697.733602938102	-3280.916471351445
145.0	15845.466063128488	-3149.5900180638055
146.0	17878.39116485706	-3117.510290634667
147.0	16270.285398770944	-3422.784330872612
148.0	16690.203561609407	-3274.991800437492
149.0	17162.47073056996	-3252.1338451731463
150.0	17013.460974336762	-3120.701997675471
151.0	17347.648397092114	-3116.3144120678244
152.0	17680.0021002139	-3115.512506806795
153.0	18355.150990254075	-3218.5307538564102
154.0	18207.936717255056	-3112.170052139882
155.0	18711.813185155264	-3206.6522517471385
156.0	19064.023502992688	-3205.73183819935
157.0	19513.583357487896	-3213.3811684201623
158.0	19384.245020502665	-3114.8375361725653
159.0	19865.42831303173	-3216.5945699222216
160.0	20217.380886548035	-3217.544902522784
161.0	20666.31245184285	-3224.635227101815
162.0	20556.309616826875	-3127.975123365668
163.0	21015.532780618883	-3238.092856987579
164.0	21365.94704183643	-3256.840056261977
165.0	21715.73792395807	-3274.5959563669326
166.0	22163.30086357419	-3290.8773407390304
167.0	22048.08487775497	-3194.3818294671837
168.0	22512.672147022426	-3296.59068113885
169.0	22863.81616043036	-3295.862480129276
170.0	23214.318945016563	-3290.6461522158315
171.0	23662.132483569516	-3282.396351461246
172.0	23541.447133086636	-3192.0459662641874
173.0	24010.97936335544	-3275.696249352631
174.0	24360.449794989476	-3269.762613371213
175.0	24707.874522362927	-3265.3864119304085
176.0	25152.520039416664	-3262.0970145931115
177.0	25031.28537485885	-3175.6804606269648
178.0	25499.466002898847	-3260.9748600359435
179.0	25848.710754232397	-3260.009511239001
180.0	26197.298881006936	-3258.0457740358984
181.0	26643.582579657876	-3253.78572014623
182.0	26520.36988677089	-3165.0181233663875
183.0	26991.780453145155	-3248.8814424153256
184.0	27340.319965943145	-3243.3115066978085
185.0	27671.11444831917	-3238.803822890712
186.0	27958.172754745396	-3236.3261077610864
187.0	28054.202252344858	-3147.5655840982204
188.0	15992.2614769047	-3232.026913094481
189.0	16329.684642259488	-3228.1587522724644
190.0	28203.727531382774	-3204.5170632939353
191.0	28256.150013876857	-3291.710612584955
192.0	14961.989109612769	-3167.2200894856082
193.0	85.43604015281483	-3063.1200358399783
194.0	355.77111315707515	-3063.142671255662
195.0	663.3537405264183	-3063.1670969612946
196.0	984.5116350202271	-3063.1917003762687
197.0	1307.1719470234234	-3063.2163042796983
198.0	1630.1654531445638	-3063.240908183128
199.0	1951.7913251999926	-3063.265512086557
200.0	2472.489179066138	-3063.314719893416
201.0	2793.5857032737426	-3063.3393237968453
202.0	3116.032454602371	-3063.363927700275
203.0	3438.866863821421	-3063.3885316037045
204.0	3760.48761113108	-3063.4131355071336
205.0	4281.192611404701	-3063.4623433139927
206.0	4602.336069106199	-3063.486947217422
207.0	4924.758945489884	-3063.5115511208514
208.0	5247.518646341043	-3063.536155024281
209.0	5769.108014639668	-3063.5853628311397
210.0	6089.841688124644	-3063.6099667345693
211.0	6410.995006231883	-3063.6345706379984
212.0	6733.3804017315515	-3063.659174541428
213.0	7056.1112706663835	-3063.6837784448576
214.0	7577.710585362708	-3063.7329862517163
215.0	7898.45357818327	-3063.757590155146
216.0	8219.638304179196	-3063.782194058575
217.0	8542.031269984445	-3063.8067979620046
218.0	9064.703857699189	-3063.8560057688633
219.0	9386.274104919325	-3063.880609672293
220.0	9707.012990876347	-3063.9052135757224
221.0	10028.242430116266	-3063.9298174791525
222.0	10350.711724347957	-3063.9544213825825
223.0	10873.40399129337	-3064.003629189441
224.0	11194.929077718412	-3064.028233092871
225.0	11515.638661638113	-3064.0528369963
226.0	11836.840840954077	-3064.0774408997295
227.0	12159.431040113554	-3064.102044803159
228.0	12674.094883237181	-3064.1506291112805
229.0	12961.371395255328	-3064.1725769249974
230.0	13210.528430408021	-3064.1917070630966
231.0	13425.130659625689	-3064.208194258281
232.0	13711.054348724987	-3064.2347562744285
233.0	13846.690849754514	-3026.4091190871045
234.0	14153.54570416254	-3019.754370893838
235.0	14295.593137179641	-3010.816268710872
236.0	14405.550982681976	-3003.944554507278
237.0	14649.925972388699	-3038.9571293735444
238.0	14730.71824415526	-3135.5479702111475
239.0	15037.444664811446	-3198.254488
240.0	171.78781976472843	-3137.8332495066447
241.0	465.7345015090623	-3137.8453737490177
242.0	795.9483494384849	-3137.857675212277
243.0	1139.7954397840178	-3137.8699771639917
244.0	1485.4741715365299	-3137.8822791157068
245.0	1830.118463341275	-3137.8945810674213
246.0	2272.4754074337507	-3137.919184970851
247.0	2151.7747161145417	-3063.2901159899866
248.0	2614.311308221127	-3137.9314869225655
249.0	2957.8794973855365	-3137.94378887428
250.0	3303.1855715613906	-3137.956090825995
251.0	3647.665641718276	-3137.9683927777096
252.0	4090.0246074724564	-3137.992996681139
253.0	3960.4710020456296	-3063.437739410563
254.0	4431.914588161202	-3138.0052986328537
255.0	4775.505835874562	-3138.0176005845683
256.0	5120.71332673758	-3138.0299025362833
257.0	5565.095614058267	-3138.0545064397124
258.0	5447.502037255593	-3063.56075892771
259.0	5907.460178555492	-3138.0668083914275
260.0	6249.372083775885	-3138.079110343142
261.0	6592.935711010968	-3138.0914122948566
262.0	6938.076889073643	-3138.1037142465716
263.0	7382.440290875703	-3138.1283181500007
264.0	7256.0946615809335	-3063.7083823482867
265.0	7724.824121106215	-3138.1406201017157
266.0	8066.776753550878	-3138.1529220534303
267.0	8410.379358980228	-3138.165224005145
268.0	8855.478130671121	-3138.1898279085744
269.0	8742.014660898994	-3063.831401865434
270.0	9199.762488319624	-3138.202129860289
271.0	9542.096535124958	-3138.214431812004
272.0	9884.089773950074	-3138.2267337637186
273.0	10227.813421049863	-3138.239035715434
274.0	10673.00820039787	-3138.263639618863
275.0	10550.695115262506	-3063.9790252860116
276.0	11017.26707648195	-3138.275941570578
277.0	11359.526660454874	-3138.2882435222928
278.0	11701.463337318715	-3138.3005454740073
279.0	12045.280629422332	-3138.3128474257223
280.0	12487.635760184465	-3138.3374513291515
281.0	12359.414431028104	-3064.126648706588
282.0	12811.206644382464	-3138.3491297821292
283.0	13097.224377227989	-3138.3593991428684
284.0	13343.503240644937	-3138.368259920228
285.0	13609.765665890809	-3138.3824877562733
286.0	13540.776167090624	-3064.2224220943262
287.0	13804.652316255424	-3174.6996061944524
288.0	13962.007204164898	-3173.5976990557033
289.0	14137.087800012005	-3125.740066679035
290.0	14027.55576236039	-3131.3175902636654
291.0	14242.210081048843	-3184.063210437274
292.0	14193.935418879873	-3040.2108521666178
293.0	14354.994421278629	-3184.8441316821973
294.0	14840.959028491512	-3134.8639353457384
295.0	14327.001649709307	-3029.444230630364
296.0	14464.643430052603	-3187.6325049448587
297.0	14429.367731078344	-3018.0351637713243
298.0	14571.464975946707	-3187.404835686652
299.0	14510.302808297012	-3017.016879561013
300.0	14570.579075917105	-3002.566658383026
301.0	14679.324231183142	-3182.1855883510175
302.0	14789.985050311618	-3165.89833386013
303.0	14912.76366771014	-3181.501553485609
304.0	13774.982357485287	-3100.5518747126075
305.0	13966.027626549256	-3025.3165531922114
306.0	13896.657981337274	-3135.761353250156
307.0	14067.035823566053	-3021.982882659386
308.0	13907.432362096073	-3061.618597624653
309.0	14114.67293576926	-3051.6054963684487
310.0	14228.390721927952	-3010.5983382655845
311.0	14195.814422533527	-3139.5474339083466
312.0	14413.12648045843	-3117.2269841892444
313.0	14354.35746918255	-3008.7864215226477
314.0	14490.918479148502	-3003.5968097805057
315.0	14455.022326282013	-3100.5035673568605
316.0	14450.750634253383	-3004.2618621054025
317.0	14598.734122903878	-3009.32998008403
318.0	14519.846984531789	-3162.5013886315105
319.0	14666.332174009609	-3076.3588322457804
320.0	14717.59856247939	-3076.9352275511756
321.0	14626.56590475102	-3157.0544720376693
322.0	14096.204646183241	-3170.2558432079622
323.0	14020.80180398595	-3057.179200025676
324.0	14301.868962315124	-3102.9057274617862
325.0	14264.129416135032	-3031.263909874548
326.0	14213.78927300812	-3085.86934487054
327.0	14260.0554230102	-3076.9194587417824
328.0	14337.351467969618	-3075.878140514044
329.0	14301.998470828354	-3156.371390119471
330.0	14393.307568608672	-3053.975487384308
331.0	14381.68529588455	-3022.565716056719
332.0	14550.575568637834	-3048.366097080301
333.0	14411.259498632506	-3159.940684627056
334.0	14475.134913230315	-3047.586010240076
335.0	14471.599979023458	-3017.8815100569295
336.0	14498.272865651525	-3100.4877721558846
337.0	14626.693529253358	-3109.840458592404
338.0	14529.26252914851	-3003.003333447173
339.0	14529.34287830064	-3119.771892992723
340.0	14610.820556693581	-3036.8291803054312
341.0	14551.61935506561	-3016.5802044968664
342.0	14581.088494217898	-3097.4613266025995
343.0	14449.800308284519	-3065.3741519106475
344.0	14376.329560166983	-3086.6301027339173
345.0	14518.972326927586	-3064.6915516581994
346.0	14581.621723279035	-3061.851751187863
347.0	14424.882470902628	-3049.4429533934217
348.0	14501.056392503864	-3046.919205188604
