1.0	11509.998712224298	-6.588333054560182
2.0	11515.698440937462	-3.877971982389378
3.0	11512.212005474417	-18.411626124302572
4.0	11521.576264852905	-38.65896621198118
5.0	11537.04207939674	-9.828502072911457
6.0	11529.724658585992	-57.02371357278721
7.0	11555.46373682889	-13.039435371252088
8.0	11537.794123786078	-75.32118629581585
9.0	11546.488574184668	-66.33842160430989
10.0	11549.898321586203	-102.76739538036499
11.0	11555.02604057444	-105.9700504749777
12.0	11557.08740248671	-90.89795443476517
13.0	11566.037251986367	-139.36234082642474
14.0	11571.164970974603	-142.56499592103603
15.0	11575.199703574646	-151.71373228255206
16.0	11579.234436174687	-160.8624686440678
17.0	11658.245384117858	-27.519687099428364
18.0	11586.210914986577	-185.1060226340002
19.0	11591.338633974812	-188.30867772861282
20.0	11595.373366574853	-197.45741409012615
21.0	11594.392784640366	-176.0669265324177
22.0	11603.44283177494	-215.75488681316276
23.0	11715.591237233	-35.77502868782661
24.0	11611.512296975021	-234.05235953619425
25.0	11615.547029575066	-243.20109589771263
26.0	11619.581762175105	-252.34983225922596
27.0	11623.588358718645	-261.51796342579513
28.0	11618.866653979176	-230.675250764034
29.0	11631.68595997523	-279.7960413437734
30.0	11635.72069257527	-288.94477770528914
31.0	11789.923386708831	-46.16718267822822
32.0	11642.697171387159	-313.18833169521594
33.0	11647.824890375397	-316.39098678983174
34.0	11651.859622975438	-325.5397231513475
35.0	11655.894355575476	-334.68845951285834
36.0	11659.929088175517	-343.83719587437434
37.0	11663.963820775563	-352.98593223589006
38.0	11667.998553375603	-362.1346685974034
39.0	11672.033285975645	-371.2834049589169
40.0	11885.7987076404	-58.87831027186621
41.0	11687.079229987614	-413.82443167188694
42.0	11696.241681575892	-426.1758231280141
43.0	11700.276414175934	-435.3245594895325
44.0	11708.319991004813	-453.63907270953496
45.0	11712.354723604854	-462.787809071051
46.0	11719.357090787946	-487.01432256400653
47.0	11724.484809776186	-490.2169776586175
48.0	11728.519542376227	-499.3657140201335
49.0	11732.554274976268	-508.5144503816493
50.0	11736.59391103199	-517.6241776301839
51.0	11979.751045902616	-526.9440148913485
52.0	11743.214615337902	-542.0646322583135
53.0	11505.057300414954	-2.710361072170804
54.0	11522.608369208165	-16.954472804221343
55.0	11517.471518211561	-29.0691749023547
56.0	11525.746594810373	-47.80320760652112
57.0	11533.759391186037	-66.17244993430285
58.0	11545.86358898616	-93.61865901884693
59.0	11562.002519386326	-130.21360446490687
60.0	11582.176182386536	-175.95728627248695
61.0	11606.384577986782	-230.8497044415781
62.0	11638.662438787114	-304.0395953337002
63.0	11683.044497387576	-404.67569531036884
64.0	11739.5639039719	-532.7433846337526
65.0	12168.049572673997	-510.59330649440693
66.0	12222.730319747536	-457.3768796459426
67.0	12688.290860231304	-475.90023683465597
68.0	12800.527859711234	-385.61409518499863
69.0	13237.498569717043	-461.4373114192653
70.0	13389.163901529246	-368.64492725069795
71.0	14151.977934814722	-462.4473473554696
72.0	14449.897543927675	-469.4345836123589
73.0	14746.24996002667	-466.0383522170002
74.0	14894.710385088945	-371.38448832602717
75.0	15204.53299515877	-372.74897866309493
76.0	15961.562564997213	-468.0857307995281
77.0	16258.895515203547	-476.3206566332927
78.0	16556.693269174964	-471.2276421828023
79.0	16706.769526459746	-375.2814827800794
80.0	25589.695482586805	-506.43881022082996
81.0	25903.039752592827	-507.67163396514053
82.0	26057.831457797543	-406.92871879253926
83.0	26594.582021899838	-498.1853390387442
84.0	26992.2298860313	-106.90695600216957
85.0	26996.612572402795	-513.701103373717
86.0	27436.54858359552	-493.1432272913668
87.0	27892.33110152751	-409.3595914755517
88.0	28611.438999985072	-414.8088682688403
89.0	28830.3247315091	-516.7310693043966
90.0	29314.980429897652	-413.38416151506544
91.0	29748.791796965317	-414.72580448277495
92.0	30218.08001207716	-501.22954247301533
93.0	30631.655981292162	-105.32494194053773
94.0	30682.62988365007	-522.7340323587317
95.0	31171.52471641415	-418.75073338590346
96.0	31633.124648353445	-507.6628305886052
97.0	32086.881666944373	-106.52889265212677
98.0	32105.00266980081	-527.9629119734492
99.0	32580.823875223956	-511.612538322762
100.0	33049.03311972207	-517.4185773573915
101.0	33511.94016380072	-518.6349132041192
102.0	33918.05330832556	-107.62435240538616
103.0	35384.68866844489	-524.2475397177205
104.0	37732.12861797237	-531.5245501719709
105.0	44843.743725589105	-565.2790612060198
106.0	44878.70118175414	-107.62068175654122
107.0	41173.35189701366	-111.98031609252939
108.0	39000.873767881065	-110.87637180146703
109.0	44465.68485973619	-113.62012373534769
110.0	28430.20847813212	-104.43446898004913
111.0	20076.183884069625	-105.0854717801946
112.0	26246.10229564893	-100.90394503155403
113.0	26614.10663003194	-92.53532001621109
114.0	27385.240912326775	-85.10613466708067
115.0	27627.83854881849	-85.10613466708067
116.0	28093.98402434263	-205.01502704789587
117.0	34326.60017013872	-91.60135171672785
118.0	34569.19780663045	-91.60135171672785
119.0	28263.42942040334	-309.44949602794503
120.0	34976.56343531347	-108.32549184619711
121.0	29083.445151318705	-311.0452207726459
122.0	35362.35855226131	-93.42201962243173
123.0	29533.14339354221	-207.0274914994601
124.0	36145.89581928309	-216.69318065613092
125.0	29994.42338555763	-85.16209502253089
126.0	36430.966772437416	-107.77600543358373
127.0	30237.021022049346	-85.16209502253089
128.0	36811.86150833594	-109.83274292506879
129.0	30972.302762741787	-209.03995595102435
130.0	37197.30046304693	-108.94794720290035
131.0	31442.32092133537	-87.57045423499221
132.0	37602.82157663008	-93.99081523813463
133.0	31684.918557827088	-87.57045423499221
134.0	38249.04496508914	-109.44488917130123
135.0	32492.78796003744	-88.83687603373012
136.0	38630.7140019184	-110.62010386140658
137.0	32735.385596529155	-88.83687603373012
138.0	33133.67992869719	-93.30127210065014
139.0	33526.67206044576	-93.17596497966831
140.0	39359.169681514475	-105.61435573750593
141.0	33973.236324010606	-534.4249435975465
142.0	39719.02735710668	-111.27604451569884
143.0	34451.69809815386	-519.7435858765976
144.0	34693.590848440326	-414.3333713847872
145.0	40086.84671602892	-111.13157076274608
146.0	35738.81649665208	-108.91717522254719
147.0	40454.71317089865	-112.60212251564614
148.0	35831.061525165744	-541.0843382855455
149.0	36088.19824337659	-433.1121729295574
150.0	40816.22603396373	-106.60871093744208
151.0	36589.70661999621	-434.6985621159338
152.0	37256.69259205914	-545.1400391690271
153.0	37845.41921312179	-93.99081523813463
154.0	41540.66973921013	-114.23910149546039
155.0	38205.6692822698	-548.3202670728471
156.0	41908.213162115455	-116.15314293609602
157.0	38657.253231429146	-550.8371247306619
158.0	39248.09252419974	-437.60547019938275
159.0	42275.76741356994	-113.48880301273068
160.0	39481.050840441916	-438.0051429136145
161.0	42634.19104466836	-106.95838607127614
162.0	39879.78887638382	-444.19317942270936
163.0	40518.31441323802	-558.1857152557394
164.0	42995.26110826164	-114.9612737695279
165.0	40920.4194640971	-441.71623414194545
166.0	41315.924170770966	-450.01744618381855
167.0	43362.279731525974	-112.46318887796467
168.0	41938.96150495335	-565.7616645793177
169.0	43730.391683420516	-114.01731330079686
170.0	42376.430668737936	-564.4389676236618
171.0	42759.34241877615	-447.730152888197
172.0	44095.15434349537	-107.90537444017052
173.0	43158.492107061225	-453.90577717874027
174.0	43798.202039087046	-568.9924068148565
175.0	44708.28249622792	-221.2408054918889
176.0	44360.812491241086	-569.936860217117
177.0	11715.322358187905	-477.86558620249116
178.0	11703.218160387782	-450.4193771179468
179.0	11691.113962587653	-422.9731680334
180.0	11768.333785503346	-537.1765278414601
181.0	11787.846261237471	-534.0232939723442
182.0	11679.010156826269	-395.5267860537745
183.0	11784.99955760313	-493.72179360126273
184.0	11674.97503218749	-386.3782225873378
185.0	11889.107841063907	-518.2096388490849
186.0	17525.873581169577	-103.35773851853446
187.0	12086.264192155475	-44.73373068577348
188.0	12016.135161877006	-498.6364736366448
189.0	12270.827986404749	-63.42035981928105
190.0	17892.28602066562	-108.476318757171
191.0	12499.822773175743	-63.79890203031391
192.0	12369.51277039054	-438.1692869329654
193.0	18257.31346400167	-104.10606939350691
194.0	12743.308152204749	-201.53860220543962
195.0	18619.525438219785	-103.65304181105603
196.0	13180.00442103647	-92.1204396746786
197.0	18981.50505008205	-103.97654586674373
198.0	13532.297467355864	-91.66327866816088
199.0	19344.3084311172	-104.32469151682987
200.0	13880.404626421054	-103.67281751052845
201.0	19710.83389453772	-109.48501488944021
202.0	13704.861897496003	-380.6067112157257
203.0	14220.265806280686	-90.67789889386283
204.0	14539.664699940886	-189.47760213107782
205.0	15001.000932335817	-91.84496953359728
206.0	20438.624684540628	-104.62160238975291
207.0	15349.688033209584	-93.58636344657134
208.0	15698.190713390017	-104.58819120675373
209.0	20800.66421107677	-104.97454147846777
210.0	15517.02056679514	-385.9016064654293
211.0	16036.921856134499	-91.40340878778564
212.0	16353.766546019806	-191.72721801754233
213.0	21163.22767326624	-105.32374587956777
214.0	16818.563328410546	-93.0091107969153
215.0	17167.349723685747	-103.71061419508867
216.0	21529.27035988169	-110.56138655634277
217.0	17016.739098186117	-386.4938074499981
218.0	17339.347141527312	-397.2518413007952
219.0	21895.154315794338	-105.9395954863406
220.0	17679.58122908936	-402.42695199205554
221.0	18010.841436988227	-490.890326577405
222.0	18334.25737096377	-487.338889472097
223.0	22257.719125634027	-105.604677177483
224.0	18654.85783582138	-487.70467414800197
225.0	18975.225938323136	-488.84699046204565
226.0	22619.8359157797	-105.92629865303995
227.0	19148.919334347695	-400.94116274581353
228.0	19493.545969385534	-406.859037897688
229.0	22982.092507125897	-106.39105499011687
230.0	19895.873155500227	-214.5704866696348
231.0	20146.056371360395	-493.23116540892033
232.0	20466.88566247089	-493.5861082768345
233.0	23347.90077074074	-111.68402275224798
234.0	20787.313679646526	-494.7578596239054
235.0	20963.9797539679	-405.39464949534334
236.0	23714.30395321873	-106.64583411666293
237.0	21307.883693354994	-411.39090070239627
238.0	21633.682936861645	-502.8011414768482
239.0	24076.84912705109	-107.3006381707916
240.0	21957.955383413777	-498.998162665202
241.0	22278.908683892954	-499.4820566147003
242.0	22599.413964678126	-500.62249034861316
243.0	24438.920318242617	-106.81663216675467
244.0	22778.998309006933	-409.87015255553246
245.0	23122.36095455014	-416.03728278391844
246.0	24801.245578897313	-107.50329640337198
247.0	23445.241928049363	-508.83665122288903
248.0	23770.033601166844	-504.61727484566
249.0	24090.967265638694	-506.0908911581446
250.0	25168.645949374873	-112.62096095835052
251.0	24254.523557289318	-413.71709989581177
252.0	24594.21779971771	-414.3291642575701
253.0	25541.037254310024	-103.5544959416972
254.0	25057.929559880955	-513.8676507207714
255.0	25360.091759514104	-216.17545690004772
256.0	25895.993033676543	-103.96850742765189
257.0	11529.087719408055	-4.640137635734088
258.0	11509.530078876995	-12.330370731930932
259.0	11521.99230577665	-8.518109618123466
260.0	11530.738752522006	-22.876317839710584
261.0	11561.896588392332	-38.00778920747447
262.0	11546.331263308673	-5.18836443717737
263.0	11533.265388789514	-36.698894680836624
264.0	11526.760652665564	-41.78985170184408
265.0	11598.236682302018	-9.44083009672128
266.0	11568.079074536865	-7.851070934074717
267.0	11541.828856386119	-84.46992265733371
268.0	11534.85237757423	-60.226368667401196
269.0	11590.589805469861	-44.68028273020658
270.0	11636.086386801011	-12.063713206829561
271.0	11542.921842774313	-78.52384139043026
272.0	11580.887416937883	-17.291901030795998
273.0	11549.178395918027	-72.43757917865393
274.0	11557.967786786285	-121.06486810339607
275.0	11546.956575374357	-87.672577751946
276.0	11610.572428702633	-41.45218983308587
277.0	11553.933054186244	-111.91613174187798
278.0	11589.112385333734	-111.97685359046591
279.0	11559.060773174482	-115.11878683649343
280.0	11614.748504878435	-21.504543303550843
281.0	11562.280225583294	-102.75315068754571
282.0	11654.224033276283	-52.09393480188737
283.0	11563.095505774523	-124.26752319800698
284.0	11585.630403051051	-144.54664542620836
285.0	11570.071984586408	-148.51107718793799
286.0	11574.10671718645	-157.6598135494561
287.0	11578.141449786492	-166.8085499109691
288.0	11598.315112786702	-212.55223171854698
289.0	11685.887483692284	-15.4559738925988
290.0	11578.24805414495	-139.00266020310178
291.0	11583.26916877473	-170.01120500558352
292.0	11711.07274128419	-67.51445731221368
293.0	11590.245647586618	-194.25475899551589
294.0	11605.358639685763	-200.71336317493115
295.0	11594.28038018666	-203.4034953570289
296.0	11599.408099174898	-206.60615045164192
297.0	11602.349845386743	-221.7009680800651
298.0	11751.087165445488	-20.31905479522781
299.0	11626.558240986991	-276.59338624915597
300.0	11602.6688179524	-194.6142056005871
301.0	11633.079059792095	-251.8278360666712
302.0	11610.419310586825	-239.9984408030962
303.0	11614.454043186866	-249.14717716461186
304.0	11618.488775786907	-258.2959135261249
305.0	11785.024734679422	-87.41433295165432
306.0	11622.49537233045	-267.4640446926962
307.0	11627.623091318688	-270.66669978731085
308.0	11646.219474589403	-281.97421989786864
309.0	11630.592973587036	-285.742122610674
310.0	11653.991528955537	-300.1656156371755
311.0	11634.627706187073	-294.890858972187
312.0	11835.499149471443	-25.848127883000416
313.0	11633.634488455778	-265.2913494447445
314.0	11639.75542517531	-298.0935140668
315.0	11646.731903987202	-322.3370680567338
316.0	11650.766636587241	-331.4858044182467
317.0	11654.801369187282	-340.6345407797599
318.0	11665.531568598999	-337.72676291084645
319.0	11658.836101787325	-349.783277141278
320.0	11662.870834387366	-358.93201350279105
321.0	11941.589785632512	-395.43402122174786
322.0	11666.905566987407	-368.08074986430665
323.0	11679.326295012761	-368.50783907628403
324.0	11867.268241185413	-535.3844638237565
325.0	11670.940299587448	-377.2294862258199
326.0	11944.572091546317	-33.030182388865796
327.0	12108.293895210098	-481.8940942198836
328.0	11673.917640035237	-356.2503267792126
329.0	11695.148695187696	-432.12190439491565
330.0	11711.040493110502	-427.4548311099982
331.0	11699.18342778774	-441.27064075643375
332.0	11707.227004616618	-459.58515397643595
333.0	11724.668920123564	-459.95601763335435
334.0	11711.287625587865	-468.7168498409781
335.0	11716.415344576099	-471.91950493559096
336.0	11723.391823387989	-496.16305892551986
337.0	11737.33325755882	-499.03314578548697
338.0	11727.42655598803	-505.31179528703797
339.0	11760.996338814259	-543.3199513046003
340.0	11740.02307929218	-505.132303359831
341.0	11731.46128858807	-514.460531648551
342.0	11745.056464476855	-516.9294240638774
343.0	11735.500924643793	-523.5702588970879
344.0	11695.427273717134	-405.00833899564896
345.0	11748.393854102842	-545.1298318643559
346.0	11751.545195911021	-534.5690456931552
347.0	11740.66179381578	-526.7582942538702
348.0	11517.190781888348	-21.1059516330297
349.0	11522.520308666795	-32.20455535919299
350.0	11538.077049079182	-19.628319090790075
351.0	11530.874313798608	-51.00586270113479
352.0	11550.974447093604	-32.51580012140281
353.0	11547.976297473282	-57.01074706591802
354.0	11538.887110174275	-69.3751050289145
355.0	11574.508840678682	-76.97299611167303
356.0	11550.991307974398	-96.82131411346195
357.0	11570.230166428853	-120.85706804507936
358.0	11567.130238374562	-133.4162595595203
359.0	11591.702962907004	-169.96776895807366
360.0	11587.303901374771	-179.15994136709932
361.0	11613.3638387819	-218.99106027603798
362.0	11607.47756437498	-224.90362317467847
363.0	11643.790157775353	-307.2422504283136
364.0	11690.085459208634	-392.8927749902893
365.0	11680.103143214465	-389.5807047868722
366.0	11688.172216375815	-407.878350404985
367.0	11744.340751909845	-536.1039313869142
368.0	11747.779436393963	-523.0139619003918
369.0	11961.684600505961	-437.80250716270046
370.0	12159.818175277995	-200.23150021385663
371.0	12299.210089504535	-496.6817612792742
372.0	12564.641488307561	-416.5976068659631
373.0	12330.491823333317	-318.0981624857377
374.0	13077.39663167134	-370.04166801614593
375.0	12845.266593017703	-93.46556550473906
376.0	12942.109998237114	-461.99672132102637
377.0	13037.772933958413	-185.58600517941764
378.0	13707.797201208603	-195.33609617868933
379.0	13371.293450561598	-183.78371834283948
380.0	13547.23261461091	-461.7951026130557
381.0	14347.364928991365	-187.52422178625906
382.0	13853.728264315598	-474.62345371377916
383.0	14302.818115918255	-373.61364908165143
384.0	14595.610950433385	-375.9764355556481
385.0	14655.163213721933	-92.6312792386816
386.0	14859.569889276703	-184.47624877227886
387.0	15050.476169280048	-466.07085477027186
388.0	15523.491580343403	-198.1745546533251
389.0	15190.19825402678	-185.4313329801686
390.0	15357.551760793312	-468.63106094160185
391.0	16160.608096104485	-190.22293115098
392.0	15664.442931613237	-480.4517009601402
393.0	16112.525573195717	-378.76879522144026
394.0	16406.17708667665	-380.6824882171805
395.0	16472.67794254154	-92.90769565434796
396.0	16675.16474048316	-185.91680645126326
397.0	16860.967145683462	-472.1478695837256
398.0	25258.915687012166	-514.6864629791272
399.0	26064.710975679525	-204.8724524592059
400.0	25723.5423890782	-207.52300336934908
401.0	25737.468625876467	-409.1698635735044
402.0	26418.92811729734	-193.43926504776513
403.0	26225.678440855496	-505.50861121250335
404.0	26801.159252942132	-199.44227601838065
405.0	26405.38378038589	-395.9876648953811
406.0	27208.397080499388	-192.01309066925023
407.0	26795.178981721485	-402.54389519329783
408.0	27668.783262495093	-289.45069909473654
409.0	27218.760038091543	-395.7056188658806
410.0	29059.01047847154	-104.6885507570405
411.0	28816.41284197982	-104.6885507570405
412.0	30424.535192844633	-190.48703696306862
413.0	29967.474152489012	-292.8604080058457
414.0	30795.920478799497	-314.36489789156207
415.0	30432.54341594106	-398.8561714302382
416.0	31398.945238516026	-297.2812316698713
417.0	31872.072595324276	-194.09934688711897
418.0	32316.045542797045	-195.3657686858569
419.0	31863.654368669977	-404.4809458058528
420.0	32877.648531566425	-182.13814813438026
421.0	32342.584772307786	-406.41818908844544
422.0	32817.84639899634	-393.8613900208236
423.0	33305.038540745445	-186.47723708031845
424.0	33725.515465636236	-200.80031738505446
425.0	33280.19386434041	-398.8713004506165
426.0	34161.54712059162	-199.22570412211402
427.0	33735.62824539624	-413.8652022392073
428.0	35157.81259549865	-416.82486077434595
429.0	35591.12665826472	-418.0873656345507
430.0	37489.12238175477	-421.3702191660257
431.0	38008.49681822492	-203.43570440943586
432.0	41064.27041519139	-558.9055518003321
433.0	39182.386725196804	-216.49072753897295
434.0	38425.6860389568	-439.8380927254081
435.0	44218.71720037665	-449.3484556744754
436.0	44673.32504006289	-449.73458447470085
437.0	28374.20545533132	-515.1353445596957
438.0	28621.96178330296	-209.12301973708963
439.0	19822.317891189003	-496.8118962598099
440.0	20259.76749076555	-209.7070741699475
441.0	34928.97863916697	-537.8093689737765
442.0	35164.12626548938	-201.74751146862886
443.0	36350.529076789455	-541.2848114642915
444.0	37014.88397560959	-218.78069012796914
445.0	36612.446739737665	-217.60874835865252
446.0	36801.33872501806	-544.6831919234861
447.0	37441.94758916615	-202.93876244103498
448.0	37027.10131203318	-436.54132536910515
449.0	37969.33024873273	-422.5379826182814
450.0	38817.82750033831	-221.49647566287362
451.0	38429.895152283956	-220.0649930327078
452.0	38848.57584317619	-441.9403968394286
453.0	39097.3279097219	-552.4350356384318
454.0	39536.64385968484	-216.89040025320477
455.0	39642.79877478588	-554.1763513203731
456.0	34206.617356516675	-412.9614104601216
457.0	34734.861974596104	-199.92684356292497
458.0	40286.53569160327	-446.1900789065115
459.0	39900.424439461705	-222.40761527844492
460.0	40080.5330460382	-555.3735205351298
461.0	35981.41413314379	-108.91717522254719
462.0	35562.48287209041	-202.33919484497892
463.0	40637.69666171334	-219.2108334530882
464.0	40272.2137985161	-223.73369327839222
465.0	40686.97601096554	-442.33804056506216
466.0	40992.438933090765	-218.58902702997148
467.0	41721.84643730023	-454.86109451123986
468.0	41352.986183599576	-226.2194175879898
469.0	41501.503169717944	-562.5059801709726
470.0	42095.152213586036	-229.6419459488267
471.0	41723.9509939638	-230.3922444315564
472.0	42128.005113087514	-454.7816175123649
473.0	42457.23364140136	-220.44718908400682
474.0	42525.04399706788	-446.2576821313998
475.0	42812.83088135549	-221.91965984080403
476.0	42923.241639267995	-567.2530813481685
477.0	43564.68368364756	-453.632638193864
478.0	43177.02311347552	-227.42446264749256
479.0	43360.175174862416	-566.0966394243147
480.0	43917.23539112864	-221.92268774096738
481.0	43548.257233896824	-226.48050217876153
482.0	43968.61929704442	-449.7456452399246
483.0	44288.63211270673	-221.5254981755182
484.0	11720.45007717614	-481.0682412971041
485.0	11829.75618070393	-538.0804337189285
486.0	11812.51469174654	-478.27897746797925
487.0	11704.311146775979	-444.47329585104825
488.0	11754.253387237339	-540.5453675167589
489.0	11844.400737067013	-458.27886503624904
490.0	11692.20694897585	-417.02708676650064
491.0	11763.931628566666	-527.2970649469789
492.0	11778.084873278114	-541.8245894529256
493.0	11723.752201721398	-468.5781924932356
494.0	11800.693894475922	-540.2489509265041
495.0	11711.552236725076	-440.16262441407406
496.0	11769.018477145328	-518.0787685381583
497.0	11902.010896057263	-462.3573068200373
498.0	11684.137875814507	-398.72944114838793
499.0	11704.32990616932	-413.6475972017773
500.0	11813.490295236365	-530.1731038028478
501.0	11676.068018575686	-380.43214132043266
502.0	11944.398762523386	-509.53619167068683
503.0	11846.419981483377	-525.1715492277918
504.0	11687.395637475274	-386.7936174159452
505.0	11842.043363174997	-502.33508820815524
506.0	11916.186266838238	-531.2967280343527
507.0	11682.01611674612	-374.6069966506281
508.0	11882.61625705482	-488.1929156843544
509.0	17485.054379721474	-484.13412182205667
510.0	17710.393707153533	-211.83405727570548
511.0	12010.369738822927	-77.76391307463928
512.0	12093.4399896814	-419.2015834369716
513.0	12005.752503252234	-448.4176639575817
514.0	12062.32043287239	-520.7001045681886
515.0	12374.670419558248	-127.21926184959496
516.0	12173.054503927393	-108.15409050505453
517.0	12187.422907969556	-366.1689519975698
518.0	18077.937135248052	-212.58238815067793
519.0	17809.855309857016	-490.07151431904913
520.0	12598.367104515333	-171.87193873101447
521.0	12469.555801316987	-492.01605443177135
522.0	12531.937440098076	-296.64480174188066
523.0	12397.830806050275	-251.99212486046113
524.0	18126.811966069232	-403.9940951253839
525.0	18441.280098064643	-207.75911120456294
526.0	18469.349174205563	-399.58022430844693
527.0	18801.575229407445	-207.62958767779978
528.0	18808.838550868113	-399.86010691086176
529.0	19162.461767567278	-208.3012373835736
530.0	19527.89415728537	-213.80970640627007
531.0	19296.417809997773	-490.0139483704877
532.0	14008.128027002997	-380.03073757060565
533.0	14031.869085395849	-194.35071640439128
534.0	19621.33176405779	-495.993084001454
535.0	19941.212276485738	-408.43863041940864
536.0	20284.300857070808	-403.9846240488993
537.0	20620.35136303511	-209.59614386822068
538.0	15819.552180302226	-384.1280579358216
539.0	15846.828948530741	-195.99159999453937
540.0	20624.07897466012	-404.2830998763505
541.0	20981.057897023147	-210.29828735803554
542.0	21345.767591090495	-215.88513243591055
543.0	21108.26563247549	-495.9258762833613
544.0	17349.353864911234	-207.0683527136231
545.0	17005.940066889787	-196.71972499200396
546.0	17168.142031598152	-483.66818524025484
547.0	21713.797778881013	-216.50098204268338
548.0	21432.696809730434	-501.9823292184922
549.0	21755.601190030862	-412.8255625675251
550.0	22078.350089895768	-211.5442726638236
551.0	22099.347746365358	-408.27825931784326
552.0	22439.135235143553	-211.53097583052295
553.0	22799.612161897847	-212.31735364315682
554.0	22439.32713693289	-408.6743686137206
555.0	23163.78056212131	-218.07507774236487
556.0	22920.059046663813	-501.90605894404615
557.0	23532.095553476567	-218.32985686891092
558.0	23244.255800918152	-508.01783896453315
559.0	23570.36325479075	-417.11087416882043
560.0	23897.14745504934	-213.94647228745453
561.0	23914.60940168327	-413.136895716542
562.0	24257.86736533565	-214.11727033754627
563.0	24618.36736244429	-214.31992857012665
564.0	24411.42694746971	-506.42569741246353
565.0	24984.19653883897	-220.1242573617225
566.0	24732.140698763902	-507.93117390743686
567.0	24939.241221432138	-420.54289917834393
568.0	25394.823750992626	-417.4129109750251
569.0	11731.509127654726	-486.75954267470416
570.0	11753.885990551264	-527.4641665865153
571.0	12224.88173066933	-285.4027091836736
572.0	12000.66714861882	-145.48986894418098
573.0	11671.227818301873	-350.151169204871
574.0	11809.536914766702	-512.3696735556174
575.0	11856.400038867943	-482.5312796393894
576.0	11703.54747868292	-422.76984249289916
577.0	11662.84174686564	-331.6276053365024
578.0	11821.426181925883	-497.4405424520616
579.0	11783.182022041365	-520.1569359520581
580.0	11715.709339261899	-451.2691317314384
581.0	11792.076274810153	-508.57916265898774
582.0	11759.935863407174	-508.6261090119224
583.0	11728.819305921366	-480.6603851003626
584.0	12117.88825536732	-356.69286806312203
585.0	12063.32527330197	-204.53709626411728
586.0	11701.641995718803	-336.4393965514949
587.0	12037.083868718919	-407.78878410621354
588.0	11936.714975751502	-470.61349362110195
589.0	11879.28076488409	-110.94377399865334
590.0	11747.392646348846	-510.38363106042624
591.0	11760.902232467104	-498.4977652271191
592.0	11739.229856449121	-492.37305570696
593.0	11731.028444078423	-474.11641756339424
594.0	11732.829366061365	-453.44883857190626
595.0	11705.924812950829	-378.6011100454198
596.0	11718.399160995257	-457.3682893057824
597.0	11717.848598593962	-443.73876470287604
598.0	11696.24713812302	-395.9690177429341
599.0	11698.11709545049	-411.107496569993
600.0	12057.626632169413	-312.1365751159804
601.0	11660.15192513228	-325.52844776216324
602.0	11886.924529190479	-431.25403871517966
603.0	11654.82107849211	-312.94759680239804
604.0	11688.215624618735	-377.7659905466062
605.0	11646.743416360338	-294.6133455705373
606.0	11680.117662684155	-359.42084216348303
607.0	11638.979558925894	-276.45872834005905
608.0	11671.702579737117	-340.8380811467311
609.0	11630.944666722417	-259.19219187040045
610.0	11662.020394260757	-318.8824026801158
611.0	11928.3515585859	-152.82160198519463
612.0	11626.815738176521	-248.20752635516692
613.0	11663.892642609986	-297.63833662383695
614.0	11652.13125675875	-306.8484392280516
615.0	11656.644783944086	-267.218564753782
616.0	11644.05359462698	-288.51418799619813
617.0	11718.064371970833	-164.0154049534564
618.0	11610.674017048541	-212.89190270169397
619.0	11639.863237074744	-267.8807229028753
620.0	11597.082606373726	-182.1660841067593
621.0	11626.352554459081	-235.52860491404863
622.0	11824.082554685723	-119.16074188321363
623.0	11627.941072623524	-215.9066540108955
624.0	11619.625209397856	-221.56003277077738
625.0	11586.364860602305	-157.4107938131007
626.0	11611.496838571167	-203.79646033036747
627.0	11595.62965606414	-141.88830770893887
628.0	11603.285071363078	-185.26895688412333
629.0	11741.670017467271	-93.30563369304097
630.0	11603.852529410397	-160.6662205743487
631.0	11575.55823241159	-132.90350262875776
632.0	11593.705668346382	-163.31343903249217
633.0	11569.666810716111	-108.33835558869032
634.0	11583.675038868942	-151.31163623875668
635.0	11677.347636901903	-71.76965021944488
636.0	11667.424060380568	-92.30271688743476
637.0	11577.565174077687	-126.2903923812167
638.0	11554.397580753352	-84.79879686042113
639.0	11567.540344695493	-114.75791047073774
640.0	11627.888959783633	-56.585607438823594
641.0	11579.678534918276	-105.73497049561895
642.0	11563.24860110737	-93.62713591423623
643.0	11567.80605848221	-58.37972741268459
644.0	11555.52641490883	-75.50987955403252
645.0	11538.834666942137	-47.930422044526495
646.0	11577.416616281525	-32.58370713474627
647.0	11558.93054504104	-51.159545249196526
648.0	11583.945291021839	-57.32454696642284
649.0	11530.369955657423	-30.163177125357226
650.0	11541.46781985108	-54.10134922362098
651.0	11588.118710116347	-69.65575555798812
652.0	11564.544740771931	-70.35280839195427
653.0	11572.99662430292	-87.90882754039194
654.0	11621.932971967108	-74.8635869941645
655.0	11638.344468938427	-90.90498102521815
656.0	11601.391445503896	-77.91235398722104
657.0	11582.039972981007	-94.43145722063007
658.0	11587.78057964708	-123.06314180684906
659.0	11596.824924744316	-91.75222422114409
660.0	11601.327039718204	-103.39201838213194
661.0	11612.017311174648	-179.70524213748527
662.0	11611.860735001466	-108.51286475251254
663.0	11597.117801860755	-130.0674931242902
664.0	11620.068488816361	-198.2080149583538
665.0	11653.298223661657	-126.8836795085396
666.0	11605.166063812727	-149.05565885051328
667.0	11731.709547109605	-119.40678439717885
668.0	11608.98330283067	-124.10205127828765
669.0	11613.271885515947	-167.85599332763377
670.0	11643.575979468245	-251.31544431579337
671.0	11676.40855600829	-113.04432256896446
672.0	11621.317618875844	-186.51162426910983
673.0	11647.670335017532	-261.2691735776534
674.0	11641.387247990258	-200.3009771995397
675.0	11628.906441386078	-204.699657356968
676.0	11632.505807628235	-181.46071130311853
677.0	11814.343282199137	-156.50615788172823
678.0	11671.928995640657	-316.3579242377576
679.0	11638.010571057232	-221.58874321344533
680.0	11680.269586810313	-335.2649765639483
681.0	11656.07760166481	-279.34560563681345
682.0	11688.688112267213	-353.8464344383756
683.0	11716.447955434443	-282.24232929282635
684.0	11665.157746223515	-286.407873508974
685.0	11745.390394388081	-145.73340741247617
686.0	11668.290738603659	-261.578786736638
687.0	11909.457343685126	-198.64616057274057
688.0	11696.801954046217	-372.17015521302284
689.0	11742.590641374036	-249.74079271025403
690.0	11673.28588265978	-304.8462605595293
691.0	11681.317355318737	-323.53002231136634
692.0	11689.710185824812	-342.05323568415287
693.0	11712.755439009597	-407.93274356908904
694.0	11697.827984889982	-360.3871748047677
695.0	11946.263667589506	-246.21100653198906
696.0	11850.647277496726	-194.1137485847139
697.0	11855.530588387104	-432.83723297635635
698.0	11843.666247243722	-383.05292372462526
699.0	11728.698866265126	-443.330743215772
700.0	11704.845465343149	-390.3225940237414
701.0	11754.20869633348	-396.74056472547574
702.0	11722.232161190826	-414.9500126066584
703.0	11741.153100930564	-471.6459442709238
704.0	11742.03730451134	-459.60054013931705
705.0	11748.910703432404	-490.54561840992636
706.0	11762.52951647885	-478.5442694333251
707.0	11749.969720623469	-479.41205329802807
708.0	12010.699091970906	-352.8329687095975
709.0	11726.315181009524	-391.6657184520057
710.0	11717.834962247123	-372.9532610058765
711.0	11713.796044644216	-396.6966404309375
712.0	12027.816007173436	-259.4336752643794
713.0	11915.863929569932	-319.09000716597075
714.0	11959.272911630775	-351.09336262001307
715.0	11770.327720151756	-491.4555358259774
716.0	11754.95414306268	-455.745699846826
717.0	11766.629735337288	-466.92332011372974
718.0	11793.548707380338	-478.3507395138101
719.0	11901.533794011268	-397.14173957529175
720.0	11709.778376345725	-354.638229629995
721.0	11821.132571194721	-458.9211086209325
722.0	11837.424948303595	-411.2540418428859
723.0	11787.36046649648	-446.3810530768339
724.0	11540.211684077854	-39.63680992890537
725.0	11549.951523454454	-22.839252389130706
726.0	11624.125916443163	-242.10836878082532
727.0	11646.795800838378	-241.2124270264103
728.0	11708.862414991716	-434.06346683973
729.0	11731.316743197187	-434.6000478862431
730.0	11733.842704514323	-411.8432351044127
731.0	11782.977088787398	-464.4635324189294
732.0	11873.028161708426	-336.8127419106216
733.0	11811.712490326383	-418.6849566065139
734.0	11832.176282992043	-225.69845439973142
735.0	11757.299599987477	-443.08932617207273
736.0	11806.549964537602	-440.91039132466784
737.0	11876.381152148024	-370.5238157182078
738.0	11693.552920142896	-318.15582289876085
739.0	11745.956750651065	-420.7287144929069
740.0	11819.90491245035	-364.45092082181026
741.0	11729.274751004754	-379.6438230052663
742.0	11685.463296550797	-299.8513961188607
743.0	11744.123061592929	-346.13105515219405
744.0	11720.662494798255	-360.7733609987069
745.0	11776.642652180797	-325.8770774184789
746.0	11712.570313616949	-342.4836501309449
747.0	11677.28684933827	-281.3678499364323
748.0	11704.436961528467	-324.2769380186849
749.0	11702.440561802732	-275.9467244457749
750.0	11696.341974355833	-305.98886038448353
751.0	11688.19915961576	-287.6034486106267
752.0	11647.678384197496	-211.60503014236505
753.0	11679.852659439142	-268.6658040471278
754.0	11765.747345390877	-195.9052179829499
755.0	11669.139108535162	-248.36321161329883
756.0	11625.983751223945	-162.33153452401166
757.0	11643.737484172934	-188.75842183493418
758.0	11694.976739019412	-151.26520669776073
759.0	11660.560613304988	-153.30452276415357
760.0	11617.9745700527	-143.55082097332343
761.0	11635.917365635038	-169.12987036787186
762.0	11629.372901358367	-149.63692389353673
763.0	11629.94524963177	-105.2390964565978
764.0	11620.303663274028	-130.41802798574645
765.0	11635.91450872728	-120.47618925838954
766.0	11758.535945695852	-380.91695971655037
767.0	11721.299642778133	-425.34985485644575
768.0	11660.789432325952	-211.66021172158312
769.0	11637.180608311466	-232.09547612334185
770.0	11773.632486389688	-162.50674579462552
771.0	11675.317198560262	-195.53748344975853
772.0	11696.826869938517	-263.20957270433183
773.0	11698.128086891937	-123.47548750774149
774.0	11649.085709514076	-142.91162115610982
775.0	11656.072305931282	-180.38228586353458
776.0	11672.106937476323	-181.07194171266505
777.0	11650.781419560371	-166.8281613454407
778.0	11716.023745494194	-185.79630007028027
779.0	11732.437792792087	-317.52547937570733
780.0	11729.315992286894	-335.62218583742896
781.0	11905.532643842438	-279.2554985108242
782.0	11713.085231052508	-300.03651772330096
783.0	11718.487079931807	-312.2244851364133
784.0	11744.171938056004	-371.9495436322468
785.0	11793.731749985449	-404.4380416828135
786.0	11768.282116993762	-345.8594745856778
787.0	11738.261501375513	-359.12765081442194
788.0	11773.358569971164	-436.18446709688095
789.0	11744.363307746622	-433.0856850249499
790.0	11774.56732767135	-416.4668904210145
791.0	11776.784564416193	-367.82348633220926
792.0	11755.605397285157	-308.0519515232736
793.0	11795.68287316929	-378.4051240163705
794.0	11700.25172784045	-248.84958091000104
795.0	11677.967957739733	-160.816688370401
796.0	11723.167129523505	-238.29247188725762
797.0	11812.699426920384	-317.3042893881405
798.0	11787.987146695645	-221.48933588507012
799.0	11759.05754889608	-287.5558326841153
800.0	11658.085862565467	-238.81235621503583
801.0	11736.885118698405	-399.79504408791155
802.0	11760.101800592107	-411.01477896416327
803.0	11833.504348951741	-334.00301103221136
804.0	11773.461566008313	-247.142909043112
805.0	11736.5499957456	-273.1495631064463
806.0	11784.729309561842	-273.1516093679772
807.0	11693.917730743939	-198.16747733969532
808.0	11684.12588727258	-241.09023712945782
809.0	11664.981121643403	-224.5778144237338
810.0	11682.32658793794	-226.32473455406338
811.0	11735.464626912632	-200.91277471762442
812.0	11850.25532543337	-263.27535836659325
813.0	11817.333932690502	-285.0749401767971
814.0	11696.735430804163	-216.0371257418495
815.0	11721.45013182186	-220.2455192945005
816.0	96.58468599768649	-456.80287690758047
817.0	8092.723179062455	-104.59494378199982
818.0	11478.73030834192	-3.6162997181633423
819.0	11465.578951221274	-4.702974657714549
820.0	11448.524702480385	-6.0444026588080915
821.0	11426.187425965649	-7.770701053094247
822.0	11062.97318202717	-38.78609783952485
823.0	11454.203528225653	-31.21160487826546
824.0	11530.05343585498	-102.25140073720131
825.0	11360.162671846441	-13.163546854489747
826.0	11538.009315030844	-120.54401871835103
827.0	11545.965194206708	-138.83663669949888
828.0	11279.663974831075	-417.49824160490726
829.0	11561.946031929523	-175.38556059913458
830.0	11328.40768355923	-517.2079752439182
831.0	11569.832831734302	-193.71449064294566
832.0	11577.788710910167	-212.00710862409358
833.0	11391.966353716578	-141.94058161818808
834.0	11577.396947252846	-230.41682619873686
835.0	11389.891440621412	-445.77647319821455
836.0	11382.81044336086	-493.733611764073
837.0	11583.459914365909	-255.69785864054043
838.0	11591.448731977982	-274.0126142865515
839.0	11625.523985965352	-321.7628165109857
840.0	11470.175704870142	-505.80774874318223
841.0	11622.236676381553	-333.79463117104643
842.0	11649.391623492944	-376.6406704544334
843.0	11537.908213213144	-515.0000911525981
844.0	11541.671601795337	-485.9533054481799
845.0	11590.325522175453	-522.4000497507863
846.0	11669.92980256241	-443.4860233014139
847.0	11631.352159788257	-527.5183431548959
848.0	11662.899044176002	-531.3436780307762
849.0	11709.452096163537	-514.3037106637121
850.0	11687.16352591423	-535.4991945599612
851.0	11713.021875691333	-543.2722819135346
852.0	11726.111588443746	-544.6569548806256
853.0	257.70442411063965	-374.68276071682493
854.0	520.8067366994036	-98.64619014257778
855.0	894.2829012365823	-103.5163678599394
856.0	1257.6233471262515	-99.58332392109378
857.0	1597.8962501108497	-452.76680554187305
858.0	1614.5256998956472	-90.74437054986068
859.0	1975.9126204716442	-99.9894774810053
860.0	2336.8131133807624	-103.76312657791141
861.0	2697.1831900421626	-99.55826556358306
862.0	3044.627715870313	-453.2805864229984
863.0	3054.575635242111	-90.81285840794453
864.0	3415.754832458828	-100.3001256770317
865.0	3776.7280689473296	-103.80825177446286
866.0	4136.726925143809	-99.57096499381184
867.0	4491.50706720589	-453.7635105574748
868.0	4494.773456164688	-90.85048951937931
869.0	4855.533773482424	-100.33722306429672
870.0	5216.572447827953	-103.94954759309242
871.0	5576.381151310218	-99.55811574715138
872.0	5930.521046257497	-100.16742932217782
873.0	6091.171175549717	-372.8679147810105
874.0	6431.603009819169	-376.41108563584066
875.0	6653.950859311194	-103.66607087470386
876.0	7015.282121370667	-99.80196562339597
877.0	7370.230922532327	-100.17955878359423
878.0	7688.909244864143	-455.10590180988856
879.0	7725.434533392542	-91.2132361211017
880.0	11492.84216982236	-7.623870955820597
881.0	8454.399959504995	-100.02186341400905
882.0	8809.910194835878	-100.11975670138766
883.0	9135.990584757574	-455.82658589462704
884.0	9165.834342872973	-91.48862718279861
885.0	9533.118711614989	-104.27967736809524
886.0	9891.896162837775	-99.96130742783969
887.0	10233.907928022438	-95.39379305340951
888.0	10416.542529927128	-366.4039120970328
889.0	10658.126851983443	-147.3208673631801
890.0	10845.426807680378	-225.91971390394278
891.0	11519.249679465387	-68.88278063251964
892.0	11570.962894108505	-187.78479750998613
893.0	11610.742289987827	-279.2478874157293
894.0	11638.587867103352	-343.27205034974924
895.0	11662.455504630949	-398.14990429319613
896.0	11682.345202570606	-443.8814492460676
897.0	11698.256960922337	-480.46668520836425
898.0	11706.177433934958	-498.8320044773256
899.0	11718.864955301315	-528.0341841250282
900.0	11721.516915026603	-534.1317234520778
901.0	450.87379610601283	-460.31239071615687
902.0	119.8956661954834	-95.2257349386097
903.0	649.0936803674914	-383.01792294045873
904.0	970.8973722429715	-465.3606856427352
905.0	1287.6158577370472	-461.51670030849783
906.0	1912.6612102912532	-462.10097107762596
907.0	2111.322547144611	-384.83061550837914
908.0	2420.109114800151	-466.0527373837487
909.0	2733.8572310659583	-461.93693497402865
910.0	3359.184952691436	-462.85691229669396
911.0	3555.67248555906	-385.4090354124778
912.0	3866.7056007797178	-466.54315560334175
913.0	4180.082496580604	-462.394927427299
914.0	4805.645424128033	-463.3393027070005
915.0	5120.062138077968	-467.0406858404045
916.0	5313.231510073339	-467.1297444450128
917.0	5626.418253160012	-462.8273712036801
918.0	5933.936187711696	-463.5257433833149
919.0	6564.122079974207	-467.2025021450575
920.0	6757.29145196958	-467.29156074966585
921.0	7072.000753633457	-463.51651410296625
922.0	7380.327594399524	-463.9831658677728
923.0	8009.575930138464	-468.576668075395
924.0	8202.745302133837	-468.6657266800034
925.0	8517.800122180786	-464.1817049166209
926.0	8826.688397116073	-464.3686568086078
927.0	9456.652993103997	-468.706694684532
928.0	9649.82236509937	-468.7957532891403
929.0	9964.556527982231	-464.56644195349304
930.0	10275.773264096613	-460.08798618367126
931.0	10566.639992439787	-453.4215774152444
932.0	10826.921574903083	-482.04977771752056
933.0	11503.337921113658	-32.29754467022164
934.0	11037.144401708798	-499.73795078178097
935.0	11527.205558641253	-87.17539861366674
936.0	11200.661974176452	-509.06898921546895
937.0	11547.095256580913	-132.90694356653992
938.0	11121.395643900885	-67.01192353757597
939.0	11555.05113575678	-151.19956154768826
940.0	11559.02907534471	-160.34587053826303
941.0	11539.139377405047	-114.61432558539163
942.0	11413.339699727347	-17.958003949418828
943.0	11515.271739877455	-59.73647164194306
944.0	11507.315860701592	-41.44385366079458
945.0	11499.359981525728	-23.151235679646273
946.0	11495.338851122337	-13.364385138049661
947.0	7875.125609189992	-377.776777398647
948.0	8274.322171079093	-204.61680719600886
949.0	11488.69687427212	-4.914229005006746
950.0	11511.293800289523	-50.590162651370115
951.0	11472.903926219346	-8.31927437587789
952.0	11484.2099831792	-8.530528723170088
953.0	11523.227619053321	-78.02908962309318
954.0	11458.005679026823	-10.74737731652264
955.0	11470.72406375571	-24.703057638038143
956.0	11531.183498229184	-96.32170760424151
957.0	11438.633446399574	-13.815103711902339
958.0	11499.567772759094	-64.8982645705596
959.0	10926.052445699383	-50.04870855103445
960.0	11249.74755857898	-21.88833519428029
961.0	11514.141677503249	-65.66616477490366
962.0	11521.7406304349	-102.98712071430494
963.0	11526.075496267049	-93.10509174662614
964.0	11385.711258585477	-46.694444668618566
965.0	11563.076094303726	-169.45586746617465
966.0	11312.028967570079	-17.05731392581932
967.0	11535.161437817116	-105.46801659481628
968.0	11526.683497868298	-114.58180220757231
969.0	11380.935914084022	-23.35084975081433
970.0	11542.347127380504	-150.17572507538003
971.0	11539.695167655213	-144.07818574833087
972.0	11543.117316992983	-123.76063457596457
973.0	11578.918773284371	-206.0774154911345
974.0	11551.073196168843	-142.05325255711287
975.0	11371.321228403764	-66.41646805055704
976.0	11168.96274661879	-28.225825698051114
977.0	11284.46284686435	-38.94564912009961
978.0	11338.694784288913	-30.220860780309067
979.0	11292.294471360838	-77.68598839950164
980.0	11586.874652460234	-224.3700334722829
981.0	11590.85259204817	-233.51634246285641
982.0	11566.984954520574	-178.63848851941137
983.0	11126.78072597887	-461.3854053883349
984.0	11552.133162009835	-184.28412566954663
985.0	11626.654048339557	-315.83312337802596
986.0	11594.830531636102	-242.662651453433
987.0	11574.940833696439	-196.93110650055974
988.0	11598.808471224032	-251.80896044400637
989.0	11573.810771322234	-202.86079963351963
990.0	11602.786410811963	-260.9552694345778
991.0	11582.896712872303	-215.22372448170805
992.0	11606.764350399892	-270.10157842515446
993.0	11581.766650498097	-221.15341761466757
994.0	11585.342125413503	-248.99190391332453
995.0	11585.744590086031	-230.29972660524155
996.0	11614.72022957576	-288.394196406304
997.0	11589.722529673965	-239.44603559581728
998.0	11618.698169163692	-297.54050539687756
999.0	11593.7004692619	-248.59234458639307
1000.0	11622.676108751626	-306.6868143874512
1001.0	11597.67840884983	-257.73865357696377
1002.0	11599.369692756321	-292.22985420804935
1003.0	11601.656348437757	-266.8849625675377
1004.0	11428.046049650575	-524.0682480902734
1005.0	11575.472585229232	-237.08177104680803
1006.0	11650.521685867148	-370.71097732147297
1007.0	11634.609927515421	-334.1257413591761
1008.0	11609.612227613623	-285.17758054868983
1009.0	11614.192223785287	-315.81485365566624
1010.0	11613.590167201553	-294.3238895392638
1011.0	11606.971174889592	-310.25035166913295
1012.0	11617.56810678949	-303.4701985298366
1013.0	11642.565806691286	-352.4183593403247
1014.0	11621.546046377416	-312.61650752041055
1015.0	11646.543746279218	-361.5646683308994
1016.0	11630.631987927489	-324.9794323686007
1017.0	11633.151098681425	-358.3514907754434
1018.0	11629.501925553284	-330.90912550156145
1019.0	11505.3746362636	-529.3234220927338
1020.0	11475.60280764105	-468.0631024390829
1021.0	11670.41138380681	-416.44252227434436
1022.0	11658.477565043015	-389.0035953026213
1023.0	11637.457804729149	-349.2017434827097
1024.0	11641.050452242032	-377.0138979901367
1025.0	11641.435744317081	-358.34805247328546
1026.0	11666.43344421888	-407.29621328377084
1027.0	11645.413683905013	-367.49436146385943
1028.0	11646.343849458382	-389.19553645789347
1029.0	11654.499625455084	-379.8572863120478
1030.0	11674.389323394744	-425.58883126491924
1031.0	11653.369563080878	-385.7869794450074
1032.0	11565.143066989325	-533.2925702401454
1033.0	11646.752799871096	-401.70681507138033
1034.0	11639.13274058168	-383.6390708606371
1035.0	11686.323142158542	-453.0277582366423
1036.0	11661.325442256746	-404.07959742615645
1037.0	11678.367262982676	-434.73514025549275
1038.0	11660.933427062357	-458.90002489656945
1039.0	11665.303381844677	-413.2259064167304
1040.0	11669.281321432607	-422.3722154073044
1041.0	11690.301081746473	-462.1740672272176
1042.0	11667.277842837124	-437.38848397436476
1043.0	11673.259261020541	-431.51852439787837
1044.0	11611.400842255069	-536.7480964805665
1045.0	11694.279021334405	-471.3203762177906
1046.0	11681.215140196402	-449.81114237902756
1047.0	11685.193079784338	-458.95745136960323
1048.0	11702.234900510268	-489.6129941989397
1049.0	11678.456136255985	-475.211990940966
1050.0	11689.171019372268	-468.1037603601772
1051.0	11647.355377846709	-538.4298518438394
1052.0	11677.8102726218	-462.16840355940866
1053.0	11665.488072561335	-517.4461367812237
1054.0	11697.126898548135	-486.39637834132395
1055.0	11710.499569146705	-507.85738338542706
1056.0	11675.085583875238	-540.588248160429
1057.0	11705.356161021322	-504.71346881562386
1058.0	11677.223431258064	-511.90291906761195
1059.0	11699.848821019732	-523.3528770145622
1060.0	11705.656286046991	-538.1742640876181
1061.0	11714.251308665103	-517.5685553159882
1062.0	11696.458837384087	-542.5968201092901
1063.0	11689.530874268765	-525.0487614622058
1064.0	11706.6789213281	-529.3807540906455
1065.0	11720.395903406185	-540.2275232923762
1066.0	11713.839542730215	-525.3342024127388
1067.0	695.7156407630852	-202.16255800251716
1068.0	281.01540430843664	-193.87192508118747
1069.0	1072.8452526034828	-203.09969178103316
1070.0	777.7280002475981	-465.2716270381268
1071.0	1099.496998007779	-384.0441153235831
1072.0	1433.4010526760976	-190.32769447095447
1073.0	1792.0033274350399	-190.73384803086597
1074.0	1436.7418178825967	-371.31664731580855
1075.0	2154.6037423337048	-203.75260405891672
1076.0	1772.0331124437428	-371.7673301780242
1077.0	2516.187313317773	-203.32139214149447
1078.0	2226.939742804778	-465.96367877914037
1079.0	2546.179823928569	-384.4884621955652
1080.0	2874.2628365926716	-190.3711239715276
1081.0	3233.147480422886	-191.11298408497623
1082.0	2880.944367005671	-371.58272332790244
1083.0	3595.6129155416547	-204.10837745149456
1084.0	3216.5180306380885	-372.36911274365525
1085.0	3956.898009640185	-203.3792167682747
1086.0	3673.536228784345	-466.4540969987334
1087.0	3990.231285457481	-384.76893333386624
1088.0	4315.2563982710935	-190.42145451319115
1089.0	4674.376248023259	-191.18771258367602
1090.0	4325.278693890593	-371.8557003810868
1091.0	5036.4882411000735	-204.28677065738916
1092.0	4661.087563444962	-372.66648775387586
1093.0	5397.648620341417	-203.5076633402438
1094.0	4999.8885763239805	-385.81007512989316
1095.0	5434.322661365212	-385.1200264173561
1096.0	5751.91022018451	-199.7255450693292
1097.0	6101.119094921516	-191.16649309928985
1098.0	5765.273281010509	-381.38243744874563
1099.0	6285.277024633673	-90.99906377711204
1100.0	6242.070205692281	-454.4464364428574
1101.0	6835.180007539305	-203.46803649809985
1102.0	6464.861909388764	-194.66513465181592
1103.0	6875.194813769599	-385.3030460867329
1104.0	7191.773072173989	-199.9815244069902
1105.0	7542.238485609414	-191.39279490469593
1106.0	7208.476898206485	-381.8610632979274
1107.0	7905.0437435530885	-195.80817990310152
1108.0	7535.631331444113	-373.3168630979373
1109.0	8317.677742515887	-386.6744632961627
1110.0	8631.822188266067	-200.1416201153967
1111.0	8983.569573047595	-191.60838388418628
1112.0	8651.866779505062	-382.2438055178547
1113.0	9347.091091240254	-195.76830455089384
1114.0	8980.303184088794	-373.7550985889484
1115.0	9716.044584674271	-204.2409847959349
1116.0	9320.513722083657	-377.9595485579601
1117.0	9762.740921317565	-386.52128740760946
1118.0	10072.973733820587	-195.3551004812492
1119.0	10530.411974888017	-88.64075782734032
1120.0	10098.937762321746	-377.6799323952279
1121.0	10400.641222354114	-184.03455088074983
1122.0	10848.217328128683	-108.72881808687423
1123.0	10751.880695781014	-58.68010953583977
1124.0	10701.787895621885	-388.24311201603
1125.0	11000.748255878692	-88.83480639055931
1126.0	11511.579664734223	-79.90334901977273
1127.0	11518.119617091184	-74.81247376547945
1128.0	11559.082386261973	-200.83000179110863
1129.0	11565.854892146368	-184.5681816523717
1130.0	11605.634288025687	-276.0312715581147
1131.0	11633.479865141218	-340.0554344921356
1132.0	11653.974430982033	-407.27672085497943
1133.0	11657.34750266881	-394.93328843558135
1134.0	11675.158312896512	-456.0708642323577
1135.0	11677.237200608472	-440.6648333884523
1136.0	11688.686820632252	-487.0770408746939
1137.0	11693.148958960199	-477.25006935074936
1138.0	11701.06943197282	-495.6153886197108
1139.0	11699.440274640709	-509.50000849981615
1140.0	10722.292140287496	-264.51176318024864
1141.0	11007.522889924629	-177.56019811800692
1142.0	11499.226800961638	-52.20607367723884
1143.0	11506.185798327386	-47.3735467937544
1144.0	10930.036559297014	-255.96499609555062
1145.0	10941.081951796601	-434.4528884039417
1146.0	11132.122809978508	-132.54322642076795
1147.0	11522.097556679117	-83.95878275605217
1148.0	11270.422949803256	-478.7873707927509
1149.0	11078.108996113182	-328.606193280134
1150.0	11533.458727764768	-140.79039478306018
1151.0	11541.987254618776	-129.69032770892497
1152.0	11267.511014318066	-110.43545897247789
1153.0	11213.90861936813	-50.114160892331405
1154.0	11551.664042276718	-171.24533716734322
1155.0	11549.943133794643	-147.98294569007285
1156.0	11557.968092341589	-166.23925160856064
1157.0	11546.540893191928	-160.98628750335547
1158.0	11553.921073382575	-157.12925468064864
1159.0	11531.968792628839	-126.23469054956406
1160.0	11534.031375442913	-111.39770972777706
1161.0	11397.47603018638	-10.187302896324582
1162.0	11519.500754822422	-109.38782905171517
1163.0	11506.722687613283	-69.04420048356057
1164.0	11510.163737915318	-56.51985578432851
1165.0	11491.82908917741	-34.57913534515895
1166.0	11502.207858739455	-38.2272378031803
1167.0	11482.816000559118	-17.35568489630926
1168.0	11486.101677522425	-31.734084203108978
1169.0	11498.229919151525	-29.08092881260635
1170.0	11487.343530715169	-22.36082282980927
1171.0	11494.20100474436	-19.276180838899162
1172.0	10968.187013821627	-340.7308566025584
1173.0	11693.660996097802	-499.1133432219188
1174.0	11702.210229920276	-516.0414806843795
1175.0	11475.35912394616	-17.144430549017063
1176.0	11569.152026058926	-212.21768265976502
1177.0	11080.474982150723	-193.04279245016446
1178.0	11140.64025835823	-383.97567968807124
1179.0	11441.62235733722	-27.807379124175288
1180.0	11494.481048902699	-40.676674672208115
1181.0	11512.352800864215	-93.00199384506368
1182.0	11417.270306666773	-36.01122653939925
1183.0	11492.630053499088	-48.725817413306835
1184.0	11692.853111679326	-507.11649876372576
1185.0	11686.034860906962	-480.97950154764413
1186.0	11677.496813351027	-498.3438305480037
1187.0	11685.305120207931	-515.3538553959328
1188.0	11632.706041312516	-510.0585967464079
1189.0	11686.386386719372	-493.79161133451754
1190.0	11668.452971167402	-493.36320085132866
1191.0	11680.462232347089	-468.2659428864578
1192.0	11593.469616482527	-499.4846604480396
1193.0	11647.5176051655	-501.20551607193556
1194.0	11668.437840022127	-479.9947013676386
1195.0	11653.110741827308	-416.4133411605665
1196.0	11661.983650453103	-425.24345019175234
1197.0	11668.980977224654	-452.9623610123593
1198.0	11641.935642411992	-460.4207251609508
1199.0	11601.605073724291	-457.5673429126873
1200.0	11661.110234231825	-434.3300256258535
1201.0	11631.243909255296	-364.99010383228534
1202.0	11659.331690727815	-419.1459108647032
1203.0	11615.898818086402	-496.3729607693319
1204.0	11652.47130926	-440.2387276609752
1205.0	11636.839279420703	-404.21059883477636
1206.0	11621.711992433322	-343.1122246578686
1207.0	11648.995809183674	-395.29307578494263
1208.0	11607.54677616693	-383.9608124711497
1209.0	11613.360956438337	-324.96574484629144
1210.0	11638.398492516746	-370.9163586630875
1211.0	11606.565035794296	-297.73785034921474
1212.0	11630.499138956135	-352.2539514483924
1213.0	11572.050549878588	-481.33039523298066
1214.0	11613.108801931805	-348.6411836444554
1215.0	11598.634862476152	-279.50173821343395
1216.0	11627.847179230848	-346.15641212134307
1217.0	11572.92743867098	-322.8153193263444
1218.0	11590.688195840099	-261.22799244656636
1219.0	11619.584716656265	-327.69709184399545
1220.0	11565.007145779018	-304.48953493352275
1221.0	11609.216995519586	-303.83538967626265
1222.0	11514.565127616692	-462.53199008421626
1223.0	11555.950796118968	-232.79880217700293
1224.0	11601.286822201442	-285.5992775404843
1225.0	11593.340155565384	-267.3255317736155
1226.0	11566.500066333634	-206.12014333271586
1227.0	11582.690165688213	-242.89436458627355
1228.0	11574.744987527558	-224.3192868716877
1229.0	11557.037299216578	-221.3912544942003
1230.0	11558.633129563146	-188.2565029072492
1231.0	11567.238365050522	-218.60016777439964
1232.0	11440.554149682031	-438.36646322031567
1233.0	11223.762531583627	-370.37013432736165
1234.0	11581.528930257415	-276.4894151250696
1235.0	11344.729705847602	-407.9617074902162
1236.0	11238.242220766164	-309.94128094762317
1237.0	11528.451636374442	-173.18331485672465
1238.0	11357.450457719015	-365.52433299835667
1239.0	11545.344845089194	-169.20898891975244
1240.0	11561.285089288433	-194.35404223429836
1241.0	11189.921585242248	-254.26356013348246
1242.0	11327.548768381117	-151.24260874627862
1243.0	11223.840450610733	-99.92094539112698
1244.0	11415.868972190607	-71.3878878377571
1245.0	11540.074949151995	-157.2493737557023
1246.0	11534.620752354129	-132.33222987661324
1247.0	11482.248671199844	-51.92923449607648
1248.0	11326.243804122429	-85.7069794834844
1249.0	11524.886111433647	-145.80460788892879
1250.0	11345.077996344779	-60.13018705857212
1251.0	11530.18562414243	-161.82451471832806
1252.0	11407.76011599433	-91.96002845799876
1253.0	11525.750977428428	-123.48908989639995
1254.0	11509.94680538207	-112.3658105012396
1255.0	11505.290737218458	-77.35169159546983
1256.0	11519.088670709614	-96.88958138725457
1257.0	11112.910633814665	-259.3229271052837
1258.0	11189.621743939011	-143.56391308003867
1259.0	11406.181981627264	-51.58412040410925
1260.0	11502.169314931702	-97.48543477731998
1261.0	11476.939087175924	-34.28757335863005
1262.0	11433.106943842722	-39.816199055347624
1263.0	11456.04405366545	-55.01179688000593
1264.0	11460.695593834442	-21.92230412370706
1265.0	11473.611096394312	-43.38481124697304
1266.0	11641.416417361672	-484.8300212916577
1267.0	11659.075234374182	-504.77248029730316
1268.0	11214.984867538813	-199.0041121376339
1269.0	11341.722682996007	-117.41108293986888
1270.0	11460.904007365309	-43.08959628093953
1271.0	11516.787682846509	-129.5150486680791
1272.0	11465.646808217956	-65.63250270294232
1273.0	11440.828161031293	-55.142625408504195
1274.0	11423.926327457864	-110.88344617464782
1275.0	11488.540710957403	-68.69472950000711
1276.0	11434.678514418687	-71.14142032620369
1277.0	11548.603397573992	-203.37006823148553
1278.0	11294.610833536193	-294.5647678655384
1279.0	11495.327163428856	-127.7899653111546
1280.0	11383.68309524927	-91.87828440628937
1281.0	11508.166253846028	-123.58574242877587
1282.0	11504.52823816814	-148.77720862572292
1283.0	11515.758861578443	-140.3236320906376
1284.0	11268.978992357232	-197.21366133911474
1285.0	11372.918742063868	-117.29610687068892
1286.0	11515.646152647625	-179.34618213565787
1287.0	11287.286432464765	-152.2879758628704
1288.0	11573.535505838116	-258.2092056980887
1289.0	11352.527565299175	-180.69885271504322
1290.0	11300.284322830696	-237.0965962528785
1291.0	11533.995792386073	-219.67915654070399
1292.0	11451.745466923969	-405.69361809486327
1293.0	11547.145991674353	-214.50006615641738
1294.0	11541.046217570454	-250.3785454155412
1295.0	11565.55347979194	-239.72142996879862
1296.0	11589.450200193887	-294.71151353559935
1297.0	11564.172631585772	-251.09414022933638
1298.0	11557.075995281388	-286.24671124082624
1299.0	11597.052951292093	-312.7384480849628
1300.0	11572.169965454377	-269.2649100061597
1301.0	11400.606874405186	-355.3033582970599
1302.0	11551.941991481895	-256.08206925506494
1303.0	11522.467853320384	-436.6558308090862
1304.0	11604.756372036643	-330.49503650759726
1305.0	11580.121548055793	-287.5089680430272
1306.0	11580.832658200388	-341.1501601002107
1307.0	11588.05329949701	-305.75637575611853
1308.0	11621.315363758096	-367.4734114401029
1309.0	11595.669415786093	-323.83224173280195
1310.0	11488.976343085293	-395.28006372739947
1311.0	11629.226241034388	-386.12599832148106
1312.0	11553.669131246357	-405.25508192844245
1313.0	11603.7029216157	-341.804112155414
1314.0	11600.179760307503	-365.35422823629295
1315.0	11611.967402957418	-360.26621804279847
1316.0	11578.760230422466	-461.3734537846406
1317.0	11549.936756322631	-431.0361886243815
1318.0	11619.8894273349	-378.9353633952742
1319.0	11644.482963132488	-422.0869897400377
1320.0	11627.849809323343	-397.2350173456586
1321.0	11623.868149868069	-420.78298056730574
1322.0	11615.360178186356	-402.5478501902077
1323.0	11635.433131836819	-415.4541531978466
1324.0	11643.390966923815	-433.7770311428212
1325.0	11631.45841159073	-440.7059831595646
1326.0	11659.744426225638	-472.8887778702895
1327.0	11651.917347565643	-452.28361955722175
1328.0	11621.917677622456	-481.66823272486846
1329.0	11630.557048773262	-455.30478528144766
1330.0	11647.186170463176	-474.5385818701252
1331.0	11508.906127191074	-159.5214694707679
1332.0	11522.559206177175	-156.71630948035104
1333.0	11538.6282292046	-195.36968607484428
1334.0	11486.679158172146	-77.92913039850055
1335.0	11501.878760686925	-58.30361300428816
1336.0	11514.231624459513	-86.00088834682067
1337.0	11554.316002002006	-177.34287649439239
1338.0	11541.281270476626	-185.80847273324085
1339.0	11605.380299652248	-440.2500607369778
1340.0	11616.30883708523	-466.26085342383277
1341.0	11620.985425830653	-434.34476912624024
1342.0	11585.671056167897	-423.82608190015645
1343.0	11599.791261754785	-426.9761851391225
1344.0	11612.78466631497	-414.8522590487846
1345.0	11587.69824127116	-405.6185858615166
1346.0	11591.688900234998	-347.30963747068427
1347.0	11604.393958729437	-396.4642802419057
1348.0	11511.003014157148	-407.30794341185174
1349.0	11597.185069940211	-377.586870709473
1350.0	11575.283474575306	-369.137724309651
1351.0	11589.307137901187	-359.23471915322017
1352.0	11554.081384463798	-325.11501762065274
1353.0	11561.784674718285	-363.36299387308827
1354.0	11583.75972333054	-328.98184001014505
1355.0	11575.837479331452	-310.683648720157
1356.0	11567.894313806479	-292.3597164769121
1357.0	11559.944264727666	-274.17145768803147
1358.0	11500.12497827111	-273.66360846927773
1359.0	11549.079165007526	-268.10368240568897
1360.0	11523.348050739209	-253.04887915973464
1361.0	11411.212443506187	-192.01085948443097
1362.0	11543.674174001359	-238.4679885980169
1363.0	11531.610477810684	-232.23953129950087
1364.0	11523.219520794895	-211.54195941627782
1365.0	11537.144913281272	-176.83087531049583
1366.0	11371.035785999002	-286.00112502923383
1367.0	11334.868641562067	-320.6557083902223
1368.0	11343.570559856287	-221.62715474539877
1369.0	11513.839999270573	-190.76631841307926
1370.0	11385.749091566779	-171.51180165613263
1371.0	11488.340582445351	-178.1526071560676
1372.0	11438.112416653088	-150.6226132758537
1373.0	11447.732177102254	-86.13550436397857
1374.0	11418.896918365519	-135.4461768704376
1375.0	11492.717969019039	-142.17284808554314
1376.0	11476.582791857705	-150.8395546425892
1377.0	11462.09326272545	-118.93084544185952
1378.0	11490.129032490333	-117.10113848115559
1379.0	11445.08884633771	-105.30538959218104
1380.0	11479.14433672335	-62.25472535297937
1381.0	11463.484578267373	-80.75741526921547
1382.0	11496.274269579015	-82.4401565809623
1383.0	11477.857510642352	-111.11009903599931
1384.0	11500.677215199394	-107.39977343256048
1385.0	11493.705691024914	-92.52402460104547
1386.0	11475.12055398751	-86.61403881774595
1387.0	11479.942069444622	-96.44732381112969
1388.0	11568.415250763535	-440.9060683699651
1389.0	11580.508822022084	-381.3892182540985
1390.0	11431.859820804153	-371.8973372966082
1391.0	11533.700703629911	-276.69669888551243
1392.0	11374.06421499872	-244.44074299707017
1393.0	11574.17481079053	-396.9174656353862
1394.0	11488.021753425417	-358.9676942548387
1395.0	11502.476294426613	-231.80726248182586
1396.0	11503.727061429512	-170.79254198767816
1397.0	11460.146242133174	-139.6853384297424
1398.0	11456.438070635433	-186.30169389816683
1399.0	11516.846231101379	-240.85597657293343
1400.0	11436.64520394356	-177.61607585190254
1401.0	11401.345679417223	-307.29945461271035
1402.0	11408.48457238102	-224.01149879501295
1403.0	11481.100573195557	-259.75690785073266
1404.0	11466.236121204347	-205.09968264922963
1405.0	11539.040967371262	-288.77673461263066
1406.0	11548.814320262056	-312.89320964315885
1407.0	11458.518954525367	-345.8109535976446
1408.0	11518.865363273035	-267.34541947908184
1409.0	11509.997146762786	-312.33809502995564
1410.0	11533.66646037939	-303.29341455835265
1411.0	11549.033106932526	-337.4318895504266
1412.0	11535.817381024344	-390.2351839720862
1413.0	11564.95209600956	-347.3005113461839
1414.0	11425.11160266198	-292.9038851476727
1415.0	11530.668471554292	-349.92759137603554
1416.0	11540.78383511951	-369.71806979949116
1417.0	11509.409767517633	-340.5378419060298
1418.0	11526.394551713782	-198.36248687535
1419.0	11486.52928498383	-197.33116667546847
1420.0	11493.932218674263	-298.08243621209067
1421.0	11434.578227520344	-237.85325770545705
1422.0	11451.031931371157	-314.8214051330586
1423.0	11461.686369314135	-271.0651710871081
1424.0	11482.783780798904	-238.69126310422885
1425.0	11474.341833069493	-170.4624475349648
1426.0	11506.46426954474	-215.0536200839671
1427.0	11500.109610590936	-201.3912377845004
1428.0	11461.770428706193	-223.89860573581382
1429.0	11469.551652704424	-297.4987892502275
1430.0	11436.177375731633	-263.9541783102475
