1.0	27220.649262777515	-1743.3319075727284
2.0	26711.558742497302	-1731.676090007405
3.0	26764.686372454944	-1800.6708757718015
4.0	26829.969823746953	-1760.9664350598384
5.0	27065.573433354588	-2058.9727794160676
6.0	26910.738662361025	-1934.9396423038972
7.0	27095.166981423554	-1805.0988549289889
8.0	27178.186730630277	-2218.8988057126217
9.0	27382.69118636816	-2142.0256478031038
10.0	27650.664843437986	-2078.8108191074816
11.0	27960.543617415457	-2072.870923591569
12.0	28264.234673296305	-2074.8377887322927
13.0	29012.616819881383	-2187.164412679511
14.0	29161.614588047614	-2088.1150014526943
15.0	29909.912844531093	-2190.811362254973
16.0	30509.453529078502	-2194.5362950448603
17.0	30660.257751931873	-2094.4817700067515
18.0	31409.18342497869	-2210.2785905675837
19.0	31566.88291414162	-2111.548809465967
20.0	36483.25185738277	-2256.756703280651
21.0	37082.4191722325	-2255.3030655133166
22.0	37232.393700841516	-2154.1042082517124
23.0	37981.35993875182	-2266.5326648147766
24.0	38131.29974234237	-2165.2240542577233
25.0	38873.35817061863	-2271.751888746551
26.0	39022.252771363455	-2172.100726162817
27.0	39773.245307666126	-2274.291538009253
28.0	44900.39144733428	-2304.492741266518
29.0	44720.71074573552	-1878.2153618880866
30.0	41960.61151986759	-1872.1881878485965
31.0	40550.248174863096	-1863.7406889054655
32.0	44287.61495266083	-1880.385541660973
33.0	27174.104090650697	-2083.392408472779
34.0	27513.097589967132	-1762.816361295403
35.0	32574.1884790605	-1790.2210002469258
36.0	27870.556747203853	-1752.2065754154673
37.0	28371.42676991758	-1755.9419961473977
38.0	33041.546649888805	-1801.0351683826439
39.0	28928.511593206928	-1875.3722895180729
40.0	33509.9182586929	-1805.0310288970595
41.0	28565.885882089486	-2069.885572298152
42.0	33977.87829400133	-1814.551219544003
43.0	29295.86824012642	-1760.140372972999
44.0	29838.856643852658	-1875.2234553718133
45.0	34446.38060046428	-1816.4616814089459
46.0	29461.379256589717	-2078.5111866271213
47.0	34913.430258879926	-1827.034433195503
48.0	30224.46854521401	-1763.7076279981964
49.0	30062.98127274007	-2095.6572042016855
50.0	35389.05025182469	-1831.0198709130402
51.0	30595.436035445524	-1879.2381110963663
52.0	35846.263942539226	-1831.3049368479042
53.0	31154.925889100254	-1770.7577074917979
54.0	30966.109562822123	-2097.006150137124
55.0	36410.53142883613	-1945.1812852446617
56.0	31665.64335948775	-1774.8418994657568
57.0	32113.34525997848	-1788.7888470620053
58.0	31903.38532151242	-2116.4002060011385
59.0	32348.71576225653	-1909.472653154361
60.0	32590.939905919422	-2220.572943688429
61.0	32787.66074428759	-2129.191247798169
62.0	33143.906566447564	-2230.705748251507
63.0	33498.67533032331	-2231.7334334738566
64.0	33707.26719161544	-2141.3033329023706
65.0	34052.24909952525	-2239.95532835307
66.0	34407.1439084112	-2239.088229478359
67.0	34626.80494361724	-2150.414631777084
68.0	34959.80104459475	-2248.66916624991
69.0	35321.80488083095	-2250.5734329629836
70.0	35521.024775033555	-2251.947532079699
71.0	35864.61838925249	-2250.4751919808073
72.0	36014.68810539324	-2149.3826391042753
73.0	36793.88205015899	-1839.1864076732447
74.0	36634.73048615551	-2163.5142780069186
75.0	41017.517342967236	-1862.7774917171785
76.0	37304.446213879164	-1834.7245133402894
77.0	37724.98224612416	-1845.2270695494008
78.0	37538.41772754587	-2159.3000871678764
79.0	41484.87326651894	-1870.1677917800907
80.0	38228.94250088454	-1840.2583811126115
81.0	38785.675151632764	-1960.9420710458844
82.0	38426.69943958004	-2156.1175565761023
83.0	39152.43194532376	-1846.8687467176417
84.0	39701.47848696366	-1964.726484632468
85.0	39324.052986345225	-2162.8395546962824
86.0	42428.65742461234	-1870.7128031908594
87.0	40094.98943141257	-1857.7911548531847
88.0	39940.16233613423	-2180.945573454637
89.0	40296.51785118005	-2184.16219732281
90.0	42896.62172037291	-1875.9149060691461
91.0	40627.657819969136	-2279.6740982753245
92.0	40981.29787974886	-2277.992540118248
93.0	41201.097865102325	-2190.3947403501074
94.0	41534.245828751686	-2285.7258423489916
95.0	43365.54432517605	-1875.4964483786182
96.0	41717.71036054159	-2197.5683579339307
97.0	42095.575333010376	-2288.3601946097037
98.0	42449.990885949985	-2286.5126601891193
99.0	43834.18798245217	-1881.4096460499388
100.0	42644.92985337778	-2197.1683736140203
101.0	43003.5421536344	-2292.875687934644
102.0	43358.83061769371	-2292.3575760703247
103.0	43566.80269088648	-2203.202769520974
104.0	44774.53181671093	-2203.9538175912126
105.0	43913.05893164248	-2299.876215176438
106.0	44062.39123865779	-2206.506950417261
107.0	44425.82079831037	-2200.9581624603
108.0	26903.771734348444	-1808.3087214097693
109.0	27037.248522423804	-1936.9568566329917
110.0	27003.386750058067	-1724.80942059728
111.0	27289.430783682208	-2252.025266090351
112.0	27310.812476669988	-2014.7487028521984
113.0	27659.258974214416	-1868.469912401071
114.0	27518.59014181946	-2190.0665985188803
115.0	27344.887149796206	-1854.355201666907
116.0	27812.420643496876	-2167.30751856145
117.0	28010.085590345992	-1868.110887151997
118.0	28115.288493863773	-2171.6778602742797
119.0	28572.606019548606	-1863.2073908199309
120.0	28214.177201186252	-1869.2531284770664
121.0	28414.764104568516	-2168.204837880845
122.0	28864.962032787924	-2083.523489513243
123.0	29482.131487542032	-1867.8763491467664
124.0	29125.554680178455	-1879.2298544878142
125.0	29311.175917043263	-2179.660357418234
126.0	29761.288612029926	-2087.381089861122
127.0	30040.94206967911	-1882.4949975657692
128.0	30211.72573432347	-2190.802071399674
129.0	30734.265655409923	-1762.6717702525555
130.0	30807.08946689119	-2193.2805546638356
131.0	31269.394682591665	-2109.8929331444688
132.0	30958.107467827198	-1881.6410246362293
133.0	31909.405933459144	-1900.7731363899363
134.0	31516.09298951225	-1895.1882922421994
135.0	31710.412672170405	-2206.829486300727
136.0	36185.13826041249	-2245.2435456135677
137.0	36611.16062722438	-1954.350950272966
138.0	36784.20850679252	-2256.952625603456
139.0	37166.02661231634	-1944.9046778644117
140.0	37380.36676967097	-2252.6331511047597
141.0	37840.57884518465	-2171.546592029425
142.0	37528.86426027925	-1950.5909797907063
143.0	38431.16380958178	-1947.7107772559514
144.0	38078.94971453146	-1956.4116377153032
145.0	38276.82815869371	-2257.477576975182
146.0	38724.396557380984	-2168.9649935987013
147.0	39342.5348828345	-1954.757191591332
148.0	38983.92065199059	-1963.6248284616447
149.0	39172.28216820735	-2263.427007523765
150.0	39626.18229333812	-2172.4136853198993
151.0	41896.354066493666	-2287.202841464623
152.0	42195.938542845404	-1988.0484906876643
153.0	40428.43509171472	-2278.7928669524676
154.0	40782.267607234324	-1978.9786120046801
155.0	44252.85456595597	-2298.921087307193
156.0	44471.608322920256	-1991.6684114571042
157.0	32243.70665360568	-2221.480061062842
158.0	32807.68689407275	-1914.651184437935
159.0	33274.18817510316	-1922.2610101443372
160.0	32944.692038487236	-2228.7180209207186
161.0	33741.28935453155	-1928.700230118032
162.0	33296.96740964968	-2136.3603119367963
163.0	28715.706244023826	-2172.1379782696586
164.0	28785.975941901943	-1757.3085967962668
165.0	34208.51633703939	-1933.42616975958
166.0	33853.031167348134	-2238.3316196142187
167.0	34674.82580908213	-1939.7539169908123
168.0	34217.300510451205	-2145.3920030427216
169.0	29709.53155665062	-1756.7786023101146
170.0	29611.211293875574	-2179.5710742797783
171.0	35148.24549086273	-1948.7767459535578
172.0	34760.581419638795	-2247.2410761973847
173.0	30363.705804310255	-2095.878733606638
174.0	30398.487818261743	-1881.9464968410769
175.0	35611.82217747678	-1948.1032881857827
176.0	35143.0273915752	-2159.0274331933724
177.0	35649.404899798705	-2158.0872021811833
178.0	36033.91638100191	-1940.1962979667726
179.0	31114.114829421233	-2201.1321374428694
180.0	31318.20783726561	-1894.8836286942926
181.0	32044.49698031646	-2219.040299450389
182.0	32385.493338900604	-2125.2845332356305
183.0	36280.40698684549	-1827.5291356950886
184.0	36334.49097801178	-2153.709354025638
185.0	36935.06678995947	-2160.2119828632735
186.0	36968.31019225706	-1951.6090926670151
187.0	41247.614922920046	-1982.961392099135
188.0	40792.56520183366	-2186.7603121547777
189.0	37687.27480858232	-2262.2220279517205
190.0	37887.83974999312	-1963.2607410042754
191.0	41335.02387065652	-2284.713212478469
192.0	41721.43178903359	-1989.9347363300785
193.0	38575.592749108204	-2258.9266322508406
194.0	38641.33571336173	-1842.4969303778728
195.0	39473.99145687372	-2263.8096679551595
196.0	39567.769546988544	-1848.0401041627777
197.0	42235.013028969166	-2196.0291457666476
198.0	42662.67087816389	-1989.3491716947435
199.0	40329.01716775087	-1976.4444379459237
200.0	39915.8470549426	-1972.8339484321216
201.0	40086.805396033385	-2273.620539252586
202.0	43130.279663151545	-1991.7111274231672
203.0	42804.322744509554	-2291.4417402122203
204.0	43598.567993032855	-1994.7876547930364
205.0	43155.33125781557	-2200.157140386936
206.0	43713.840951358	-2298.2404312441736
207.0	44051.364100752755	-1997.2611557742373
208.0	44575.314668459905	-2296.866729054491
209.0	44874.140369376655	-1994.5922014280043
210.0	26028.699890137974	-1707.907347064476
211.0	26507.273995845288	-2132.5450506812535
212.0	26740.617450413538	-2141.9174195646024
213.0	15388.376134737666	-1559.6841670005285
214.0	15515.076029107067	-1803.5398134094994
215.0	15797.398434060122	-1816.9767543606956
216.0	16276.20089963404	-1915.4070221401014
217.0	16618.423477859407	-1613.1821656612894
218.0	17124.289440087687	-1616.0972128980732
219.0	17277.534647263077	-1860.517221811606
220.0	18612.135918878823	-1642.6044882674805
221.0	18672.868667264363	-1978.761759459823
222.0	19845.586606203302	-1663.8608884180876
223.0	19999.198098991954	-1912.6282361774222
224.0	21334.361080546467	-1689.8188866442997
225.0	21498.950226161458	-1937.1786395250601
226.0	22569.663462175795	-1698.730724035743
227.0	22726.0284449707	-1954.4101782726514
228.0	24056.980441180727	-1702.351615978481
229.0	24222.15785687012	-1963.0370900678379
230.0	25291.44818519406	-1704.2257115355987
231.0	25446.75748173176	-1972.3766149063433
232.0	26956.81874361297	-2151.967017438629
233.0	26657.72415504257	-1767.435788399767
234.0	26723.845514329976	-1875.457022420247
235.0	26825.669197981977	-2001.5660651981361
236.0	12917.33768938735	-1962.1304891507932
237.0	12938.80104367223	-1953.4739819249426
238.0	12964.53664531401	-1942.704904043995
239.0	12998.98528076835	-1929.0405578810423
240.0	12772.924100940823	-1832.2776434871942
241.0	13216.369327848608	-1457.5951503991816
242.0	13651.748267106685	-1815.0477099508792
243.0	13899.4241633959	-1496.7623977204757
244.0	14543.906631457283	-1765.921440288312
245.0	14787.2873207268	-1772.4060638598191
246.0	12828.976562738173	-1874.2716816977338
247.0	12843.129365928638	-1887.4180078343004
248.0	12871.387793176104	-1913.134285387169
249.0	12885.64255994779	-1925.8573173097568
250.0	12899.99077096319	-1938.3251482879205
251.0	13241.9767378384	-1879.3350219176389
252.0	15151.67901558915	-1865.7067759109734
253.0	12380.40883517149	-1453.973207226285
254.0	12393.470305751505	-1452.8887714830828
255.0	12396.523553951578	-1462.3137083868842
256.0	12423.55623089623	-1453.611228764946
257.0	12439.40822517238	-1462.1918332798605
258.0	12451.29344849635	-1523.2032003806519
259.0	12478.621468155727	-1463.7813038628792
260.0	12489.295216573277	-1529.556162685966
261.0	12491.981917270123	-1554.1829488728229
262.0	12526.980793899733	-1464.8778535418776
263.0	12523.16805912976	-1594.6812933569952
264.0	12536.29617081215	-1575.5315693683915
265.0	12584.650007999424	-1467.1151799345819
266.0	12564.04373208803	-1625.3713057544355
267.0	12578.556494745186	-1639.5004210126265
268.0	13150.55277583278	-1902.5409145885758
269.0	12593.109027542252	-1653.5955848474114
270.0	12655.142676740712	-1470.4674843522928
271.0	12622.314944973836	-1681.6728068807618
272.0	12636.972919940366	-1695.6665812309504
273.0	12631.583156879678	-1669.1194580862696
274.0	12666.369758978546	-1723.5629617036527
275.0	12741.306092173216	-1473.3577541303948
276.0	12698.671088638104	-1763.187634642656
277.0	12681.055719938651	-1715.355892268845
278.0	12725.493844366612	-1779.0102449539145
279.0	12740.342211539608	-1792.8199687861731
280.0	12845.369619004074	-1478.5789122181213
281.0	13080.265020020497	-1921.224497621134
282.0	12794.838280999395	-1809.2538345200355
283.0	12410.041889014528	-1479.309937543746
284.0	12422.906788093382	-1494.4529108885226
285.0	12437.325207409283	-1508.6007535558074
286.0	12465.741304503774	-1537.4171422739553
287.0	12508.763696501474	-1580.4163868628445
288.0	12552.080294513891	-1623.109832047033
289.0	12610.329170254137	-1679.5281971174227
290.0	12802.70326101398	-1859.8533578660306
291.0	12683.880458136502	-1749.315353311873
292.0	12758.045521123984	-1818.4812311421886
293.0	13355.365078803481	-1857.5140934241442
294.0	13492.028197707303	-1844.3013999499324
295.0	13852.726663221789	-1812.3662659443605
296.0	14073.32296818626	-1818.9107288430187
297.0	14223.758864608606	-1751.8562159819328
298.0	14454.24110509207	-1839.7530551283055
299.0	14687.948267424274	-1846.0847726695272
300.0	14919.95576937384	-1856.09590569807
301.0	16586.662816574863	-1935.8838259937966
302.0	15028.658826042563	-1782.7043233460583
303.0	15390.500233680816	-1876.5437603790697
304.0	15663.378503190252	-1888.9602406533506
305.0	15960.117111392306	-1906.1287114505058
306.0	16109.039352306476	-1825.7533014828869
307.0	16433.310842300572	-1840.2809171022498
308.0	16880.99173985915	-1938.1769821919495
309.0	16742.343108477216	-1689.419054626711
310.0	17166.04451147579	-1947.8374991836306
311.0	17439.65855309872	-1863.457587965306
312.0	17814.189714179258	-1960.877747824201
313.0	18100.48133374845	-1965.9344211537964
314.0	18390.92852573708	-1968.4501723998062
315.0	18246.30209945861	-1880.2799175810742
316.0	18775.52915065801	-1889.9490553311614
317.0	18934.83280872081	-1892.2814717970796
318.0	19318.020171118027	-1990.8890051886792
319.0	19605.37058252309	-1993.2817360904926
320.0	19473.931570408626	-1736.0184888074175
321.0	19888.53225699186	-2001.7328493479647
322.0	20162.042504709734	-1915.6567124833007
323.0	20537.461452985746	-2013.3566119706954
324.0	20823.275470433702	-2017.5751637163205
325.0	21114.07282589939	-2018.8693487878136
326.0	20968.539988910565	-1930.6666849655755
327.0	21396.377459108273	-2027.0550056388208
328.0	21757.836092225796	-2031.3129619662723
329.0	22042.250462757584	-2034.8403325036481
330.0	22329.47725263778	-2036.5296206073456
331.0	22197.78651556671	-1777.261890754134
332.0	22613.863997751276	-2042.1799322451661
333.0	22989.422753978743	-1952.8958009673106
334.0	23152.975667058778	-1952.5786483359682
335.0	23548.059771816595	-2052.4169435584713
336.0	23838.06531105955	-2056.7401781832973
337.0	23693.4190127679	-1962.4660353852744
338.0	24120.118957655694	-2059.817469622547
339.0	24481.742978011098	-2060.5415037765956
340.0	24765.971394204244	-2063.812670856029
341.0	25052.98105996287	-2073.8724405510607
342.0	24920.57970641919	-1789.9158457422043
343.0	25986.863536238492	-2081.8820058127462
344.0	25336.734149929573	-2073.22537772909
345.0	25607.2955078167	-1973.8218593604188
346.0	25875.374352784347	-1979.7885049065947
347.0	26264.255419486657	-2114.551686692785
348.0	26142.074628298422	-1763.3003616184044
349.0	26434.528337931668	-1946.8393765224155
350.0	26598.069163641052	-1741.1180040431743
351.0	25781.95456156839	-1706.6988710286514
352.0	26623.030246730865	-2080.9683418180107
353.0	26397.264506926236	-2057.762382485385
354.0	26549.825025082242	-1929.5190782296686
355.0	26843.424368303138	-2096.577517549792
356.0	15145.784544798868	-1547.1464728057356
357.0	15639.350597644428	-1572.0643924013393
358.0	15511.767635832977	-1645.3998641679161
359.0	15900.337991390368	-1587.027975556064
360.0	15776.67892178839	-1658.2208553502671
361.0	16179.738198108389	-1593.0842841044016
362.0	16344.59571458449	-1599.2466642061183
363.0	16069.979744576267	-1665.4084645988733
364.0	16458.36748078625	-1680.539983153094
365.0	16876.0122089045	-1609.990817188209
366.0	16735.639085678344	-1852.3797810100623
367.0	17370.19800981101	-1613.6496507190639
368.0	17247.463129628497	-1694.0023741464374
369.0	17616.338280428532	-1624.2293570198744
370.0	17529.921697834256	-1954.833136357901
371.0	17492.06763531188	-1698.3340829034078
372.0	17863.806242867824	-1629.4459252507738
373.0	17704.23878425818	-1874.767803100464
374.0	17738.2462846393	-1709.2875288243358
375.0	18113.30734965953	-1633.2867805670246
376.0	17972.177894320528	-1879.3581094071806
377.0	18366.97380600352	-1634.147782993927
378.0	17987.78692262798	-1713.406561109882
379.0	18855.484630032846	-1640.5378742849955
380.0	18243.519087062243	-1713.5838252916012
381.0	18735.968109609657	-1721.3980812552247
382.0	19101.36910113101	-1650.0674937948243
383.0	19033.918673190634	-1985.3966760251703
384.0	18977.75456558564	-1724.9914740412598
385.0	19348.67987697633	-1654.3065893110634
386.0	19198.97813746172	-1902.6830924188364
387.0	19223.506808537277	-1734.6439079443098
388.0	19599.230798083674	-1655.8876048536413
389.0	19467.800535625876	-1904.561720210507
390.0	20091.77721633737	-1663.5108922260263
391.0	19968.523267425564	-1743.6071750813069
392.0	20338.33766367598	-1673.3928048833816
393.0	20253.138482294995	-2008.298390518081
394.0	20213.844168559266	-1748.273357301982
395.0	20585.85241012341	-1678.1456153471397
396.0	20427.08950123071	-1925.7065899174993
397.0	20460.487018762156	-1758.1843594641184
398.0	20834.860307701692	-1681.944565949143
399.0	20694.57906440117	-1929.9853182483537
400.0	21088.855284225436	-1682.5895126405537
401.0	20709.57250400738	-1762.2965520781788
402.0	21577.877909067654	-1686.6890878265706
403.0	20965.131386572342	-1762.7248533685731
404.0	21458.74278693539	-1768.2805250807967
405.0	21824.003595587285	-1694.225396982935
406.0	21658.638536354138	-1938.397604868401
407.0	21700.919777002087	-1770.2915369325801
408.0	22071.626311764787	-1695.8720665305912
409.0	21923.3121649056	-1946.5364869502175
410.0	21947.198427619147	-1777.5549899027017
411.0	22322.063986761044	-1695.43219909804
412.0	22192.296929273052	-1947.248659679675
413.0	22815.920700706734	-1699.3432216556157
414.0	22694.730761565617	-1782.0716226469929
415.0	23062.143101430094	-1696.467426282681
416.0	22896.907190987917	-2045.3373442591703
417.0	22939.733947102646	-1779.2402339894143
418.0	23309.44276232204	-1699.5073667343765
419.0	23262.229372974212	-2048.027798790214
420.0	23185.779195342388	-1779.0389076952422
421.0	23558.488353418925	-1700.9730993604026
422.0	23420.237301697183	-1958.3084419285485
423.0	23811.71079893661	-1702.3046649522064
424.0	23434.647162761405	-1783.3277505134367
425.0	24300.128637211117	-1698.6431092302782
426.0	23689.437733306007	-1786.0028826023172
427.0	24181.392573056193	-1783.5435968719055
428.0	24546.80552261006	-1700.1726849327285
429.0	24382.013047459357	-1960.6481452776388
430.0	24423.74022731932	-1781.2026658100756
431.0	24794.250569421652	-1700.5168779603898
432.0	24647.04951278203	-1963.7236710417499
433.0	24670.384877521024	-1782.800331665446
434.0	25044.47744837851	-1707.702525464204
435.0	24915.635895940784	-1972.2882992615394
436.0	25536.572451595643	-1702.4749331960418
437.0	25414.918939059015	-1787.1744102803739
438.0	25907.640190668437	-1793.4827661165302
439.0	26537.523840456386	-1654.9247614765243
440.0	26406.189078499418	-1670.5851420820798
441.0	26655.02862205199	-1838.0262105818726
442.0	26628.31744496238	-1988.8653753293959
443.0	26728.149478323892	-1954.8030007243317
444.0	12859.718863642565	-1911.8279726902758
445.0	12929.586083528868	-1964.697243775952
446.0	12953.656538994515	-1957.2597463912205
447.0	12817.268609428547	-1872.876702996453
448.0	12984.490076812226	-1947.864445627727
449.0	13046.175141274352	-1453.165002390477
450.0	13025.894854760852	-1935.8524791446118
451.0	12787.808756089596	-1846.0659678047598
452.0	12957.516040191062	-1906.8621247402905
453.0	12713.482382537914	-1777.0354416707141
454.0	13421.622756270144	-1472.1657815354563
455.0	13021.161340514785	-1813.3838004356778
456.0	13106.822250161262	-1890.678783438065
457.0	13272.232944329196	-1753.6513937723678
458.0	13311.496045749984	-1518.1420480021845
459.0	13655.975474735844	-1499.2630847267671
460.0	13769.754262673314	-1581.8414981917515
461.0	13531.429720180315	-1559.0468513900796
462.0	13411.309733958335	-1706.0463442011333
463.0	13754.924486242831	-1739.4476843748678
464.0	14147.317356951564	-1502.928855206195
465.0	13982.135474208046	-1739.3201912533411
466.0	14014.00319795167	-1581.3225092125724
467.0	14398.642429832616	-1516.9520701945667
468.0	14306.061846448558	-1832.6716500156278
469.0	14265.885529630285	-1593.8720243858777
470.0	14648.952141068447	-1523.999534797321
471.0	14520.263029956668	-1604.5899123654456
472.0	14897.524479397407	-1535.5015367804508
473.0	14771.934795871588	-1611.6523539104794
474.0	15021.580060921342	-1622.8636643777784
475.0	12799.836586240484	-1848.0282826668436
476.0	12951.295458595509	-1926.5611284768856
477.0	12831.400944053292	-1886.045996585727
478.0	12845.552461785557	-1898.983322420591
479.0	12922.976177449624	-1935.1325578300464
480.0	12868.2415797722	-1888.3195409542852
481.0	12857.271913232544	-1900.2934460727101
482.0	12873.911446589083	-1924.6570180830076
483.0	12884.509785483533	-1891.8684496870094
484.0	12914.455225545433	-1950.6944049158976
485.0	12888.305813106897	-1937.288092093988
486.0	12894.689279867853	-1913.6239433811152
487.0	12913.361872384989	-1926.9206760012803
488.0	12902.698432727417	-1949.740866101706
489.0	13113.769623799873	-1804.660617270488
490.0	15265.287536479533	-1634.3266016853547
491.0	15264.103242148592	-1793.0462458223126
492.0	12409.642775652113	-1464.440268206359
493.0	12457.284032658119	-1453.0100376499338
494.0	12437.331148514008	-1475.8461803510581
495.0	12479.560803810897	-1482.1465127884076
496.0	12445.650275130181	-1485.8420855375662
497.0	12480.050902235373	-1551.7785270052111
498.0	12500.367748018596	-1452.1440618639651
499.0	12463.214588904784	-1525.659106951159
500.0	12523.32870933009	-1523.8965665835822
501.0	12494.393379571644	-1566.1148207815531
502.0	12537.611569731229	-1608.9169292180652
503.0	12552.919564347314	-1450.3538873210557
504.0	12513.054275055709	-1539.6097811110667
505.0	12584.128622045746	-1498.5886830867978
506.0	12506.328400995306	-1568.4930271073245
507.0	12535.118648294629	-1597.0010445140445
508.0	12616.613581992633	-1449.9288570043555
509.0	12545.899461705218	-1585.014164073389
510.0	12566.593058744373	-1637.2760904475924
511.0	12581.131323067848	-1651.3915851095383
512.0	13117.477657566415	-1576.0989324139362
513.0	13186.884526991167	-1862.2266822695128
514.0	12636.886885127156	-1634.1022930259544
515.0	12595.722261054112	-1665.4877351367215
516.0	12654.379566191019	-1721.4918344851667
517.0	12695.268961056643	-1448.6479185676717
518.0	12605.028647196186	-1642.489149608636
519.0	12624.989114122038	-1693.5518349024114
520.0	12739.822438394767	-1518.5079610599823
521.0	12639.664623552935	-1707.531868887979
522.0	12651.656843759585	-1709.628942761584
523.0	12669.112017588357	-1735.4140844126985
524.0	12790.384017906328	-1447.444475908965
525.0	12663.611736202154	-1698.454983929599
526.0	12681.109203011954	-1737.4648041472028
527.0	12755.211271795975	-1806.6276194495429
528.0	12775.8881367688	-1763.1039000028352
529.0	12710.676472124733	-1765.188717907804
530.0	12897.268980396359	-1570.125429325731
531.0	12728.314735631613	-1790.8592627806077
532.0	12798.654348218011	-1784.576019078747
533.0	12743.17506289348	-1804.6757497518056
534.0	12905.637996109801	-1448.8216503727028
535.0	13125.500673141942	-1498.9405833833946
536.0	12735.234449220132	-1766.3633740676196
537.0	13045.765067670416	-1912.1316717128968
538.0	13033.08575591861	-1597.2213452881115
539.0	12784.959599852218	-1834.2300408230415
540.0	12966.733850177008	-1555.073307753646
541.0	12421.878267600274	-1482.1352451735308
542.0	12449.075761381662	-1511.2605932662373
543.0	12461.074095189679	-1489.5385203528883
544.0	12434.938616055348	-1496.9552595303787
545.0	12477.665579625625	-1539.8446335837962
546.0	12485.64927086147	-1514.373572370804
547.0	12520.703964760754	-1582.7635160207574
548.0	12548.61650204926	-1527.002931286616
549.0	12549.564008283733	-1611.2023506332978
550.0	12562.876725313043	-1589.123445466008
551.0	12607.69445952643	-1667.6527867254638
552.0	12814.658034653969	-1861.3243331552385
553.0	12811.878448917625	-1837.3257769445852
554.0	12695.881820330318	-1751.3411922207333
555.0	12766.070094220433	-1794.9350932580226
556.0	12770.084302597565	-1820.4305516350416
557.0	12971.800219957222	-1488.1753138865527
558.0	12821.726779151157	-1846.0301754789932
559.0	13289.632203960342	-1605.9591953419113
560.0	13289.51120292869	-1830.532106233558
561.0	13565.16533828707	-1770.3524474958647
562.0	13512.183019230697	-1672.236446061869
563.0	13415.531634293902	-1806.4098785989202
564.0	17000.738614924718	-1692.0347625896666
565.0	17012.42216867824	-1857.2602012100554
566.0	18494.90414620719	-1718.8417970111186
567.0	18516.07585354438	-1886.4480941275242
568.0	19723.406342315026	-1740.8494762615558
569.0	19735.677161537187	-1909.7003760953176
570.0	21217.179845385515	-1767.1093085297155
571.0	21238.988784721252	-1935.4473130799731
572.0	22448.349397197628	-1778.9852866949793
573.0	22461.252249368026	-1950.0959392787438
574.0	23962.825463642177	-1965.2722808867939
575.0	23940.452230981133	-1787.2999204386597
576.0	25183.74790554076	-1976.8703038675021
577.0	25170.300483477997	-1793.0728422999807
578.0	25699.035186726225	-2077.948116942145
579.0	25657.94904477477	-1788.8783522369897
580.0	26148.732340269537	-2011.5941302718948
581.0	26240.141312859294	-1677.3288930448377
582.0	26194.22538298533	-1879.033537474602
583.0	26475.442768645804	-1702.273695552618
584.0	26480.954425627522	-1780.0890818713476
585.0	26329.09493587678	-1725.259712502276
586.0	26317.43758992061	-1840.7497643305148
587.0	26546.454515117755	-1791.5446917212764
588.0	26594.65014596141	-1682.313460117152
589.0	13333.864919868423	-1680.2698465651672
590.0	12462.112990087224	-1503.3115340561308
591.0	12494.756051255079	-1497.389090916616
592.0	12840.373624026637	-1862.7455196608298
593.0	12935.073601434904	-1935.3453802139327
594.0	26580.840166165766	-1858.0258917862302
595.0	26400.043389524963	-1863.8905802290483
596.0	12750.856518956583	-1781.1174644060557
597.0	13089.352870167726	-1848.668794706154
598.0	13031.120631374411	-1879.891903022569
599.0	12730.154567463986	-1749.1601759445268
600.0	12780.944502928714	-1808.7382909083747
601.0	12707.749484283735	-1740.7368603872474
602.0	12690.874512695073	-1724.6174417835925
603.0	12764.54819273491	-1781.2807191801676
604.0	12748.569647902112	-1766.509887514195
605.0	12724.690308243335	-1660.0296162300885
606.0	12717.60265834735	-1687.5059272635153
607.0	12717.608052197289	-1749.960323067912
608.0	12842.066973070841	-1532.984697304056
609.0	12647.701116102195	-1684.128825095242
610.0	12813.666344827036	-1749.061427970794
611.0	12705.513431773039	-1725.863659114777
612.0	12621.844699576337	-1659.7802745323534
613.0	12681.020419593691	-1702.110806218374
614.0	12644.985522189707	-1669.4607299722109
615.0	12589.448931635654	-1628.0634970060637
616.0	12657.16741225156	-1637.8329281142603
617.0	12662.347712157332	-1684.8201539202855
618.0	12785.59771819465	-1547.0004679244873
619.0	12654.30681101492	-1508.4116590121314
620.0	12696.00712129997	-1688.6655843462188
621.0	13205.384707199535	-1746.5840008702726
622.0	12940.165703929699	-1889.1655325914915
623.0	12573.694839108959	-1612.8350368823267
624.0	12692.9494415524	-1531.742300157098
625.0	12621.79212075795	-1646.5087877048354
626.0	12603.943379612248	-1628.8482258641998
627.0	12587.136602655768	-1613.3028975689206
628.0	12615.801454376679	-1610.809049885954
629.0	12579.753135376637	-1577.1237748648855
630.0	12603.827910997172	-1599.9562440090133
631.0	12564.048350454957	-1603.3957473218954
632.0	12518.138246920773	-1557.0631900840806
633.0	12615.256330313161	-1519.34653481641
634.0	12556.36956933244	-1547.4075589172546
635.0	12608.53852706409	-1544.4013954068953
636.0	12536.165748478335	-1561.7546031872346
637.0	12471.492918314834	-1512.904007945838
638.0	12498.832966828719	-1539.1077462255805
639.0	12531.005573842529	-1488.7373519069577
640.0	13167.570754951792	-1806.3563736833366
641.0	13028.103702585584	-1768.2826938784208
642.0	13186.48247048344	-1622.5706467694497
643.0	12849.819624410447	-1871.5704082354143
644.0	12910.723634448761	-1913.650245878706
645.0	12902.475842837843	-1882.0747635087173
646.0	12835.734415214203	-1846.0563832833038
647.0	12885.209048477418	-1905.1486675023273
648.0	12836.997617242576	-1803.9414151014378
649.0	12863.212386807027	-1871.1618177032803
650.0	13163.866949261863	-1689.8139050906102
651.0	13079.5103194339	-1757.8654562059721
652.0	12922.71078909136	-1660.6974711414769
653.0	12810.904598494162	-1824.0319138420098
654.0	12779.764543879588	-1795.0964442240013
655.0	12808.77139045493	-1794.131412416268
656.0	12796.01357957964	-1822.8984925825498
657.0	13048.151203730953	-1846.9747401988952
658.0	12985.252430865687	-1904.1820125607148
659.0	12997.517568562185	-1878.7541651339568
660.0	12876.40329640619	-1854.2074761071228
661.0	12624.275794098457	-1564.3236703823968
662.0	12578.186272086583	-1553.9229233482813
663.0	12513.452147487777	-1501.6324257093595
664.0	12556.42295833643	-1505.6868888383517
665.0	12976.250384621339	-1853.1983966717883
666.0	12919.209460412638	-1895.381283821626
667.0	12819.882108305857	-1804.3069880017235
668.0	12899.398546725673	-1861.5715131798358
669.0	12946.63491066348	-1860.9296519497475
670.0	12909.953730223979	-1755.761106844079
671.0	12764.86707616789	-1752.9346645033736
672.0	12846.983077461344	-1828.2974547652386
673.0	12922.60137103425	-1846.6421528510007
674.0	12883.17919568732	-1786.519147230579
675.0	12869.53289840717	-1832.3414827551326
676.0	12602.449315485508	-1582.7681086748246
677.0	12687.90066380622	-1563.107027763018
678.0	13030.017312221922	-1656.6702713921732
679.0	12982.863584217395	-1820.7451947971833
680.0	12853.17356597753	-1782.2763850491756
681.0	12986.50725851726	-1737.949414830271
682.0	13091.793692648147	-1702.7911168391583
683.0	12652.00161695148	-1572.9235538101832
684.0	12631.981486329822	-1612.0434789515093
685.0	12672.810386207108	-1665.9552622291583
686.0	12652.442782615843	-1598.4196733596061
687.0	12740.759951531638	-1600.2629408928017
688.0	12670.526449375442	-1616.2816908659552
689.0	12777.731119001566	-1584.991876524702
690.0	12660.328255482173	-1655.246811447665
691.0	12703.790908433284	-1646.284025963203
692.0	12689.06111195821	-1666.1448703663166
693.0	12741.146589322701	-1732.3250638741476
694.0	12694.54653483979	-1618.8578535206823
695.0	12767.020608567824	-1696.595551147675
696.0	12722.155597777833	-1706.8307462324483
697.0	12800.114429573463	-1614.745228999606
698.0	12740.317412013594	-1709.4768860120457
699.0	12886.958892368668	-1615.2760260406685
700.0	12796.299842592744	-1766.237848935436
701.0	12762.523899344626	-1735.9530389864187
702.0	12849.490148382036	-1682.686517644129
703.0	12712.361914934927	-1591.179309967168
704.0	12743.843971246546	-1641.6870747132016
705.0	12895.565593072575	-1691.3660854564394
706.0	12781.476600965296	-1715.8744867243051
707.0	12770.009002675835	-1648.7174806881158
708.0	12806.484917342139	-1720.2942156286128
709.0	12825.186622790936	-1663.2141985836715
710.0	12976.13749493935	-1681.4113317108374
711.0	12950.273029431075	-1800.999135520032
712.0	12835.631741392754	-1708.8168177669443
713.0	12843.307517038185	-1755.9101436472986
714.0	12919.626290205786	-1819.1648382958901
715.0	12889.55306789819	-1812.228205272735
716.0	12946.97434166014	-1763.304462110377
717.0	12835.510170758784	-1626.4723212951733
718.0	12782.111475657339	-1673.503506309565
719.0	12896.587610547596	-1727.7830444354677
720.0	12859.947027071592	-1732.1748434200908
721.0	11896.06886546626	-1387.2243203810556
722.0	12356.517756118576	-1474.8849248619001
723.0	12358.186032885802	-1486.6168750545303
724.0	12372.351943292195	-1501.8615576617206
725.0	12386.536138934898	-1516.655539633648
726.0	12443.460716764748	-1574.6163559636925
727.0	12251.850766992347	-1710.6340210941814
728.0	12309.24610885937	-1814.630916192648
729.0	12516.068726671476	-1645.450480682877
730.0	12405.81228050618	-1823.9597614234938
731.0	12486.57330662987	-1830.9509865978916
732.0	12514.355131973512	-1779.0092781923447
733.0	12604.402255051871	-1728.952405709023
734.0	12554.453320639603	-1836.6344151201165
735.0	12615.279560338311	-1820.2330722304234
736.0	12705.295155783968	-1813.637850774032
737.0	12675.556866991423	-1786.1928366269165
738.0	12660.76464929049	-1772.3863178641652
739.0	12719.520385149277	-1827.9695856560777
740.0	12735.300064013674	-1864.7223803308734
741.0	12763.705308886101	-1866.797024076752
742.0	97.76017668511525	-1772.8871944254595
743.0	231.65723655570073	-1692.2057496537197
744.0	572.1363827630347	-1696.1944865705666
745.0	879.3267476714838	-1698.8897641258902
746.0	1176.145083818752	-1701.2294456759148
747.0	1325.5857400495358	-1442.6631690923075
748.0	1620.1999389801324	-1442.8070291078423
749.0	1914.792825281945	-1442.832879669494
750.0	2209.4064373952338	-1444.2850517938748
751.0	2504.033646528464	-1444.3651259647004
752.0	2798.6050842700824	-1444.4434284199199
753.0	3093.215695376121	-1444.5238110162527
754.0	3387.7812221542604	-1444.602362300751
755.0	3682.396223739726	-1444.6833167258874
756.0	3976.951585372599	-1444.7904560608513
757.0	4271.585886495619	-1444.816096336606
758.0	4566.126831798007	-1444.9516046845945
759.0	4860.767774182886	-1444.9774775364288
760.0	5155.301526433842	-1445.1127327506592
761.0	5449.7850122901145	-1443.8607103262236
762.0	5744.414816840842	-1443.8991260521886
763.0	6038.939199828113	-1444.0350271768855
764.0	6333.479886952168	-1444.1199790772387
765.0	6628.04951809515	-1444.207535938502
766.0	6922.6288898288085	-1444.2954461894444
767.0	7217.208883712697	-1444.383654105233
768.0	7511.7890683135	-1444.4721555771919
769.0	7806.367762029727	-1444.5604266826274
770.0	8101.177335050898	-1445.9368596023253
771.0	8395.878779975139	-1445.959355741021
772.0	8690.456462671786	-1446.0695174142413
773.0	8985.043342770305	-1446.1533083268832
774.0	9279.63058523859	-1446.2378610868743
775.0	9573.957020182885	-1445.0711608140175
776.0	9868.518562197636	-1445.183652409309
777.0	10163.101783485301	-1445.2742448527395
778.0	10457.901063096826	-1445.3648156026627
779.0	10753.507491000533	-1443.750843928614
780.0	11042.754294839071	-1441.0668903068174
781.0	12690.344164243475	-1800.0048954516471
782.0	12734.559748862232	-1841.5332227545694
783.0	12345.316630212843	-1460.7557502062884
784.0	11934.744316055438	-1526.7522458506562
785.0	12412.510870044242	-1533.8726061941043
786.0	12484.25906255628	-1605.4535130843053
787.0	12542.666874403372	-1661.6014084938986
788.0	12586.83418436119	-1703.2912273792115
789.0	12631.175518888871	-1744.778808597585
790.0	12609.655715762536	-1843.8430861339884
791.0	12675.172821807428	-1861.0256800053232
792.0	12709.673588837964	-1853.6946022681168
793.0	12753.927982056246	-1857.5036099379233
794.0	427.1775899259312	-1776.6377656548902
795.0	98.20095678501825	-1436.3894865010204
796.0	731.5198529477948	-1777.2081337689358
797.0	1027.6484848897258	-1779.6652456368436
798.0	1321.6187191504084	-1779.8800177455896
799.0	1615.3513578811992	-1780.2036629433353
800.0	1909.0626839832057	-1780.4092986871983
801.0	2202.7947358966885	-1782.0412559937897
802.0	2496.540384830112	-1782.301115346826
803.0	2790.2302623719256	-1782.5592029842567
804.0	3083.959313278158	-1782.8193707628004
805.0	3377.6432798564906	-1783.0777072295098
806.0	3671.3767212421503	-1783.3384468368567
807.0	3965.0505226752175	-1783.6253713540318
808.0	4258.803263598432	-1783.8307968119973
809.0	4552.462648701013	-1784.1460903421964
810.0	4846.222030886086	-1784.3517483762419
811.0	5139.8742229372365	-1784.6667887726828
812.0	5433.476148593702	-1783.5945515304581
813.0	5727.224392944623	-1783.8127524386346
814.0	6020.86721573209	-1784.1284387455416
815.0	6314.526342656337	-1784.3931758281058
816.0	6608.214413599512	-1784.6605178715806
817.0	6901.912225133366	-1784.9282133047334
818.0	7195.610658817449	-1785.196206402733
819.0	7489.309283218446	-1785.4644930569023
820.0	7783.0064167348655	-1785.732549344549
821.0	8076.934429556232	-1787.288767446458
822.0	8370.754314280668	-1787.4910487673642
823.0	8664.450436777508	-1787.7809956227957
824.0	8958.155756676219	-1788.0445717176483
825.0	9251.861438944696	-1788.3089096598499
826.0	9545.306313689189	-1787.3219945692047
827.0	9838.986295504137	-1787.6142713467068
828.0	10132.687956591992	-1787.884648972348
829.0	10426.605676003708	-1788.1550049044824
830.0	10721.819345286598	-1786.7209221528055
831.0	11017.036443107834	-1784.2182079074944
832.0	11299.242589494963	-1777.85001076697
833.0	11789.007446216929	-1807.9430729739033
834.0	11566.428897229685	-1804.8367630971945
835.0	11411.807384317204	-1485.3432643575609
836.0	12080.061444232728	-1390.1632860500492
837.0	11687.185957930467	-1621.5236798435392
838.0	11763.579399925226	-1560.235671630048
839.0	11972.671682406313	-1826.410979934203
840.0	11944.060914776395	-1410.999940326942
841.0	12336.107064866172	-1458.2926008195118
842.0	12125.820475218905	-1833.8149852360518
843.0	12317.16090927014	-1437.0271601558468
844.0	12288.260131029396	-1396.1807378047852
845.0	12260.630288052263	-1363.7318243610732
846.0	12233.2703408971	-1361.3272496282088
847.0	12210.269909486313	-1363.5295915502097
848.0	12279.732319849878	-1394.1287116080828
849.0	12180.951850349149	-1365.6097578746615
850.0	12307.719073513734	-1426.3445282873183
851.0	12146.4874679318	-1367.2863845001032
852.0	12326.636824955627	-1447.635622147911
853.0	11794.546882897697	-1400.0802566037298
854.0	12103.372138662031	-1370.7669241032054
855.0	12426.736149888378	-1548.3554691778672
856.0	12252.914997450598	-1840.257154222958
857.0	12370.27211315144	-1489.8953708995305
858.0	12441.01440982459	-1562.7235253875751
859.0	12384.356159561721	-1504.679893522725
860.0	12398.40876320761	-1519.3429098102633
861.0	12446.549078791219	-1600.1729546460354
862.0	12469.775959676002	-1591.2748182897258
863.0	12414.839628937507	-1545.8163102775043
864.0	12433.018436014017	-1599.2276810118676
865.0	12429.128653283638	-1560.2673167032808
866.0	12498.796108243938	-1619.566207020687
867.0	12455.358674171051	-1577.0291155518744
868.0	12513.381739432274	-1633.6231730602442
869.0	12457.861423080169	-1588.913556981044
870.0	12358.909195168582	-1845.2960499299859
871.0	12314.716691169786	-1763.9563194800603
872.0	12505.104342620229	-1656.8961368325329
873.0	12491.378905113439	-1656.513770112799
874.0	12472.336082518295	-1603.1495166483955
875.0	12557.353596001989	-1675.5259104936802
876.0	12501.454373154453	-1631.4108031748385
877.0	12572.091289612306	-1689.4332897030424
878.0	12527.998662774793	-1647.6273026352528
879.0	12447.371456895744	-1849.6968809744556
880.0	12519.788242931994	-1670.9263283561343
881.0	12530.7220162078	-1659.452801049965
882.0	12601.59486915807	-1717.1355291619966
883.0	12560.127384343768	-1687.3473306217484
884.0	12521.224647847659	-1852.3796527961422
885.0	12549.233323921673	-1698.8842705341901
886.0	12589.624537886799	-1715.0987581837333
887.0	12594.660937905099	-1754.1982160702248
888.0	12645.969778160388	-1758.582831887713
889.0	12616.38518938308	-1730.971105033881
890.0	12583.13729060774	-1855.4572045910616
891.0	12638.214162266566	-1783.6902522007522
892.0	12633.986173688203	-1756.5921241644812
893.0	12654.874454951141	-1849.3585315980172
894.0	12693.169802720571	-1850.0473147623263
895.0	12663.567466099621	-1784.208322706576
896.0	12678.356890113515	-1798.0183452828471
897.0	12632.745740000513	-1859.6521166837326
898.0	12648.777095825579	-1770.3999034051628
899.0	12657.172063018348	-1797.8689180890103
900.0	12707.730764536447	-1825.768754539992
901.0	428.4999302256403	-1439.9602725482403
902.0	232.09801665560371	-1523.9119493959477
903.0	733.7237534473101	-1440.3508554800749
904.0	573.0179429628407	-1527.810793721689
905.0	1030.733945589047	-1442.6281821657722
906.0	880.6490879711928	-1530.4161786859074
907.0	1177.9082042183643	-1532.6659676448262
908.0	1472.7713272543951	-1532.7822899335831
909.0	1470.56742675488	-1701.4356605557768
910.0	1767.3755421317499	-1532.8894758574568
911.0	1764.7308615323318	-1701.6327390707559
912.0	2061.9791701917966	-1534.3049738901757
913.0	2058.8937094924754	-1703.1381296945804
914.0	2356.617121083261	-1535.7746955320683
915.0	2353.0908802840363	-1704.6977439275786
916.0	2651.2128976030544	-1535.8705475048007
917.0	2647.2458767039275	-1704.883488491416
918.0	2945.792076095657	-1535.9667079030396
919.0	2941.3842750966273	-1705.0695414807606
920.0	3240.3653436247805	-1536.0631171305577
921.0	3235.5167625258473	-1705.255843299384
922.0	3534.9430016333304	-1536.160098186879
923.0	3529.653640434494	-1705.442716946811
924.0	3829.510494496615	-1536.285667293666
925.0	3823.7803531978766	-1705.6581786447032
926.0	4124.097286897454	-1536.3559222510714
927.0	4117.926365498813	-1705.8183261932143
928.0	4418.669662967807	-1536.454546221501
929.0	4412.0579614692615	-1706.0068427547494
930.0	4713.248680300018	-1536.5534027680105
931.0	4706.19619870157	-1706.195591892364
932.0	5007.820504580799	-1536.6520061807623
933.0	5000.327242882448	-1706.3840878962212
934.0	5302.234872332973	-1535.4727143172433
935.0	5294.300830534718	-1705.294688623808
936.0	5596.745292384919	-1534.1965829654598
937.0	5588.3704704867605	-1704.1084498631296
938.0	5891.296609567861	-1534.3083751628083
939.0	5882.481007569801	-1704.310134651584
940.0	6185.758809324132	-1534.4667035345446
941.0	6176.502427226169	-1704.5583556144256
942.0	6480.266257236115	-1534.5766876428481
943.0	6470.569095038249	-1704.7582323138342
944.0	6774.812389757702	-1534.6896301017407
945.0	6764.674447459932	-1704.9610673638326
946.0	7069.368885020193	-1534.8032236151587
947.0	7058.790162622521	-1705.164553468356
948.0	7363.92619314983	-1534.9174083495927
949.0	7352.906690652254	-1705.3686307938954
950.0	7658.482201111804	-1535.0316562736737
951.0	7953.267597494149	-1536.4338356454944
952.0	7647.021918514326	-1705.5727713090819
953.0	8248.175745084507	-1537.7702400505743
954.0	7941.366534796766	-1707.064843272008
955.0	8542.852002350342	-1537.8403732091772
956.0	8235.833902287222	-1708.4911402681935
957.0	8837.41369479045	-1537.9718011417262
958.0	8530.069379453154	-1708.6511660179015
959.0	9131.984947002196	-1538.0776201610454
960.0	8824.19029179336	-1708.872486541556
961.0	9426.295754059725	-1536.9329479948667
962.0	9118.3207639052	-1709.0681981519808
963.0	9720.580860663718	-1535.8162146639881
964.0	9412.190790862825	-1708.0134185769075
965.0	10015.122753611078	-1535.9567740493967
966.0	9706.03511736692	-1706.9865778371347
967.0	10309.90238415521	-1536.0754125894373
968.0	10000.136230214377	-1707.2170298136482
969.0	10606.194022894377	-1534.4895907521595
970.0	10294.475080658602	-1707.4255609447944
971.0	10903.29623846407	-1530.1305949972755
972.0	10590.325939297865	-1705.9296316986222
973.0	10887.476176346647	-1701.6606322750047
974.0	11299.733646283681	-1434.5151012383324
975.0	11173.503048297694	-1692.4596526710138
976.0	11183.400837911506	-1520.8383723480658
977.0	12693.31659067776	-1811.6424774969948
978.0	12667.030865393499	-1807.0766378805283
979.0	12741.948275647437	-1855.4475715827039
980.0	12722.25477895642	-1839.8028733814192
981.0	12715.330347110015	-1864.6997603894363
982.0	12139.213012541448	-1705.421987555318
983.0	12346.043806763215	-1471.2909247960488
984.0	12019.36633566123	-1398.0929431080415
985.0	12053.586493967758	-1789.5955458969709
986.0	12333.302659739596	-1475.0806800516873
987.0	12297.560422082453	-1406.9212307227133
988.0	12404.215258327788	-1570.5969517891926
989.0	12400.645184314972	-1531.283682719927
990.0	12476.718754079511	-1642.4514445230268
991.0	12486.871030642133	-1617.3131773140374
992.0	12535.569830230299	-1698.514731733085
993.0	12545.406629058765	-1673.4158428594812
994.0	12579.84874693442	-1740.3134430234002
995.0	12574.876071433182	-1701.2422253207671
996.0	12619.196422602108	-1742.783648278155
997.0	12624.153162056704	-1783.937988707448
998.0	12607.346669164268	-1802.4333011759538
999.0	12684.468436554513	-1824.440700099223
1000.0	12654.183073989241	-1830.701198421204
1001.0	12693.961372226195	-1833.9547547595428
1002.0	11898.495076360507	-1675.5691206505371
1003.0	11445.135907797407	-1712.7635861865929
1004.0	11687.219531265466	-1742.5760968454842
1005.0	11665.593646614658	-1405.5877736307712
1006.0	11499.59648043951	-1405.6202640542122
1007.0	11471.23141655766	-1591.8618690491378
1008.0	11592.49083265494	-1562.8826289577949
1009.0	12048.72983329229	-1374.333740615076
1010.0	11853.787665407965	-1432.4171183208837
1011.0	11593.093038979545	-1456.3767638561324
1012.0	11741.38488228481	-1450.805630518942
1013.0	11880.60974728027	-1515.925118887338
1014.0	11886.226382527195	-1763.915575017371
1015.0	12089.405360614342	-1426.3717090585576
1016.0	11980.479618297775	-1378.6833807751843
1017.0	12029.611328938	-1443.6463468726631
1018.0	12335.215392686956	-1449.479300142971
1019.0	12061.393148514178	-1720.9267444487205
1020.0	12138.315891831217	-1410.3322630633609
1021.0	12193.40543981894	-1803.2826597932917
1022.0	12316.281463051966	-1428.296025665003
1023.0	12269.803790754975	-1374.5810974904743
1024.0	12258.56972230885	-1389.7560238870462
1025.0	12251.98682166729	-1360.1108159252992
1026.0	12271.502354333856	-1402.2950535070047
1027.0	12243.556552278138	-1366.4646793004529
1028.0	12288.74893739442	-1423.3725769787345
1029.0	12223.12707119598	-1369.8879728353477
1030.0	12165.652212835505	-1377.939716459466
1031.0	12252.427423128212	-1382.5346609603903
1032.0	12279.000556407032	-1385.3861864966232
1033.0	12261.290647829517	-1372.4875895114246
1034.0	12230.006384029764	-1383.5575593821302
1035.0	12270.489763781565	-1383.3173749915575
1036.0	12197.119304337917	-1374.1760651036911
1037.0	12307.906324518966	-1444.6714579630063
1038.0	12276.641247190722	-1419.2401074432173
1039.0	12200.353586234205	-1394.0012775962057
1040.0	12306.883977797084	-1417.6128390676067
1041.0	12289.033675589963	-1404.9138243328623
1042.0	12291.160922308585	-1436.5340970699415
1043.0	12298.352207863587	-1415.6364952214608
1044.0	12229.679097841678	-1413.080042038904
1045.0	12128.081630525749	-1383.1053739730426
1046.0	12310.698212730538	-1458.0076386007904
1047.0	12325.730892169182	-1438.9173684522605
1048.0	12243.33679396181	-1380.1327591851923
1049.0	12670.169985400215	-1821.8614106515563
1050.0	12637.67820361439	-1817.3847696033547
1051.0	12181.31669603858	-1412.6590784114605
1052.0	12095.99275618481	-1620.392948813547
1053.0	12327.158201758013	-1466.2298251095747
1054.0	12277.717771167401	-1409.4966192960926
1055.0	12280.421331651038	-1447.44987147164
1056.0	12220.383504216385	-1397.0243905895068
1057.0	12258.850549418297	-1399.9911772910336
1058.0	12260.248714869786	-1424.2976303738085
1059.0	12345.661464786337	-1495.0689956086337
1060.0	12301.599288494406	-1437.5297045323796
1061.0	11955.914283493266	-1467.019865230088
1062.0	11992.747030786044	-1669.3957241191185
1063.0	11843.563482410418	-1593.0182982812894
1064.0	12023.46272981536	-1533.3051769696
1065.0	12214.725782259438	-1432.1753463815764
1066.0	12162.782776628648	-1405.1638245037504
1067.0	12068.318742950674	-1456.0955673882056
1068.0	12138.632357488748	-1465.0589993819385
1069.0	12122.950316349112	-1434.2022362020316
1070.0	12302.150637257602	-1486.1305264467007
1071.0	12360.260370140122	-1512.4895848848892
1072.0	12320.858730268155	-1459.081594489281
1073.0	12608.339252137519	-1754.4093038973815
1074.0	12643.80631265021	-1799.337262042189
1075.0	12558.015085826772	-1807.7747217376252
1076.0	12622.73249114353	-1768.656932188627
1077.0	12586.698795364564	-1797.1625693414446
1078.0	12609.064665879609	-1768.4692722409573
1079.0	12564.106288510118	-1712.665605564736
1080.0	12580.362582853602	-1768.8123805428522
1081.0	12593.53517403848	-1740.5538611261402
1082.0	12486.833943259393	-1795.700314883463
1083.0	12578.745496676538	-1726.6752166280194
1084.0	12570.486341273363	-1759.5515938743172
1085.0	12589.837462993077	-1778.479596925269
1086.0	12554.245534928414	-1760.512996878908
1087.0	12565.185360227866	-1726.2910660674663
1088.0	12488.208716698895	-1733.819061941538
1089.0	12524.44734289086	-1732.2483784268445
1090.0	12550.427446267147	-1712.393609859453
1091.0	12410.186807845168	-1781.194969753079
1092.0	12534.516923709167	-1684.8677241864445
1093.0	12511.176445902462	-1703.3178928705054
1094.0	12520.84339577797	-1684.526817127031
1095.0	12461.247831700372	-1614.72175827582
1096.0	12506.100505447741	-1670.5464860910781
1097.0	12416.699577248888	-1704.4253347467222
1098.0	12471.02651679464	-1668.0701593660144
1099.0	12490.415922886868	-1642.855744077737
1100.0	12417.920551898162	-1571.388112652383
1101.0	12475.832126745292	-1628.7534739134787
1102.0	12452.006620864258	-1771.6814175896122
1103.0	12490.741082289125	-1687.5918536659212
1104.0	12451.515830779592	-1649.429951489077
1105.0	12462.131907841516	-1628.4660513111712
1106.0	12389.259079645883	-1542.343710657415
1107.0	12447.375364569132	-1614.1064575821417
1108.0	12375.089162022361	-1527.632393481389
1109.0	12386.380378190059	-1635.7719801335306
1110.0	12432.43282289666	-1585.5555237586943
1111.0	12404.756796370144	-1598.6000315338106
1112.0	12418.778414571025	-1584.7834891316795
1113.0	12403.526838762393	-1556.9369969397274
1114.0	12198.991322595064	-1743.5584635608086
1115.0	12149.026330410377	-1655.8143974082357
1116.0	12368.754304817987	-1751.8566615469836
1117.0	12203.211797267875	-1639.8566191702366
1118.0	12414.204217176242	-1608.2637934850702
1119.0	12389.811975200037	-1556.0533207938151
1120.0	12356.197703817792	-1552.0721677656502
1121.0	12375.57568162598	-1541.3797915954926
1122.0	12346.158184623468	-1541.9017278562008
1123.0	12331.25204099549	-1487.126800671642
1124.0	12360.817609497108	-1526.2847745936344
1125.0	12316.780844689014	-1493.4212817616697
1126.0	12345.655971899903	-1508.9755186768025
1127.0	12017.533320587747	-1618.4695186310275
1128.0	12002.577980291413	-1480.2567094429521
1129.0	12550.047804140797	-1740.8906954674383
1130.0	12539.973666236774	-1785.4255357214045
1131.0	12521.008623120006	-1712.6588060545191
1132.0	12328.959783821274	-1520.621285557607
1133.0	12261.616814415936	-1439.3458743110243
1134.0	12314.494080401235	-1513.0092435794659
1135.0	12374.588724177696	-1571.6316480106682
1136.0	12379.057328432269	-1591.1261403906954
1137.0	12290.388733475209	-1719.7274036400931
1138.0	12328.904757187855	-1539.75230502826
1139.0	12367.819068336115	-1616.7052184111978
1140.0	12354.657850815354	-1568.614414044426
1141.0	12431.550049589621	-1629.5536106922957
1142.0	12394.968999020004	-1589.2077680233072
1143.0	12411.90954497394	-1624.656220229392
1144.0	12377.467900027352	-1718.084561526344
1145.0	12461.241651947605	-1658.7014471804416
1146.0	12414.71873656842	-1672.5619392388455
1147.0	12356.755674102897	-1686.0155537841447
1148.0	12434.80643965894	-1651.1328115638798
1149.0	12459.674513802935	-1738.8456873301145
1150.0	12444.879115855592	-1709.6954370576984
1151.0	12494.76186989787	-1706.7627716744516
1152.0	12469.392531142812	-1685.4978936605914
1153.0	12508.062012474338	-1749.963755509917
1154.0	12540.202672346624	-1731.6136434306734
1155.0	12295.073742822926	-1519.8012916353925
1156.0	12300.316858044875	-1469.91123452607
1157.0	12087.809959966695	-1498.5592690841297
1158.0	12186.393298438523	-1434.7774957474342
1159.0	12287.349447801878	-1502.3360234577524
1160.0	12069.987295477966	-1539.1585160952352
1161.0	11983.036042311714	-1571.2476756498702
1162.0	12124.57861877	-1499.6921739343886
1163.0	12149.951095703187	-1527.6868631223495
1164.0	12307.033692654195	-1554.9641915854743
1165.0	12108.020043571385	-1579.0244449580248
1166.0	12248.67343393091	-1412.2502660107127
1167.0	12247.07105821439	-1449.0116825555315
1168.0	12283.640526739598	-1463.9043532120186
1169.0	12151.2151849933	-1566.4198871348806
1170.0	12249.770065956705	-1580.1932158460756
1171.0	12186.98152140993	-1482.4716254001987
1172.0	12385.933179715224	-1662.0984982714
1173.0	12333.042439311583	-1586.067337110776
1174.0	12169.811768402928	-1461.6257812534086
1175.0	12268.600380712081	-1477.5040834151625
1176.0	12250.83542942197	-1470.7154099192912
1177.0	12287.668381709313	-1542.6252201707478
1178.0	12323.714121198953	-1675.558737964817
1179.0	12341.735052577767	-1614.6636490975206
1180.0	12205.470111073584	-1533.422859093658
1181.0	12307.41511140463	-1579.5040661113433
1182.0	12280.07993035473	-1628.4975375806787
1183.0	12260.630372665495	-1549.1835210128181
1184.0	12270.475522561632	-1499.716461740266
1185.0	12318.998161274592	-1638.4231261488922
1186.0	12230.91557681756	-1484.7394270544692
1187.0	12223.988538601154	-1447.7347157489376
1188.0	12189.710087297137	-1570.7616835679607
1189.0	12246.257923796225	-1656.5397668506919
1190.0	12277.189493750955	-1598.1747895298743
1191.0	12209.614376032128	-1593.8328162164246
1192.0	12251.161808538862	-1523.7400307599762
1193.0	12229.366814084899	-1515.5516695700508
1194.0	12212.82580778724	-1471.1827092615856
1195.0	12181.174587428939	-1513.8995327166895
