-- SG    KRG    KROG   PCOG
SGOF
0.00000000 0.00000000 1.00000000 0.01499902
0.10000000 0.00000000 0.72750865 0.01758463
0.10918367 0.00010412 0.70465242 0.01786749
0.11836735 0.00041649 0.68216098 0.01815960
0.12755102 0.00093711 0.66003433 0.01846142
0.13673469 0.00166597 0.63827248 0.01877344
0.14591837 0.00260308 0.61687541 0.01909618
0.15510204 0.00374844 0.59584314 0.01943022
0.16428571 0.00510204 0.57517566 0.01977615
0.17346939 0.00666389 0.55487297 0.02013462
0.18265306 0.00843399 0.53493507 0.02050632
0.19183673 0.01041233 0.51536197 0.02089200
0.20102041 0.01259892 0.49615365 0.02129247
0.21020408 0.01499375 0.47731013 0.02170859
0.21938776 0.01759683 0.45883140 0.02214129
0.22857143 0.02040816 0.44071746 0.02259159
0.23775510 0.02342774 0.42296832 0.02306059
0.24693878 0.02665556 0.40558396 0.02354946
0.25612245 0.03009163 0.38856440 0.02405951
0.26530612 0.03373594 0.37190963 0.02459214
0.27448980 0.03758850 0.35561965 0.02514888
0.28367347 0.04164931 0.33969446 0.02573141
0.29285714 0.04591837 0.32413407 0.02634156
0.30204082 0.05039567 0.30893846 0.02698134
0.31122449 0.05508122 0.29410765 0.02765297
0.32040816 0.05997501 0.27964163 0.02835887
0.32959184 0.06507705 0.26554040 0.02910176
0.33877551 0.07038734 0.25180396 0.02988460
0.34795918 0.07590587 0.23843232 0.03071071
0.35714286 0.08163265 0.22542546 0.03158378
0.36632653 0.08756768 0.21278340 0.03250792
0.37551020 0.09371095 0.20050613 0.03348776
0.38469388 0.10006247 0.18859365 0.03452848
0.39387755 0.10662224 0.17704597 0.03563593
0.40306122 0.11339025 0.16586307 0.03681676
0.41224490 0.12036651 0.15504497 0.03807848
0.42142857 0.12755102 0.14459166 0.03942971
0.43061224 0.13494377 0.13450314 0.04088033
0.43979592 0.14254477 0.12477941 0.04244169
0.44897959 0.15035402 0.11542048 0.04412699
0.45816327 0.15837151 0.10642633 0.04595158
0.46734694 0.16659725 0.09779698 0.04793346
0.47653061 0.17503124 0.08953242 0.05009387
0.48571429 0.18367347 0.08163265 0.05245805
0.49489796 0.19252395 0.07409768 0.05505624
0.50408163 0.20158267 0.06692749 0.05792494
0.51326531 0.21084965 0.06012210 0.06110868
0.52244898 0.22032486 0.05368150 0.06466230
0.53163265 0.23000833 0.04760569 0.06865414
0.54081633 0.23990004 0.04189467 0.07317045
0.55000000 0.25000000 0.03654844 0.07832165
0.55918367 0.26030820 0.03156701 0.08425144
0.56836735 0.27082466 0.02695037 0.09115031
0.57755102 0.28154935 0.02269852 0.09927621
0.58673469 0.29248230 0.01881146 0.10898715
0.59591837 0.30362349 0.01528919 0.12079480
0.60510204 0.31497293 0.01213171 0.13545614
0.61428571 0.32653061 0.00933903 0.15413940
0.62346939 0.33829654 0.00691114 0.17874359
0.63265306 0.35027072 0.00484804 0.21256552
0.64183673 0.36245314 0.00314973 0.26183609
0.65102041 0.37484382 0.00181621 0.33972196
0.66020408 0.38744273 0.00084749 0.47818132
0.66938776 0.40024990 0.00024355 0.75545184
0.67857143 0.41326531 0.00000441 0.95000000
0.68775510 0.42648896 0.00000000 0.95000000
0.69693878 0.43992087 0.00000000 0.95000000
0.70612245 0.45356102 0.00000000 0.95000000
0.71530612 0.46740941 0.00000000 0.95000000
0.72448980 0.48146606 0.00000000 0.95000000
0.73367347 0.49573095 0.00000000 0.95000000
0.74285714 0.51020408 0.00000000 0.95000000
0.75204082 0.52488546 0.00000000 0.95000000
0.76122449 0.53977509 0.00000000 0.95000000
0.77040816 0.55487297 0.00000000 0.95000000
0.77959184 0.57017909 0.00000000 0.95000000
0.78877551 0.58569346 0.00000000 0.95000000
0.79795918 0.60141608 0.00000000 0.95000000
0.80714286 0.61734694 0.00000000 0.95000000
0.81632653 0.63348605 0.00000000 0.95000000
0.82551020 0.64983340 0.00000000 0.95000000
0.83469388 0.66638900 0.00000000 0.95000000
0.84387755 0.68315285 0.00000000 0.95000000
0.85306122 0.70012495 0.00000000 0.95000000
0.86224490 0.71730529 0.00000000 0.95000000
0.87142857 0.73469388 0.00000000 0.95000000
0.88061224 0.75229071 0.00000000 0.95000000
0.88979592 0.77009579 0.00000000 0.95000000
0.89897959 0.78810912 0.00000000 0.95000000
0.90816327 0.80633070 0.00000000 0.95000000
0.91734694 0.82476052 0.00000000 0.95000000
0.92653061 0.84339858 0.00000000 0.95000000
0.93571429 0.86224490 0.00000000 0.95000000
0.94489796 0.88129946 0.00000000 0.95000000
0.95408163 0.90056227 0.00000000 0.95000000
0.96326531 0.92003332 0.00000000 0.95000000
0.97244898 0.93971262 0.00000000 0.95000000
0.98163265 0.95960017 0.00000000 0.95000000
0.99081633 0.97969596 0.00000000 0.95000000
1.00000000 1.00000000 0.00000000 0.95000000
/
0.00000000 0.00000000 1.00000000 0.00299999
0.10000000 0.00000000 0.78096268 0.00339473
0.10918367 0.00010412 0.76220275 0.00343625
0.11836735 0.00041649 0.74367089 0.00347880
0.12755102 0.00093711 0.72536710 0.00352242
0.13673469 0.00166597 0.70729138 0.00356714
0.14591837 0.00260308 0.68944372 0.00361302
0.15510204 0.00374844 0.67182414 0.00366009
0.16428571 0.00510204 0.65443262 0.00370840
0.17346939 0.00666389 0.63726917 0.00375801
0.18265306 0.00843399 0.62033380 0.00380896
0.19183673 0.01041233 0.60362649 0.00386132
0.20102041 0.01259892 0.58714725 0.00391513
0.21020408 0.01499375 0.57089607 0.00397046
0.21938776 0.01759683 0.55487297 0.00402738
0.22857143 0.02040816 0.53907794 0.00408595
0.23775510 0.02342774 0.52351097 0.00414626
0.24693878 0.02665556 0.50817207 0.00420837
0.25612245 0.03009163 0.49306124 0.00427237
0.26530612 0.03373594 0.47817849 0.00433834
0.27448980 0.03758850 0.46352380 0.00440639
0.28367347 0.04164931 0.44909717 0.00447660
0.29285714 0.04591837 0.43489862 0.00454909
0.30204082 0.05039567 0.42092814 0.00462397
0.31122449 0.05508122 0.40718572 0.00470135
0.32040816 0.05997501 0.39367138 0.00478136
0.32959184 0.06507705 0.38038510 0.00486415
0.33877551 0.07038734 0.36732689 0.00494985
0.34795918 0.07590587 0.35449675 0.00503862
0.35714286 0.08163265 0.34189468 0.00513064
0.36632653 0.08756768 0.32952068 0.00522609
0.37551020 0.09371095 0.31737475 0.00532515
0.38469388 0.10006247 0.30545688 0.00542803
0.39387755 0.10662224 0.29376709 0.00553498
0.40306122 0.11339025 0.28230536 0.00564622
0.41224490 0.12036651 0.27107170 0.00576202
0.42142857 0.12755102 0.26006611 0.00588268
0.43061224 0.13494377 0.24928859 0.00600849
0.43979592 0.14254477 0.23873914 0.00613981
0.44897959 0.15035402 0.22841776 0.00627699
0.45816327 0.15837151 0.21832445 0.00642044
0.46734694 0.16659725 0.20845920 0.00657060
0.47653061 0.17503124 0.19882203 0.00672796
0.48571429 0.18367347 0.18941292 0.00689303
0.49489796 0.19252395 0.18023188 0.00706642
0.50408163 0.20158267 0.17127891 0.00724874
0.51326531 0.21084965 0.16255401 0.00744073
0.52244898 0.22032486 0.15405718 0.00764316
0.53163265 0.23000833 0.14578842 0.00785691
0.54081633 0.23990004 0.13774772 0.00808297
0.55000000 0.25000000 0.12993510 0.00832241
0.55918367 0.26030820 0.12235054 0.00857648
0.56836735 0.27082466 0.11499406 0.00884655
0.57755102 0.28154935 0.10786564 0.00913417
0.58673469 0.29248230 0.10096529 0.00944113
0.59591837 0.30362349 0.09429301 0.00976944
0.60510204 0.31497293 0.08784880 0.01012140
0.61428571 0.32653061 0.08163265 0.01049966
0.62346939 0.33829654 0.07564458 0.01090730
0.63265306 0.35027072 0.06988457 0.01134787
0.64183673 0.36245314 0.06435264 0.01182553
0.65102041 0.37484382 0.05904877 0.01234516
0.66020408 0.38744273 0.05397297 0.01291255
0.66938776 0.40024990 0.04912524 0.01353461
0.67857143 0.41326531 0.04450558 0.01421964
0.68775510 0.42648896 0.04011399 0.01497770
0.69693878 0.43992087 0.03595046 0.01582113
0.70612245 0.45356102 0.03201501 0.01676521
0.71530612 0.46740941 0.02830762 0.01782910
0.72448980 0.48146606 0.02482831 0.01903715
0.73367347 0.49573095 0.02157706 0.02042079
0.74285714 0.51020408 0.01855388 0.02202129
0.75204082 0.52488546 0.01575877 0.02389396
0.76122449 0.53977509 0.01319173 0.02611467
0.77040816 0.55487297 0.01085275 0.02879034
0.77959184 0.57017909 0.00874185 0.03207671
0.78877551 0.58569346 0.00685902 0.03620971
0.79795918 0.60141608 0.00520425 0.04156467
0.80714286 0.61734694 0.00377755 0.04877710
0.81632653 0.63348605 0.00257892 0.05901502
0.82551020 0.64983340 0.00160836 0.07468349
0.83469388 0.66638900 0.00086587 0.10164505
0.84387755 0.68315285 0.00035145 0.15884448
0.85306122 0.70012495 0.00006510 0.35743483
0.86224490 0.71730529 0.00000000 0.95000000
0.87142857 0.73469388 0.00000000 0.95000000
0.88061224 0.75229071 0.00000000 0.95000000
0.88979592 0.77009579 0.00000000 0.95000000
0.89897959 0.78810912 0.00000000 0.95000000
0.90816327 0.80633070 0.00000000 0.95000000
0.91734694 0.82476052 0.00000000 0.95000000
0.92653061 0.84339858 0.00000000 0.95000000
0.93571429 0.86224490 0.00000000 0.95000000
0.94489796 0.88129946 0.00000000 0.95000000
0.95408163 0.90056227 0.00000000 0.95000000
0.96326531 0.92003332 0.00000000 0.95000000
0.97244898 0.93971262 0.00000000 0.95000000
0.98163265 0.95960017 0.00000000 0.95000000
0.99081633 0.97969596 0.00000000 0.95000000
1.00000000 1.00000000 0.00000000 0.95000000
/
0.00000000 0.00000000 1.00000000 0.00100000
0.10000000 0.00000000 0.78564050 0.00112820
0.10918367 0.00010412 0.76724924 0.00114165
0.11836735 0.00041649 0.74907580 0.00115541
0.12755102 0.00093711 0.73112018 0.00116951
0.13673469 0.00166597 0.71338238 0.00118396
0.14591837 0.00260308 0.69586240 0.00119878
0.15510204 0.00374844 0.67856024 0.00121396
0.16428571 0.00510204 0.66147590 0.00122954
0.17346939 0.00666389 0.64460938 0.00124552
0.18265306 0.00843399 0.62796068 0.00126193
0.19183673 0.01041233 0.61152980 0.00127877
0.20102041 0.01259892 0.59531674 0.00129606
0.21020408 0.01499375 0.57932150 0.00131383
0.21938776 0.01759683 0.56354408 0.00133210
0.22857143 0.02040816 0.54798448 0.00135088
0.23775510 0.02342774 0.53264270 0.00137019
0.24693878 0.02665556 0.51751874 0.00139007
0.25612245 0.03009163 0.50261260 0.00141053
0.26530612 0.03373594 0.48792428 0.00143161
0.27448980 0.03758850 0.47345378 0.00145332
0.28367347 0.04164931 0.45920110 0.00147570
0.29285714 0.04591837 0.44516624 0.00149878
0.30204082 0.05039567 0.43134920 0.00152260
0.31122449 0.05508122 0.41774998 0.00154718
0.32040816 0.05997501 0.40436857 0.00157257
0.32959184 0.06507705 0.39120499 0.00159881
0.33877551 0.07038734 0.37825923 0.00162594
0.34795918 0.07590587 0.36553129 0.00165401
0.35714286 0.08163265 0.35302117 0.00168306
0.36632653 0.08756768 0.34072887 0.00171315
0.37551020 0.09371095 0.32865438 0.00174434
0.38469388 0.10006247 0.31679772 0.00177668
0.39387755 0.10662224 0.30515888 0.00181024
0.40306122 0.11339025 0.29373786 0.00184510
0.41224490 0.12036651 0.28253465 0.00188132
0.42142857 0.12755102 0.27154927 0.00191900
0.43061224 0.13494377 0.26078171 0.00195822
0.43979592 0.14254477 0.25023196 0.00199907
0.44897959 0.15035402 0.23990004 0.00204166
0.45816327 0.15837151 0.22978594 0.00208611
0.46734694 0.16659725 0.21988966 0.00213254
0.47653061 0.17503124 0.21021119 0.00218108
0.48571429 0.18367347 0.20075055 0.00223188
0.49489796 0.19252395 0.19150772 0.00228511
0.50408163 0.20158267 0.18248272 0.00234093
0.51326531 0.21084965 0.17367554 0.00239955
0.52244898 0.22032486 0.16508617 0.00246118
0.53163265 0.23000833 0.15671463 0.00252606
0.54081633 0.23990004 0.14856090 0.00259446
0.55000000 0.25000000 0.14062500 0.00266666
0.55918367 0.26030820 0.13290692 0.00274300
0.56836735 0.27082466 0.12540665 0.00282383
0.57755102 0.28154935 0.11812421 0.00290957
0.58673469 0.29248230 0.11105958 0.00300069
0.59591837 0.30362349 0.10421278 0.00309769
0.60510204 0.31497293 0.09758379 0.00320118
0.61428571 0.32653061 0.09117263 0.00331182
0.62346939 0.33829654 0.08497928 0.00343038
0.63265306 0.35027072 0.07900376 0.00355774
0.64183673 0.36245314 0.07324605 0.00369493
0.65102041 0.37484382 0.06770616 0.00384312
0.66020408 0.38744273 0.06238410 0.00400370
0.66938776 0.40024990 0.05727985 0.00417827
0.67857143 0.41326531 0.05239343 0.00436877
0.68775510 0.42648896 0.04772482 0.00457747
0.69693878 0.43992087 0.04327403 0.00480710
0.70612245 0.45356102 0.03904107 0.00506100
0.71530612 0.46740941 0.03502592 0.00534320
0.72448980 0.48146606 0.03122859 0.00565874
0.73367347 0.49573095 0.02764909 0.00601388
0.74285714 0.51020408 0.02428740 0.00641659
0.75204082 0.52488546 0.02114353 0.00687710
0.76122449 0.53977509 0.01821749 0.00740882
0.77040816 0.55487297 0.01550926 0.00802964
0.77959184 0.57017909 0.01301885 0.00876403
0.78877551 0.58569346 0.01074626 0.00964627
0.79795918 0.60141608 0.00869150 0.01072601
0.80714286 0.61734694 0.00685455 0.01207792
0.81632653 0.63348605 0.00523542 0.01381975
0.82551020 0.64983340 0.00383411 0.01614859
0.83469388 0.66638900 0.00265063 0.01942130
0.84387755 0.68315285 0.00168496 0.02435739
0.85306122 0.70012495 0.00093711 0.03265656
0.86224490 0.71730529 0.00040708 0.04952792
0.87142857 0.73469388 0.00009487 0.10235362
0.88061224 0.75229071 0.00000000 0.95000000
0.88979592 0.77009579 0.00000000 0.95000000
0.89897959 0.78810912 0.00000000 0.95000000
0.90816327 0.80633070 0.00000000 0.95000000
0.91734694 0.82476052 0.00000000 0.95000000
0.92653061 0.84339858 0.00000000 0.95000000
0.93571429 0.86224490 0.00000000 0.95000000
0.94489796 0.88129946 0.00000000 0.95000000
0.95408163 0.90056227 0.00000000 0.95000000
0.96326531 0.92003332 0.00000000 0.95000000
0.97244898 0.93971262 0.00000000 0.95000000
0.98163265 0.95960017 0.00000000 0.95000000
0.99081633 0.97969596 0.00000000 0.95000000
1.00000000 1.00000000 0.00000000 0.95000000
/
0.00000000 0.00000000 1.00000000 0.00025000
0.10000000 0.00000000 0.78564050 0.00028205
0.10918367 0.00010412 0.76724924 0.00028541
0.11836735 0.00041649 0.74907580 0.00028885
0.12755102 0.00093711 0.73112018 0.00029238
0.13673469 0.00166597 0.71338238 0.00029599
0.14591837 0.00260308 0.69586240 0.00029969
0.15510204 0.00374844 0.67856024 0.00030349
0.16428571 0.00510204 0.66147590 0.00030739
0.17346939 0.00666389 0.64460938 0.00031138
0.18265306 0.00843399 0.62796068 0.00031548
0.19183673 0.01041233 0.61152980 0.00031969
0.20102041 0.01259892 0.59531674 0.00032402
0.21020408 0.01499375 0.57932150 0.00032846
0.21938776 0.01759683 0.56354408 0.00033302
0.22857143 0.02040816 0.54798448 0.00033772
0.23775510 0.02342774 0.53264270 0.00034255
0.24693878 0.02665556 0.51751874 0.00034752
0.25612245 0.03009163 0.50261260 0.00035263
0.26530612 0.03373594 0.48792428 0.00035790
0.27448980 0.03758850 0.47345378 0.00036333
0.28367347 0.04164931 0.45920110 0.00036893
0.29285714 0.04591837 0.44516624 0.00037470
0.30204082 0.05039567 0.43134920 0.00038065
0.31122449 0.05508122 0.41774998 0.00038680
0.32040816 0.05997501 0.40436857 0.00039314
0.32959184 0.06507705 0.39120499 0.00039970
0.33877551 0.07038734 0.37825923 0.00040649
0.34795918 0.07590587 0.36553129 0.00041350
0.35714286 0.08163265 0.35302117 0.00042077
0.36632653 0.08756768 0.34072887 0.00042829
0.37551020 0.09371095 0.32865438 0.00043608
0.38469388 0.10006247 0.31679772 0.00044417
0.39387755 0.10662224 0.30515888 0.00045256
0.40306122 0.11339025 0.29373786 0.00046128
0.41224490 0.12036651 0.28253465 0.00047033
0.42142857 0.12755102 0.27154927 0.00047975
0.43061224 0.13494377 0.26078171 0.00048955
0.43979592 0.14254477 0.25023196 0.00049977
0.44897959 0.15035402 0.23990004 0.00051042
0.45816327 0.15837151 0.22978594 0.00052153
0.46734694 0.16659725 0.21988966 0.00053314
0.47653061 0.17503124 0.21021119 0.00054527
0.48571429 0.18367347 0.20075055 0.00055797
0.49489796 0.19252395 0.19150772 0.00057128
0.50408163 0.20158267 0.18248272 0.00058523
0.51326531 0.21084965 0.17367554 0.00059989
0.52244898 0.22032486 0.16508617 0.00061530
0.53163265 0.23000833 0.15671463 0.00063152
0.54081633 0.23990004 0.14856090 0.00064862
0.55000000 0.25000000 0.14062500 0.00066667
0.55918367 0.26030820 0.13290692 0.00068575
0.56836735 0.27082466 0.12540665 0.00070596
0.57755102 0.28154935 0.11812421 0.00072740
0.58673469 0.29248230 0.11105958 0.00075017
0.59591837 0.30362349 0.10421278 0.00077443
0.60510204 0.31497293 0.09758379 0.00080030
0.61428571 0.32653061 0.09117263 0.00082796
0.62346939 0.33829654 0.08497928 0.00085760
0.63265306 0.35027072 0.07900376 0.00088944
0.64183673 0.36245314 0.07324605 0.00092374
0.65102041 0.37484382 0.06770616 0.00096078
0.66020408 0.38744273 0.06238410 0.00100093
0.66938776 0.40024990 0.05727985 0.00104457
0.67857143 0.41326531 0.05239343 0.00109220
0.68775510 0.42648896 0.04772482 0.00114437
0.69693878 0.43992087 0.04327403 0.00120178
0.70612245 0.45356102 0.03904107 0.00126526
0.71530612 0.46740941 0.03502592 0.00133581
0.72448980 0.48146606 0.03122859 0.00141470
0.73367347 0.49573095 0.02764909 0.00150349
0.74285714 0.51020408 0.02428740 0.00160417
0.75204082 0.52488546 0.02114353 0.00171930
0.76122449 0.53977509 0.01821749 0.00185223
0.77040816 0.55487297 0.01550926 0.00200745
0.77959184 0.57017909 0.01301885 0.00219105
0.78877551 0.58569346 0.01074626 0.00241163
0.79795918 0.60141608 0.00869150 0.00268159
0.80714286 0.61734694 0.00685455 0.00301960
0.81632653 0.63348605 0.00523542 0.00345512
0.82551020 0.64983340 0.00383411 0.00403743
0.83469388 0.66638900 0.00265063 0.00485582
0.84387755 0.68315285 0.00168496 0.00609033
0.85306122 0.70012495 0.00093711 0.00816651
0.86224490 0.71730529 0.00040708 0.01239025
0.87142857 0.73469388 0.00009487 0.02566176
0.88061224 0.75229071 0.00000000 0.95000000
0.88979592 0.77009579 0.00000000 0.95000000
0.89897959 0.78810912 0.00000000 0.95000000
0.90816327 0.80633070 0.00000000 0.95000000
0.91734694 0.82476052 0.00000000 0.95000000
0.92653061 0.84339858 0.00000000 0.95000000
0.93571429 0.86224490 0.00000000 0.95000000
0.94489796 0.88129946 0.00000000 0.95000000
0.95408163 0.90056227 0.00000000 0.95000000
0.96326531 0.92003332 0.00000000 0.95000000
0.97244898 0.93971262 0.00000000 0.95000000
0.98163265 0.95960017 0.00000000 0.95000000
0.99081633 0.97969596 0.00000000 0.95000000
1.00000000 1.00000000 0.00000000 0.95000000
/
0.00000000 0.00000000 1.00000000 0.00010000
0.10000000 0.00000000 0.78564050 0.00011282
0.10918367 0.00010412 0.76724924 0.00011416
0.11836735 0.00041649 0.74907580 0.00011554
0.12755102 0.00093711 0.73112018 0.00011695
0.13673469 0.00166597 0.71338238 0.00011840
0.14591837 0.00260308 0.69586240 0.00011988
0.15510204 0.00374844 0.67856024 0.00012140
0.16428571 0.00510204 0.66147590 0.00012295
0.17346939 0.00666389 0.64460938 0.00012455
0.18265306 0.00843399 0.62796068 0.00012619
0.19183673 0.01041233 0.61152980 0.00012788
0.20102041 0.01259892 0.59531674 0.00012961
0.21020408 0.01499375 0.57932150 0.00013138
0.21938776 0.01759683 0.56354408 0.00013321
0.22857143 0.02040816 0.54798448 0.00013509
0.23775510 0.02342774 0.53264270 0.00013702
0.24693878 0.02665556 0.51751874 0.00013901
0.25612245 0.03009163 0.50261260 0.00014105
0.26530612 0.03373594 0.48792428 0.00014316
0.27448980 0.03758850 0.47345378 0.00014533
0.28367347 0.04164931 0.45920110 0.00014757
0.29285714 0.04591837 0.44516624 0.00014988
0.30204082 0.05039567 0.43134920 0.00015226
0.31122449 0.05508122 0.41774998 0.00015472
0.32040816 0.05997501 0.40436857 0.00015726
0.32959184 0.06507705 0.39120499 0.00015988
0.33877551 0.07038734 0.37825923 0.00016259
0.34795918 0.07590587 0.36553129 0.00016540
0.35714286 0.08163265 0.35302117 0.00016831
0.36632653 0.08756768 0.34072887 0.00017132
0.37551020 0.09371095 0.32865438 0.00017443
0.38469388 0.10006247 0.31679772 0.00017767
0.39387755 0.10662224 0.30515888 0.00018102
0.40306122 0.11339025 0.29373786 0.00018451
0.41224490 0.12036651 0.28253465 0.00018813
0.42142857 0.12755102 0.27154927 0.00019190
0.43061224 0.13494377 0.26078171 0.00019582
0.43979592 0.14254477 0.25023196 0.00019991
0.44897959 0.15035402 0.23990004 0.00020417
0.45816327 0.15837151 0.22978594 0.00020861
0.46734694 0.16659725 0.21988966 0.00021325
0.47653061 0.17503124 0.21021119 0.00021811
0.48571429 0.18367347 0.20075055 0.00022319
0.49489796 0.19252395 0.19150772 0.00022851
0.50408163 0.20158267 0.18248272 0.00023409
0.51326531 0.21084965 0.17367554 0.00023996
0.52244898 0.22032486 0.16508617 0.00024612
0.53163265 0.23000833 0.15671463 0.00025261
0.54081633 0.23990004 0.14856090 0.00025945
0.55000000 0.25000000 0.14062500 0.00026667
0.55918367 0.26030820 0.13290692 0.00027430
0.56836735 0.27082466 0.12540665 0.00028238
0.57755102 0.28154935 0.11812421 0.00029096
0.58673469 0.29248230 0.11105958 0.00030007
0.59591837 0.30362349 0.10421278 0.00030977
0.60510204 0.31497293 0.09758379 0.00032012
0.61428571 0.32653061 0.09117263 0.00033118
0.62346939 0.33829654 0.08497928 0.00034304
0.63265306 0.35027072 0.07900376 0.00035578
0.64183673 0.36245314 0.07324605 0.00036949
0.65102041 0.37484382 0.06770616 0.00038431
0.66020408 0.38744273 0.06238410 0.00040037
0.66938776 0.40024990 0.05727985 0.00041783
0.67857143 0.41326531 0.05239343 0.00043688
0.68775510 0.42648896 0.04772482 0.00045775
0.69693878 0.43992087 0.04327403 0.00048071
0.70612245 0.45356102 0.03904107 0.00050610
0.71530612 0.46740941 0.03502592 0.00053432
0.72448980 0.48146606 0.03122859 0.00056588
0.73367347 0.49573095 0.02764909 0.00060139
0.74285714 0.51020408 0.02428740 0.00064167
0.75204082 0.52488546 0.02114353 0.00068772
0.76122449 0.53977509 0.01821749 0.00074089
0.77040816 0.55487297 0.01550926 0.00080298
0.77959184 0.57017909 0.01301885 0.00087642
0.78877551 0.58569346 0.01074626 0.00096465
0.79795918 0.60141608 0.00869150 0.00107264
0.80714286 0.61734694 0.00685455 0.00120784
0.81632653 0.63348605 0.00523542 0.00138205
0.82551020 0.64983340 0.00383411 0.00161498
0.83469388 0.66638900 0.00265063 0.00194234
0.84387755 0.68315285 0.00168496 0.00243615
0.85306122 0.70012495 0.00093711 0.00326666
0.86224490 0.71730529 0.00040708 0.00495629
0.87142857 0.73469388 0.00009487 0.01026635
0.88061224 0.75229071 0.00000000 0.95000000
0.88979592 0.77009579 0.00000000 0.95000000
0.89897959 0.78810912 0.00000000 0.95000000
0.90816327 0.80633070 0.00000000 0.95000000
0.91734694 0.82476052 0.00000000 0.95000000
0.92653061 0.84339858 0.00000000 0.95000000
0.93571429 0.86224490 0.00000000 0.95000000
0.94489796 0.88129946 0.00000000 0.95000000
0.95408163 0.90056227 0.00000000 0.95000000
0.96326531 0.92003332 0.00000000 0.95000000
0.97244898 0.93971262 0.00000000 0.95000000
0.98163265 0.95960017 0.00000000 0.95000000
0.99081633 0.97969596 0.00000000 0.95000000
1.00000000 1.00000000 0.00000000 0.95000000
/
0.00000000 0.00000000 1.00000000 0.00001000
0.10000000 0.00000000 0.79012346 0.00001125
0.10918367 0.00010412 0.77208699 0.00001138
0.11836735 0.00041649 0.75425877 0.00001151
0.12755102 0.00093711 0.73663880 0.00001165
0.13673469 0.00166597 0.71922707 0.00001179
0.14591837 0.00260308 0.70202359 0.00001194
0.15510204 0.00374844 0.68502836 0.00001208
0.16428571 0.00510204 0.66824137 0.00001223
0.17346939 0.00666389 0.65166263 0.00001239
0.18265306 0.00843399 0.63529214 0.00001255
0.19183673 0.01041233 0.61912989 0.00001271
0.20102041 0.01259892 0.60317589 0.00001288
0.21020408 0.01499375 0.58743013 0.00001305
0.21938776 0.01759683 0.57189263 0.00001322
0.22857143 0.02040816 0.55656337 0.00001340
0.23775510 0.02342774 0.54144235 0.00001359
0.24693878 0.02665556 0.52652958 0.00001378
0.25612245 0.03009163 0.51182506 0.00001398
0.26530612 0.03373594 0.49732879 0.00001418
0.27448980 0.03758850 0.48304076 0.00001439
0.28367347 0.04164931 0.46896098 0.00001460
0.29285714 0.04591837 0.45508944 0.00001482
0.30204082 0.05039567 0.44142615 0.00001505
0.31122449 0.05508122 0.42797111 0.00001529
0.32040816 0.05997501 0.41472432 0.00001553
0.32959184 0.06507705 0.40168577 0.00001578
0.33877551 0.07038734 0.38885547 0.00001604
0.34795918 0.07590587 0.37623341 0.00001630
0.35714286 0.08163265 0.36381960 0.00001658
0.36632653 0.08756768 0.35161404 0.00001686
0.37551020 0.09371095 0.33961672 0.00001716
0.38469388 0.10006247 0.32782765 0.00001747
0.39387755 0.10662224 0.31624683 0.00001778
0.40306122 0.11339025 0.30487426 0.00001811
0.41224490 0.12036651 0.29370993 0.00001845
0.42142857 0.12755102 0.28275384 0.00001881
0.43061224 0.13494377 0.27200601 0.00001917
0.43979592 0.14254477 0.26146642 0.00001956
0.44897959 0.15035402 0.25113507 0.00001995
0.45816327 0.15837151 0.24101198 0.00002037
0.46734694 0.16659725 0.23109713 0.00002080
0.47653061 0.17503124 0.22139052 0.00002125
0.48571429 0.18367347 0.21189216 0.00002172
0.49489796 0.19252395 0.20260205 0.00002222
0.50408163 0.20158267 0.19352019 0.00002273
0.51326531 0.21084965 0.18464657 0.00002327
0.52244898 0.22032486 0.17598120 0.00002384
0.53163265 0.23000833 0.16752408 0.00002443
0.54081633 0.23990004 0.15927520 0.00002506
0.55000000 0.25000000 0.15123457 0.00002571
0.55918367 0.26030820 0.14340218 0.00002641
0.56836735 0.27082466 0.13577805 0.00002714
0.57755102 0.28154935 0.12836215 0.00002791
0.58673469 0.29248230 0.12115451 0.00002873
0.59591837 0.30362349 0.11415511 0.00002960
0.60510204 0.31497293 0.10736396 0.00003052
0.61428571 0.32653061 0.10078105 0.00003150
0.62346939 0.33829654 0.09440639 0.00003255
0.63265306 0.35027072 0.08823998 0.00003366
0.64183673 0.36245314 0.08228182 0.00003486
0.65102041 0.37484382 0.07653190 0.00003615
0.66020408 0.38744273 0.07099023 0.00003753
0.66938776 0.40024990 0.06565680 0.00003903
0.67857143 0.41326531 0.06053162 0.00004065
0.68775510 0.42648896 0.05561469 0.00004240
0.69693878 0.43992087 0.05090600 0.00004432
0.70612245 0.45356102 0.04640556 0.00004642
0.71530612 0.46740941 0.04211337 0.00004873
0.72448980 0.48146606 0.03802942 0.00005128
0.73367347 0.49573095 0.03415372 0.00005411
0.74285714 0.51020408 0.03048627 0.00005727
0.75204082 0.52488546 0.02702706 0.00006083
0.76122449 0.53977509 0.02377610 0.00006485
0.77040816 0.55487297 0.02073339 0.00006945
0.77959184 0.57017909 0.01789892 0.00007475
0.78877551 0.58569346 0.01527270 0.00008092
0.79795918 0.60141608 0.01285473 0.00008820
0.80714286 0.61734694 0.01064500 0.00009692
0.81632653 0.63348605 0.00864352 0.00010756
0.82551020 0.64983340 0.00685028 0.00012082
0.83469388 0.66638900 0.00526530 0.00013781
0.84387755 0.68315285 0.00388855 0.00016036
0.85306122 0.70012495 0.00272006 0.00019174
0.86224490 0.71730529 0.00175981 0.00023838
0.87142857 0.73469388 0.00100781 0.00031500
0.88061224 0.75229071 0.00046406 0.00046421
0.88979592 0.77009579 0.00012855 0.00088200
0.89897959 0.78810912 0.00000129 0.00881980
0.90816327 0.80633070 0.00000000 0.95000000
0.91734694 0.82476052 0.00000000 0.95000000
0.92653061 0.84339858 0.00000000 0.95000000
0.93571429 0.86224490 0.00000000 0.95000000
0.94489796 0.88129946 0.00000000 0.95000000
0.95408163 0.90056227 0.00000000 0.95000000
0.96326531 0.92003332 0.00000000 0.95000000
0.97244898 0.93971262 0.00000000 0.95000000
0.98163265 0.95960017 0.00000000 0.95000000
0.99081633 0.97969596 0.00000000 0.95000000
1.00000000 1.00000000 0.00000000 0.95000000
/
