1.0	11580.358272169055	-1956.5955478585722
2.0	12922.307035223523	-2023.1802654833207
3.0	12928.709477229504	-2046.2923282803813
4.0	12960.65622470679	-2072.1039305734344
5.0	12980.10764025743	-2149.0450805308665
6.0	13125.714792970408	-2189.7969731732846
7.0	13216.897458356694	-2234.340168978681
8.0	13383.499159736113	-2346.012394808783
9.0	13317.020062240974	-2301.1230421909586
10.0	13425.67372353562	-2391.0887816044096
11.0	13180.843007270681	-2688.321002486148
12.0	13492.089441581391	-2436.202285629899
13.0	13295.627331263886	-2878.5737958819846
14.0	13659.201662847869	-2548.1245868700285
15.0	13484.122942932705	-2897.4072398799385
16.0	13647.169538581415	-2908.975872602729
17.0	13752.66189699706	-2813.469042206698
18.0	13863.519055982057	-2677.330501050396
19.0	13787.504112285009	-2919.9648557259407
20.0	13909.25730240375	-2929.8575842856603
21.0	14071.546759897625	-2800.178617548645
22.0	14015.00397459564	-2939.5711296090735
23.0	14165.738088046017	-2837.9707676552575
24.0	14108.521388981417	-2946.723513097091
25.0	14191.772242653527	-2950.3589190649423
26.0	14228.366101934937	-2971.8641215323937
27.0	14306.207178138799	-2915.876643434578
28.0	14293.890453238671	-2973.392029206005
29.0	14357.245619408228	-2971.018866542265
30.0	14403.435485886794	-2977.413768471484
31.0	85.3825157852588	-2904.595583668343
32.0	193.10252028687555	-2789.454924151881
33.0	100.60245491928738	-1955.4202250286532
34.0	1053.7485975615427	-1951.9073023797466
35.0	9042.14728730299	-2054.5050526491855
36.0	9343.760730694112	-2054.828766034267
37.0	9645.37533971561	-2055.1527049301376
38.0	9946.99097091031	-2055.4772207444325
39.0	10248.6096131551	-2055.8033122865995
40.0	10550.24612192119	-2056.1305746657836
41.0	10851.859388348952	-2056.3977136546123
42.0	13250.342723612077	-2256.526547951985
43.0	13350.30610006484	-2323.5420845766325
44.0	14445.531752555835	-2983.798609379017
45.0	12895.819493679264	-1997.5130135955187
46.0	11702.532322935616	-2038.161033377206
47.0	12100.021592675703	-1987.881342287703
48.0	13017.825053231705	-2097.7499363226652
49.0	12831.317228585149	-2842.014183859621
50.0	13416.706102276401	-2368.569545644364
51.0	13582.92474138762	-2481.203563119215
52.0	13717.237197849703	-2569.690698836963
53.0	13819.220516478077	-2634.169715931051
54.0	13956.738728014936	-2717.5592800945333
55.0	14026.074423484295	-2758.2732896890648
56.0	14131.296453952054	-2816.939023096289
57.0	14200.80660622124	-2857.5475583540647
58.0	14262.028171211701	-2901.482834224707
59.0	14340.550389773469	-2945.4695733956473
60.0	14382.39224414734	-2958.2673669568526
61.0	14422.006402009092	-2971.0411216934212
62.0	376.96404757701697	-2873.2887765065934
63.0	694.6953323598206	-2893.408563643532
64.0	1001.2446465505858	-2894.705949272268
65.0	90.84361120672354	-2293.9529149829186
66.0	347.96919747408964	-2086.2178972272627
67.0	1301.0332036733969	-2894.6465117153602
68.0	1600.8217969343625	-2894.75792130086
69.0	1900.6103867765557	-2894.831721223876
70.0	2200.3989623655903	-2894.869317545519
71.0	2500.187542834524	-2894.9066100792515
72.0	2799.976123148299	-2894.943589712801
73.0	3099.7647013505666	-2894.980270621742
74.0	3399.5532814191865	-2895.0166643057723
75.0	3699.3418625407962	-2895.0527653752124
76.0	3999.130441801117	-2895.088584711803
77.0	4298.919020314922	-2895.124130809329
78.0	4598.707600720139	-2895.1594121716566
79.0	4898.496178591751	-2895.1944462287925
80.0	5198.287533219981	-2895.2343573622366
81.0	5498.078953781788	-2895.27416279512
82.0	5797.870355748419	-2895.313706325486
83.0	6097.661746793332	-2895.3530081610547
84.0	6397.453111381973	-2895.3920738259203
85.0	6697.244465604795	-2895.43091444217
86.0	6997.0357993042135	-2895.469536415594
87.0	7296.827116109813	-2895.507950388235
88.0	7596.618417548893	-2895.5461651883365
89.0	7896.409698450713	-2895.584195139152
90.0	8196.200967423218	-2895.6220435747673
91.0	8495.992212761586	-2895.659712258516
92.0	8795.783444434459	-2895.697219145139
93.0	9095.57465399074	-2895.7345607753546
94.0	9395.365853308203	-2895.7717519842354
95.0	9695.157028961776	-2895.8087924227293
96.0	9994.948187452626	-2895.8456824125187
97.0	11494.357208373787	-2895.6634969468328
98.0	10294.739328965754	-2895.8824385309304
99.0	10594.530453296196	-2895.919055546088
100.0	10894.321554308319	-2895.955544796259
101.0	11194.101924179415	-2895.9773367627567
102.0	11442.576171729057	-2049.032064750733
103.0	11794.469244874543	-2894.503055749538
104.0	12094.014489046398	-2896.1386255911093
105.0	12430.185679266428	-1905.2841986370404
106.0	12400.7573229131	-2899.264790195028
107.0	12251.297668554536	-2805.50079341654
108.0	12625.750170184636	-1989.4998736462323
109.0	12875.94525103604	-1994.9673768239106
110.0	12780.83328120547	-1890.4472286156904
111.0	12720.530117346976	-1885.1082343084747
112.0	12669.74650192242	-1889.239889170748
113.0	12650.329632706636	-1954.1184009688834
114.0	12008.989958259197	-1938.013706138421
115.0	12525.98650335716	-1899.5745169689978
116.0	13050.470160412971	-2121.3133930212202
117.0	12838.137625114512	-1948.6985644716633
118.0	12690.450537926758	-2913.287790129425
119.0	13083.50483539694	-2144.5155261783
120.0	12953.026319604929	-2048.950546320659
121.0	13116.66870310367	-2167.281898282401
122.0	12985.420605732927	-2073.622829343219
123.0	13141.635027990827	-2238.8639867909405
124.0	12315.034152891754	-1911.7753946112462
125.0	13183.448572894524	-2212.1467890245362
126.0	12993.49701979938	-2096.6187892241
127.0	13078.467574614719	-2195.269135546174
128.0	13059.168524698216	-2144.0431406046214
129.0	13100.716665869268	-2210.4329056673
130.0	13092.40123930398	-2167.1080614602038
131.0	13283.684219846473	-2278.7544022916722
132.0	13149.99205970086	-2189.8071589589636
133.0	13159.17202591137	-2212.2778828717533
134.0	13226.107796248018	-2256.7484710613776
135.0	13192.663265542686	-2234.5631794248543
136.0	13090.048529724309	-2746.523126308018
137.0	13189.906996895697	-2928.6286899779657
138.0	13483.101474724434	-2413.7031741586966
139.0	13326.06967290827	-2323.628084812321
140.0	13292.761475070363	-2301.2377158169897
141.0	13368.008243332673	-2391.764574697638
142.0	12958.071836531917	-2918.6996020725323
143.0	13184.71617843632	-2266.8954505800484
144.0	13549.587287892145	-2458.7612362397635
145.0	13449.902936264903	-2391.138836163783
146.0	13458.87535660839	-2413.6473227896263
147.0	13616.35443772737	-2503.5404058689223
148.0	13516.321451477352	-2436.25077873033
149.0	13553.276197739471	-2620.3644440722696
150.0	13649.858077941573	-2525.7370710279097
151.0	13525.341628069684	-2458.7451261329857
152.0	13392.141109049402	-2939.976041720451
153.0	13438.807443787106	-2459.883204812537
154.0	13641.749527736654	-2574.854663895602
155.0	13614.15815739427	-2579.308695537144
156.0	13592.092001727646	-2503.6726740972103
157.0	13751.099791072054	-2591.3617331863475
158.0	13625.606041813206	-2525.967234847967
159.0	13785.076754836859	-2612.8524835024295
160.0	13683.463730142425	-2547.7941631607755
161.0	13567.713128817863	-2947.4854247989083
162.0	13675.568273451443	-2596.983946363413
163.0	13692.957319063857	-2570.1493959231016
164.0	13853.438883019015	-2655.2665555487742
165.0	13760.81970830454	-2613.588703220073
166.0	13719.294348788777	-2951.5648644400458
167.0	13746.224850752458	-2642.7645008568065
168.0	13873.583360511437	-2719.880635656922
169.0	13922.209960590446	-2696.9725866603676
170.0	13794.949335147257	-2635.0421152696413
171.0	13887.755574781675	-2676.198151015308
172.0	13991.351505801707	-2737.9849934927656
173.0	13897.963994273121	-2698.2246002426837
174.0	13849.876721351478	-2958.4918571086096
175.0	13794.304486554378	-2859.3116625013085
176.0	13976.058987495757	-2851.5627373243656
177.0	13932.51940966557	-2718.9422518610236
178.0	14060.87269103845	-2778.3997415321537
179.0	13963.953788343713	-2961.4727141229655
180.0	13983.464177322408	-2784.8096614667816
181.0	14056.926774672394	-2829.141779167741
182.0	14001.855675340857	-2759.8619193959926
183.0	14142.169385823154	-2838.6425596596714
184.0	14095.73492558348	-2798.3840261197815
185.0	14062.77026270442	-2968.218584682856
186.0	14002.995030226486	-2868.9796632711
187.0	14187.083718083733	-2901.7579289755927
188.0	14151.273599566552	-2968.6366380949335
189.0	14101.014687012823	-2847.216786450453
190.0	14105.96273444309	-2910.5893976806074
191.0	14235.05518782539	-2876.2662620543683
192.0	14272.992997368348	-2923.1370946724132
193.0	14176.671430606017	-2859.607453627637
194.0	14201.470095610233	-2919.784752207946
195.0	14237.013715674211	-2902.874058679487
196.0	14262.318117029034	-2955.1054433025874
197.0	14316.303476720967	-2947.847547537374
198.0	107.72000450161674	-2608.945753741745
199.0	754.4386100763804	-1951.419574975427
200.0	191.44606612601092	-2097.429100096864
201.0	1354.9428182279642	-1952.2159072303066
202.0	388.40328189359326	-2446.4246667972707
203.0	1201.46195675806	-2045.7687581056605
204.0	1656.6264525022332	-1952.614671920525
205.0	1502.5324469408888	-2046.1342667703404
206.0	1958.288171176319	-1953.0469333399387
207.0	1804.0704351313825	-2046.6234320038745
208.0	2259.953248843493	-1953.4118310215993
209.0	2105.5898667147803	-2047.0787302288509
210.0	2561.6384288529284	-1953.7442205046284
211.0	2407.1327596335286	-2047.4341565174427
212.0	2863.3307782048846	-1954.0723805331538
213.0	2708.702924237058	-2047.752845152899
214.0	3165.0251155986884	-1954.4002301062471
215.0	3010.2822462249565	-2048.0669938784195
216.0	3466.719695312968	-1954.7283928182644
217.0	3311.863798575179	-2048.3811452874315
218.0	3768.413899886899	-1955.0569997729838
219.0	3613.445218105528	-2048.6960540780706
220.0	4070.105590693301	-1955.3861570640447
221.0	3915.0237487279996	-2049.011957447753
222.0	4371.793949713678	-1955.7160632204589
223.0	4216.596433796917	-2049.3291600191296
224.0	4673.482052371187	-1956.041091443664
225.0	4518.165530716941	-2049.6422335226507
226.0	4975.171797071977	-1956.3742234242445
227.0	4819.736013317379	-2049.958532850338
228.0	5276.857263914807	-1956.7057730015204
229.0	5121.3038601031385	-2050.281353532096
230.0	5578.475799339754	-1957.0301082346252
231.0	5422.800497613054	-2050.595377466379
232.0	5880.166692028659	-1957.3746057697438
233.0	5724.302560969045	-2050.9223493585046
234.0	6181.933425848484	-1957.7193203201114
235.0	6025.952822719912	-2051.2697005678924
236.0	6483.650654221362	-1958.0481249572788
237.0	6327.629420154753	-2051.601358879329
238.0	6785.351586561902	-1958.3774910265963
239.0	6629.240216110309	-2051.917668709716
240.0	7087.056055231537	-1958.7148854844256
241.0	6930.838252362624	-2052.242568360765
242.0	7388.775233164827	-1959.0501231226106
243.0	7232.454534207686	-2052.5733395806806
244.0	7690.4877008474905	-1959.3816249024603
245.0	7534.078815065779	-2052.898218122617
246.0	7992.198543472904	-1959.7113727697497
247.0	7835.694760615996	-2053.2176068936583
248.0	8293.909626339582	-1960.0424209523
249.0	8137.309321350224	-2053.5365420673998
250.0	8595.619436752293	-1960.3748751306377
251.0	8438.922849871751	-2053.85818355219
252.0	8897.329066505825	-1960.707567766712
253.0	8740.534925280132	-2054.181469490504
254.0	9199.03916353301	-1961.040319165418
255.0	9500.74987465481	-1961.3731420278918
256.0	9802.461137312373	-1961.7061189373862
257.0	10104.172870607372	-1962.0395187182849
258.0	9851.027304813068	-2614.3721720204708
259.0	10405.887144315022	-1962.3740713556515
260.0	10150.915069049981	-2614.42887843556
261.0	10707.616744131321	-1962.7086419735672
262.0	10450.800620353679	-2614.4852078680237
263.0	10750.66289974716	-2614.5288670216705
264.0	11411.324524873415	-2233.4498355100677
265.0	11305.46331151879	-1962.3854282740642
266.0	11009.062345112141	-1962.98279321859
267.0	13221.166143292481	-2401.1387351497597
268.0	13259.462608423435	-2278.941694686813
269.0	13308.190826165364	-2350.3752389129145
270.0	13359.290088840315	-2346.0387768590945
271.0	12605.360648299591	-1894.1367252841621
272.0	12900.569412820385	-2018.7846194256679
273.0	11533.223042766802	-2322.5829890919813
274.0	11814.838152414266	-1951.7969164866336
275.0	12175.709046292037	-1920.543105365932
276.0	13012.903381203689	-2173.8629267539986
277.0	13026.184977843872	-2120.5629043927966
278.0	13080.014303013833	-2857.324232847733
279.0	12841.003496113983	-2713.542395938113
280.0	13248.217109647283	-2311.364949250921
281.0	13409.954127005296	-2418.484973595902
282.0	13392.468824318692	-2368.5301242366622
283.0	13579.383062610405	-2556.349745851619
284.0	13558.665979176614	-2481.2497620176523
285.0	13720.033652490622	-2647.8453107183236
286.0	13726.84914673491	-2591.9745514446745
287.0	13822.43290028117	-2711.408235090082
288.0	13829.203542409707	-2656.2886738694633
289.0	13960.284319948774	-2771.1955423149643
290.0	13967.136469587267	-2739.4733553841306
291.0	14030.105160401246	-2834.892552828825
292.0	14036.672982260132	-2780.1007161769085
293.0	14124.431808284355	-2860.449672477911
294.0	14107.105349302983	-2818.821744922016
295.0	14164.528432529716	-2889.5031213686434
296.0	14210.917892228164	-2878.371304387129
297.0	518.6283157013332	-2778.232989885286
298.0	1009.044348571857	-2518.0629390945473
299.0	844.5735928094897	-2799.613458535608
300.0	198.56361570834028	-2457.6294263965024
301.0	597.7891330132758	-2223.3908762944707
302.0	902.7651133643379	-2045.3142867268796
303.0	458.33049610594054	-1944.4369294097835
304.0	437.2064087400552	-2271.536952514085
305.0	849.0387839745769	-2611.507859923209
306.0	609.1543766665973	-2038.1857746330143
307.0	1186.1044855877662	-2233.959175075784
308.0	1151.1243372719694	-2800.8145238769016
309.0	1486.461005929239	-2234.1802239282692
310.0	1450.9090381840451	-2800.829612520119
311.0	1787.4556149960044	-2234.7242385087848
312.0	1750.6937718155025	-2800.9779386432588
313.0	2088.3390953170856	-2235.158391724253
314.0	2050.47848777503	-2801.052451502543
315.0	2389.2804331554253	-2235.4374393906487
316.0	2350.263194361297	-2801.0904569725444
317.0	2690.2754957579236	-2235.671974792876
318.0	2650.0479056723048	-2801.1278457544518
319.0	2991.2861098237568	-2235.900603795293
320.0	2949.8326147166463	-2801.164622911567
321.0	3292.299779052526	-2236.1285275294426
322.0	3249.617323515833	-2801.2008141191636
323.0	3593.3129411812683	-2236.356964543583
324.0	3549.402035234362	-2801.236425487259
325.0	3894.322154903433	-2236.586666792316
326.0	3849.1867461445913	-2801.2714625079147
327.0	4195.323705244201	-2236.8188442232718
328.0	4148.971454447016	-2801.3059445566564
329.0	4496.3249925355185	-2237.0410148432898
330.0	4448.756163894337	-2801.339888631135
331.0	4797.3227908755425	-2237.2650526339553
332.0	4748.540872699465	-2801.3733206652237
333.0	5098.319959907938	-2237.5055352247705
334.0	5048.328355727605	-2801.411382470429
335.0	5399.245117616815	-2237.7394061955183
336.0	5348.1186814459425	-2801.454215651381
337.0	5700.134348963315	-2238.0166657080395
338.0	5647.909054502678	-2801.4966812292564
339.0	6001.236014220751	-2238.349355065231
340.0	5947.699398042521	-2801.5386432098153
341.0	6302.350872663087	-2238.6208735712075
342.0	6247.489704204375	-2801.580127324875
343.0	6603.3886685362095	-2238.86178872098
344.0	6547.279973544136	-2801.6211502206156
345.0	6904.420624944661	-2239.1224379425353
346.0	6847.070211994674	-2801.661729424915
347.0	7205.470018345542	-2239.389433064925
348.0	7146.860413027994	-2801.7018819856044
349.0	7506.524380907882	-2239.6391455251137
350.0	7446.650581800975	-2801.741627372972
351.0	7807.572460493894	-2239.8826360439202
352.0	7746.4407146701715	-2801.780988738514
353.0	8108.623564083573	-2240.1230906095475
354.0	8046.230815072794	-2801.8199837395696
355.0	8409.669569835896	-2240.3658866565634
356.0	8346.020879911966	-2801.858617473559
357.0	8710.711328006648	-2240.6098086832576
358.0	8645.810907451507	-2801.8969096585565
359.0	9011.752313760746	-2240.8534158825223
360.0	8945.600899208957	-2801.9348747900203
361.0	9312.793708155443	-2241.096549628405
362.0	9245.390858611	-2801.9725242437416
363.0	9613.835669830563	-2241.339317522912
364.0	9545.180784110338	-2802.009872505741
365.0	9914.878110480951	-2241.582186008041
366.0	9844.970668783062	-2802.0469195486494
367.0	11044.119132969581	-2802.1777927309176
368.0	10215.923028001658	-2241.8265620788966
369.0	10144.760519315338	-2802.0836822714755
370.0	10516.98363327086	-2242.0720049787756
371.0	10444.550335687201	-2802.1201720196696
372.0	11050.329934583182	-2614.421315908297
373.0	10940.800903383575	-2334.4468779585573
374.0	10744.340111558065	-2802.156394899623
375.0	11117.554511712804	-2241.3541103807
376.0	11344.362337563352	-2801.848861496117
377.0	11350.582640404287	-2612.9906212967053
378.0	11151.95432988494	-2055.737233063843
379.0	11686.648740389011	-2219.7307038512804
380.0	11644.937208786776	-2800.337697097523
381.0	12273.121802892272	-2054.616242199205
382.0	11933.740459628048	-2195.6164199134587
383.0	11944.802039987684	-2800.7759423564244
384.0	12519.12323200044	-2583.721287294203
385.0	12379.5776092982	-1946.0658717699241
386.0	11918.80933135891	-2019.3386549285724
387.0	12218.658080653577	-2137.3859402555354
388.0	12374.166988418023	-2188.827865620846
389.0	12552.68447437606	-2822.6136581249048
390.0	12253.268720883905	-1961.4699556633223
391.0	12397.364845937833	-2026.5990395071174
392.0	12483.853320389893	-1933.744160199634
393.0	12879.880763529205	-2033.9256182916972
394.0	12570.379868154632	-1922.4962737008282
395.0	12808.110815953596	-1918.3821664485215
396.0	12869.809214312436	-1975.3273260146823
397.0	12760.829347583589	-1882.2739423077794
398.0	12641.302618551532	-1912.0791422648972
399.0	12771.551049492164	-1928.9041289892891
400.0	12743.39971907325	-1895.9667265639173
401.0	12733.31948348574	-1943.1619379676406
402.0	12698.03460641515	-1902.9844584428868
403.0	12795.37160318221	-1965.988549610295
404.0	12846.619037617564	-1971.749087176543
405.0	12786.161946941329	-1911.6127675197833
406.0	12814.592163544583	-1942.452346208337
407.0	12843.458470898875	-2019.1659812814898
408.0	14135.857512430914	-2889.6735482145036
409.0	14068.5466213518	-2889.890964760876
410.0	12832.396272521866	-1993.0613182735706
411.0	12905.109460495712	-2068.2261285990007
412.0	12705.430936381197	-1935.5735143246366
413.0	12798.514369790175	-2028.409008349882
414.0	12774.279358142057	-1959.2097313199854
415.0	12748.792755245966	-1921.4313743413338
416.0	12749.916928784185	-1970.603310625603
417.0	12940.02575114984	-2098.0897035707344
418.0	12647.486992301689	-2038.1878926834186
419.0	12804.694299656441	-1993.546998970649
420.0	12498.739812825546	-2000.4000157992832
421.0	12740.932338032291	-2000.96288078595
422.0	12686.169846043573	-1963.8682037564838
423.0	12581.742375884569	-1975.8201633589117
424.0	12953.924297925143	-2181.9821731341744
425.0	12253.69570766716	-2635.970439004017
426.0	12552.235503522752	-2019.5542622267305
427.0	12462.85940834171	-2052.473221973883
428.0	11949.970028259777	-2603.925989402555
429.0	12101.580516431115	-2529.7583182247167
430.0	12047.017038881511	-2237.9880194770285
431.0	11650.119673726787	-2608.7136718382517
432.0	10906.85514411101	-2520.571540095685
433.0	11239.811846491008	-2332.420076350256
434.0	10607.103526151766	-2520.6565635164893
435.0	10817.997764792523	-2242.244921077723
436.0	10307.144163366873	-2520.592670543369
437.0	10640.492631924564	-2334.4972797096693
438.0	11206.53302863395	-2519.3626197407248
439.0	11804.819698086643	-2506.0290775363974
440.0	11813.8856981368	-2309.6443519455947
441.0	11505.759976154734	-2515.18123148815
442.0	10007.159373217277	-2520.516131048425
443.0	10339.938070511256	-2334.3387514609403
444.0	9551.138972255932	-2614.3151131431546
445.0	10039.37342502457	-2334.16773377419
446.0	9707.171853137375	-2520.4392855319643
447.0	9738.808606997965	-2333.997696793769
448.0	9251.250055674254	-2614.2572767189436
449.0	9407.183238517051	-2520.361745096851
450.0	9438.243182231092	-2333.827538214804
451.0	8951.360506839916	-2614.198547740847
452.0	9107.193458684951	-2520.282986201384
453.0	9137.677167452099	-2333.656465992892
454.0	8651.470252922505	-2614.1388994052263
455.0	8807.202397536414	-2520.2028818426356
456.0	8837.110495690096	-2333.484270192803
457.0	8351.578904191878	-2614.078311968274
458.0	8507.209582512492	-2520.1213964999006
459.0	8536.542559442953	-2333.310917427765
460.0	8051.684723693186	-2614.0168645084846
461.0	8207.212900323517	-2520.0386188383964
462.0	8235.970589037077	-2333.136672598821
463.0	7751.7864420063925	-2613.954690951969
464.0	7907.209334407325	-2519.954778121521
465.0	7935.390486084153	-2332.9629504621594
466.0	7451.892536672679	-2613.889568675086
467.0	7607.206099756819	-2519.867808703906
468.0	7634.810966567492	-2332.787581455219
469.0	7152.00064776673	-2613.823330205892
470.0	7307.209305720255	-2519.777339910637
471.0	7334.236283144784	-2332.607144009351
472.0	6852.10569674887	-2613.7452945791542
473.0	7007.211518797146	-2519.6745497901215
474.0	7033.653911951427	-2332.4108485504403
475.0	6552.209899713477	-2613.6673066407743
476.0	6707.209876528333	-2519.560636016568
477.0	6733.082411569839	-2332.2014806196307
478.0	6252.320992027431	-2613.600019262074
479.0	6407.214325374371	-2519.4581221832777
480.0	6432.520559155597	-2332.011759660421
481.0	5952.420786429361	-2613.5170157889006
482.0	6107.214423003228	-2519.3512726773383
483.0	6131.938069857658	-2331.8184895093286
484.0	5652.5074009542295	-2613.3880564969627
485.0	5807.19009058681	-2519.183454172278
486.0	5831.281671523769	-2331.548576616618
487.0	5352.658221478264	-2613.2936441351176
488.0	5507.216840265661	-2519.004966546563
489.0	5530.752207337787	-2331.2684533132997
490.0	5052.767737132245	-2613.2293047541257
491.0	5207.266454656942	-2518.8917081296695
492.0	5230.317983723368	-2331.0739834233336
493.0	4752.879293428748	-2613.1719218762896
494.0	4907.273980725673	-2518.8109697235554
495.0	4929.77467443494	-2330.904924900536
496.0	4452.995630455313	-2613.129092215648
497.0	4607.285488010399	-2518.747216967235
498.0	4629.228291747927	-2330.7463925479205
499.0	4153.107092207979	-2613.0843918610985
500.0	4307.294124636862	-2518.691781698284
501.0	4328.680682979539	-2330.6045287452403
502.0	3853.2218802049842	-2613.033275789203
503.0	4007.301213622473	-2518.6288452975327
504.0	4028.1312683160177	-2330.45055061275
505.0	3553.334847766342	-2612.982780725922
506.0	3707.309809133169	-2518.5609338951635
507.0	3727.580029138073	-2330.292619583059
508.0	3253.4467550206996	-2612.9319819707507
509.0	3407.3155254560334	-2518.494187396022
510.0	3427.023398866056	-2330.1366855257875
511.0	2953.5582909142454	-2612.880359274443
512.0	3107.3198090530327	-2518.427174836205
513.0	3126.4649596748363	-2329.9812222651312
514.0	2653.670651363249	-2612.8274426768553
515.0	2807.3245450368427	-2518.3589229980807
516.0	2825.90721332455	-2329.8251200900045
517.0	2353.7894036245525	-2612.7725479646033
518.0	2507.3364977887236	-2518.2882979937144
519.0	2525.358673895691	-2329.666633017811
520.0	2053.934613689973	-2612.7092619532236
521.0	2207.381297543789	-2518.2082189882585
522.0	2224.850150967695	-2329.494775390207
523.0	1754.1142105640429	-2612.5542349398734
524.0	1907.486951440039	-2518.06482797117
525.0	1924.4225796432463	-2329.2274013402507
526.0	1454.201217627593	-2612.249400306177
527.0	1607.5344151264508	-2517.754005383533
528.0	1623.9401913552053	-2328.7614355833634
529.0	1154.4588481281535	-2612.2771123115804
530.0	889.2099609316671	-2234.038175813499
531.0	524.6064545964449	-2586.506944029308
532.0	1307.659893973129	-2517.5288879360974
533.0	1323.5139060460206	-2328.4522813583585
534.0	729.5182139903882	-2325.3485657235033
535.0	705.1386624200192	-2513.576919175155
536.0	1024.8359739585783	-2328.82160843649
537.0	12352.67447153975	-2085.4548488843225
538.0	12124.239484544009	-2374.134211279496
539.0	12123.117545028877	-2111.577890641424
540.0	12286.406772086555	-2231.885825925076
541.0	14023.338987781346	-2897.3776251035774
542.0	14075.024278068086	-2855.7422292673145
543.0	14020.52543684816	-2807.630365854484
544.0	13914.427177775835	-2745.5563896359145
545.0	13907.709403814626	-2880.003757147452
546.0	13991.535380053878	-2810.7506814374296
547.0	13855.129197031725	-2847.984836745769
548.0	13943.804860209559	-2852.0084565325265
549.0	13931.794346486704	-2775.895604800258
550.0	13850.58102315157	-2705.9231554762723
551.0	13919.17617620506	-2809.1072213730426
552.0	13846.403983486516	-2774.529849471486
553.0	13775.226731898989	-2683.7770141283795
554.0	13879.737094939024	-2745.2427598494965
555.0	13646.215003845957	-2840.796917486246
556.0	13811.135592502354	-2683.8376989848944
557.0	13812.102126188527	-2754.652804892721
558.0	13868.47589604168	-2808.055095830689
559.0	13769.023500475529	-2657.1003883515386
560.0	13774.877701269084	-2760.578495178878
561.0	13686.830329094622	-2677.2292185683605
562.0	13710.377865705557	-2619.282331339917
563.0	13749.299614758356	-2717.273240519724
564.0	13495.543939183497	-2815.135399665684
565.0	13578.179590333197	-2797.0346294681713
566.0	13683.376871207933	-2623.8330291725174
567.0	13537.603182627305	-2505.4457375831876
568.0	13599.992153042627	-2743.727027907484
569.0	13648.622549418795	-2601.3587906266607
570.0	13488.837655013538	-2494.2435860962837
571.0	13530.819377738864	-2673.4835701649004
572.0	13607.358256377114	-2552.8087823316287
573.0	13474.577126200651	-2462.513499935429
574.0	13573.368412046771	-2529.6404665962455
575.0	13615.908426286505	-2630.4043365866687
576.0	13300.218203302078	-2787.6563914964736
577.0	13446.129994279667	-2754.7166605291854
578.0	13543.138355157434	-2531.367331183785
579.0	13376.525924760053	-2419.200188096833
580.0	13376.415400262185	-2746.063359698323
581.0	13515.370146986612	-2490.426719193409
582.0	13276.769050043154	-2352.860180348271
583.0	13432.093641051799	-2433.5161391379365
584.0	13412.574314122554	-2488.648552442625
585.0	13040.373022053654	-2170.779641508118
586.0	13470.922802255516	-2531.229906193041
587.0	13291.106652297705	-2417.223274978849
588.0	13367.184647727323	-2492.008635363849
589.0	13345.90117371569	-2376.7878451088814
590.0	13207.004724555141	-2281.691868201668
591.0	13270.38930961545	-2326.227699873709
592.0	13157.964487867614	-2271.065164098918
593.0	13031.183878614154	-2324.984296739364
594.0	13107.456934679178	-2237.0291953721667
595.0	13025.768763574828	-2235.465082358392
596.0	13050.775668063123	-2199.413101167767
597.0	13007.413701279147	-2146.375937222079
598.0	12946.7176276861	-2645.5958227819824
599.0	13081.418303845423	-2267.18454647293
600.0	12579.71185638595	-2081.227051715692
601.0	12576.43724603113	-2465.084542255976
602.0	12974.55088338983	-2122.1009006030195
603.0	12892.326391953036	-2168.6050590193972
604.0	12945.843995766425	-2125.0907137194376
605.0	12825.401936007644	-2045.6099632904413
606.0	12908.795829314191	-2096.8701196365782
607.0	12863.817272718175	-2017.4938009936905
608.0	12843.898343496292	-2070.267229378914
609.0	12878.018369198551	-2060.2550646679697
610.0	13698.537327510634	-2712.789199682918
611.0	13698.10242253382	-2805.937521961599
612.0	12493.210129306832	-2132.523296199011
613.0	12268.088682124353	-2342.2239681134324
614.0	12381.765214002271	-2564.802865767115
615.0	12876.330967077622	-2126.3147493328215
616.0	12705.07380239622	-2001.8161975598348
617.0	12768.779356416608	-2035.4962208022123
618.0	12838.524572556888	-2107.6829230061885
619.0	12975.775795836802	-2198.896448167888
620.0	12761.682737708225	-2075.824062614039
621.0	12984.186753076667	-2334.184972873549
622.0	12930.60949880619	-2166.1614394718576
623.0	13141.325678528801	-2307.3435109541138
624.0	12978.238532198471	-2231.8651441126326
625.0	13030.6289197092	-2663.276784938405
626.0	13038.56709641659	-2269.024475581216
627.0	13072.999403773842	-2347.855223138921
628.0	13198.669182104066	-2352.5599859441995
629.0	13098.957587818257	-2305.2976847468994
630.0	13247.40809421949	-2708.213563819785
631.0	13521.720351584181	-2569.96717079854
632.0	13430.429143778076	-2528.265167662275
633.0	13362.531705141606	-2667.0560597682856
634.0	13458.042014490218	-2623.4266408756775
635.0	13487.171588635856	-2573.5147402325724
636.0	13592.673986851682	-2615.7307203580262
637.0	13546.785174515353	-2587.483382771378
638.0	13661.498122736413	-2660.4578630367064
639.0	13620.975401847636	-2662.65432618761
640.0	13575.284142412203	-2701.0998360515982
641.0	13669.55593955812	-2748.562934096973
642.0	12449.208083781226	-2210.022130468769
643.0	12739.96204607581	-2634.19177486069
644.0	12630.955550864819	-2086.1809718850595
645.0	12797.44800093787	-2115.7636673791953
646.0	12773.605056260958	-2154.5238018817395
647.0	12556.566886653864	-2142.1228795133725
648.0	12719.786289352893	-2130.270330859102
649.0	12690.970411176337	-2040.7544138094206
650.0	12862.68571810904	-2213.759412535961
651.0	12600.605244278915	-2200.7116374024376
652.0	12373.499220346566	-2426.680501821751
653.0	13219.99415314305	-2313.893199656383
654.0	13259.936386265714	-2396.500148003541
655.0	13319.03833819731	-2381.0383069270124
656.0	13269.396374054884	-2519.655602118026
657.0	12502.984114253117	-2293.169028360329
658.0	12592.509714996282	-2671.989430777679
659.0	13481.747733451963	-2681.287744516702
660.0	13397.176495865539	-2564.9716177842515
661.0	12485.767558282205	-2386.923984559686
662.0	12659.525775604203	-2412.302343891574
663.0	12719.732328104024	-2080.2289388473623
664.0	12791.363521714535	-2344.1408044434866
665.0	12591.024517403775	-2274.258951979636
666.0	12674.492930988332	-2138.788885022801
667.0	12667.287594134517	-2192.4237227424987
668.0	12798.512833620278	-2203.9404412249824
669.0	13303.965906932275	-2569.0370037725006
670.0	13408.540580197345	-2617.8482569581233
671.0	13111.19994844309	-2378.6438665614546
672.0	12779.846835234954	-2524.7186639949455
673.0	12944.039739502745	-2274.625213469642
674.0	13002.795779566657	-2467.4551292762203
675.0	12761.991155386064	-2263.302900966459
676.0	12888.621530178129	-2270.990137379144
677.0	12656.896491005935	-2315.231709814591
678.0	13300.865599826642	-2640.5370197931948
679.0	13069.46155735125	-2484.4091870844045
680.0	13301.433430948882	-2457.7328285690305
681.0	13212.601652435134	-2518.717562841079
682.0	13354.267927915434	-2542.67940457372
683.0	13348.919683638165	-2456.443461013634
684.0	13157.892380678304	-2349.2392235161974
685.0	13165.368772775391	-2586.360051981858
686.0	12875.011658894466	-2495.064224711265
687.0	12969.241184875076	-2392.219625686179
688.0	12704.6696882513	-2257.556435076284
689.0	12940.841001307439	-2536.5907624208794
690.0	12894.293653140863	-2403.67879844832
691.0	12853.821012017841	-2342.0090695451927
692.0	12736.671339178043	-2435.464972630294
693.0	13190.294026290036	-2449.9357569430144
694.0	13121.104632866407	-2430.7616507827115
695.0	13091.418071115135	-2571.2257823854866
