1.0	14141.714859237822	-2752.795860111683
2.0	14174.067738566091	-2723.728854610749
3.0	14208.54587743115	-2692.7507514268073
4.0	14247.352876993276	-2664.408223519623
5.0	14285.8328844727	-2635.9321292990026
6.0	14280.459510005421	-1920.4424685421884
7.0	14506.751514549404	-1947.0536218454217
8.0	14557.236159831316	-1949.4855158128137
9.0	14607.738164405235	-1951.8658300750933
10.0	14658.250559301423	-1954.1760541475687
11.0	14708.753667043735	-1956.4182543973604
12.0	14759.258459785515	-1958.6028967429017
13.0	14911.269607684635	-1966.0814802040368
14.0	14961.593704187513	-1968.5793370996983
15.0	15011.81099027449	-1969.7540867114305
16.0	15063.823840778003	-1974.8865367386743
17.0	15124.431512723631	-2008.432377439083
18.0	15188.151859095376	-1965.9278044559971
19.0	15235.160598039189	-1957.4290006177673
20.0	12940.633440929778	-1978.380102899782
21.0	12977.198009439786	-1980.9943390133951
22.0	13026.299316508086	-1969.9151641420747
23.0	13054.04200875698	-1980.2532779838666
24.0	13103.15492919986	-1966.3459469794745
25.0	13133.066341029773	-2110.965848240087
26.0	13151.369993366272	-1959.2283826187893
27.0	13300.96220151719	-1936.9067938585065
28.0	13350.524744576134	-1931.4489815003215
29.0	13332.498939163934	-2243.6534124987797
30.0	13450.062994402593	-1923.4621081325706
31.0	13499.992760268193	-1920.7897293477781
32.0	13650.26021123494	-1917.1117298398483
33.0	13564.475062706753	-2399.1409206040003
34.0	13801.007171310988	-1918.320246342609
35.0	13851.348033479217	-1919.4471437261727
36.0	13731.431942014135	-2507.945651285089
37.0	13952.092057956099	-1922.3784818938286
38.0	14002.481669388988	-1924.1200337636812
39.0	13866.596166982805	-2592.3699265854743
40.0	13958.746837938263	-2632.18645589635
41.0	13993.006195958718	-2652.3532474760873
42.0	14061.857254649125	-2692.058909607456
43.0	14107.2988493192	-2732.9876297194473
44.0	12960.038577322151	-1993.6617272339051
45.0	14915.363168597023	-2188.5073378984835
46.0	13007.080206659217	-2022.593987841774
47.0	13028.624822146028	-2038.1990559051544
48.0	13065.683839068652	-2064.7141356661086
49.0	13099.987454388982	-2088.3976107079543
50.0	13166.267054762107	-2133.1094416270225
51.0	14634.808480604961	-2396.7119406905313
52.0	13199.570409971311	-2155.0923826484272
53.0	13232.874630727898	-2177.12806195015
54.0	14554.649998321516	-2456.198970059688
55.0	13266.129340006395	-2199.242617561213
56.0	13299.335279378814	-2221.422839782963
57.0	14514.570757179792	-2485.9424847442656
58.0	13365.629769738742	-2265.910440772705
59.0	13398.748843900794	-2288.1781820608658
60.0	13431.863345278116	-2310.4434676829846
61.0	13464.979210006595	-2332.688369810131
62.0	14434.412274896347	-2545.4295141134226
63.0	13498.112564265859	-2354.897809691402
64.0	13531.274292138116	-2377.0538864876066
65.0	13597.725335314315	-2421.141687771005
66.0	14394.333033754623	-2575.173028798
67.0	13631.034984006887	-2443.0380976121255
68.0	13664.413651605397	-2464.8095737960098
69.0	13697.878720907634	-2486.44791299908
70.0	13765.075519839476	-2529.29335279635
71.0	13798.814021736129	-2550.4827665974703
72.0	13832.654371623707	-2571.510725200635
73.0	14354.2537926129	-2604.916543482579
74.0	13900.640620226824	-2613.0491695992328
75.0	14254.508240560988	-1934.8135989541086
76.0	14474.491516038068	-2515.685999428844
77.0	14304.933057455875	-1937.2111796532633
78.0	14594.729239463239	-2426.4554553751095
79.0	14456.281313961665	-1944.5917310542366
80.0	14674.887721746685	-2366.968426005953
81.0	14714.966962888408	-2337.2249113213747
82.0	14755.04620403013	-2307.481396636797
83.0	14795.125445171854	-2277.737881952218
84.0	14835.204686313577	-2247.99436726764
85.0	14875.283927455299	-2218.250852583062
86.0	14809.767216535423	-1960.7324820571775
87.0	14955.441912136024	-2158.76315269666
88.0	14995.45876746706	-2128.737685016103
89.0	15035.60730943409	-2099.286363629511
90.0	15075.778595621909	-2068.692599444726
91.0	15113.690872521584	-2034.2949976017426
92.0	15155.847446776877	-2011.597617891075
93.0	15208.441103944708	-1977.258010407486
94.0	14165.47643826961	-2750.206997272655
95.0	14037.939093169194	-2693.845971420422
96.0	14096.46352498311	-2711.589044908073
97.0	14198.78708497135	-2719.638476931445
98.0	13934.794808165158	-2633.543156051839
99.0	14129.135577347746	-1913.5529833814817
100.0	14179.567455818373	-1915.767208520796
101.0	14237.594084533477	-2691.2959490242597
102.0	14275.91472465622	-2662.857523302004
103.0	14303.436508202709	-1968.3441111150669
104.0	14314.636322568464	-2634.20214054244
105.0	14306.504009708447	-2581.7599960363054
106.0	14431.81362678577	-1927.80270997363
107.0	14381.357977287174	-1925.3297913854624
108.0	14532.741974811825	-1932.7237140406608
109.0	14583.215329265375	-1935.1319966786987
110.0	14597.565013681926	-2346.5265504435597
111.0	14633.706332289197	-1937.4785436166367
112.0	14666.997797157695	-2314.461742619746
113.0	14684.193092371861	-1939.7522845959932
114.0	14734.677710322654	-1941.963312117692
115.0	14886.1425711743	-1948.2932896159361
116.0	14785.168868624385	-1944.1184378466185
117.0	14867.114278241686	-2164.8936383258992
118.0	14877.44083597052	-2137.5141810200635
119.0	14835.6594360748	-1946.2237993058168
120.0	14937.138054195522	-1951.550067100232
121.0	14986.942674350003	-1952.8334185721078
122.0	15037.83223182498	-1954.7586215409171
123.0	15138.522767259767	-1958.5043720183946
124.0	15089.433908004234	-1960.0017643733556
125.0	15084.441902710385	-2035.7838443081557
126.0	15162.277696022027	-1980.438402149867
127.0	15114.036331008612	-1976.5838424127512
128.0	13003.086319159493	-1993.9782153901672
129.0	13075.861052779192	-1957.6650835012995
130.0	13051.115369601166	-2036.8608874284566
131.0	13125.007149669902	-1946.4076244771031
132.0	13224.240176963887	-1931.6952731294284
133.0	13154.693676897617	-2008.292907135213
134.0	13274.19706261431	-1924.5422639450783
135.0	13112.78682767361	-1992.026343839352
136.0	13173.771037002369	-1941.4799731552375
137.0	13173.1674167035	-2086.6100943577108
138.0	13200.789725240063	-1952.8989625922368
139.0	13251.270764892766	-1943.5064289402565
140.0	13424.029596560516	-1909.5388071516238
141.0	13324.012002607664	-1918.520900524146
142.0	13339.915139616556	-2196.7418283233583
143.0	13373.964573811556	-1913.5426674355324
144.0	13451.998206359807	-1954.6945509312561
145.0	13400.234394912984	-1926.9910680225066
146.0	13574.676747626427	-1902.6115179344913
147.0	13624.99473135768	-1901.7299828455773
148.0	13474.178341146506	-1906.4349363997055
149.0	13524.39946359542	-1904.1532070372086
150.0	13725.713414005635	-1901.640992732464
151.0	13550.01395970519	-1918.8941867646147
152.0	13776.10655942267	-1902.2771545007593
153.0	13600.109033335122	-1917.6936317538639
154.0	13571.761052468057	-2352.1904225338335
155.0	13675.340262282945	-1901.4323433600064
156.0	13775.098842535264	-1964.6988988455353
157.0	13700.46242697395	-1917.073930638551
158.0	13927.38547390436	-1905.9939368716189
159.0	13750.713458146156	-1917.5026276504534
160.0	13638.072945700094	-2396.056120063127
161.0	13826.518128112863	-1903.2637703265843
162.0	13876.952879846634	-1904.5213084280722
163.0	13850.571544294646	-1950.6355000813576
164.0	14078.694852938608	-1911.4503628658113
165.0	13901.715547480431	-1920.812692378205
166.0	13977.823496531084	-1907.653895867932
167.0	13771.36049591245	-2482.206871441547
168.0	14028.262986643284	-1909.4779781503569
169.0	14001.356270457989	-1955.2844764356971
170.0	14228.548646936984	-2639.0696151237116
171.0	14204.08009761989	-1932.4764327168953
172.0	14052.870737105817	-1926.0171677850612
173.0	14076.177407059013	-1973.7607011629987
174.0	14190.182508201913	-2667.269404425223
175.0	13890.56335486046	-2591.2768652349414
176.0	13969.06283636957	-2653.8464197010385
177.0	14008.027771823263	-2626.668612085006
178.0	14003.444524591983	-2673.9516774989384
179.0	14027.373768711494	-2672.313524879023
180.0	14151.001390178577	-2711.379545159845
181.0	14042.24044960703	-2646.537051447354
182.0	14072.557778190538	-2713.526293838539
183.0	14076.996633104662	-2666.5097389755306
184.0	14130.740924833952	-2731.47255607783
185.0	14113.516106171495	-2687.6248636264045
186.0	14910.534798030569	-1997.720262537008
187.0	13123.998333044101	-2088.241136474549
188.0	13134.114421858385	-2037.9957782351873
189.0	13064.023688090114	-2010.8748738517736
190.0	13106.547587545161	-2039.591774244372
191.0	13089.66511451669	-2064.3528201047134
192.0	13205.735540499649	-1985.1476418378352
193.0	13157.073318815177	-2110.8193726735885
194.0	13255.786497147035	-1973.6423279084486
195.0	13190.295167452756	-2132.9271569646876
196.0	13353.630002557918	-1962.6121528638917
197.0	13304.736603039031	-1968.1495271266024
198.0	13223.613421439391	-2154.9391651784476
199.0	13290.171473039365	-2199.194338836518
200.0	14454.758902979462	-1975.7085232361258
201.0	14565.381807194046	-2428.7849817969673
202.0	13273.33743495032	-2151.8728074928804
203.0	13256.917262800724	-2177.030290971814
204.0	13306.709456931474	-2174.3683603952304
205.0	13323.373475898508	-2221.414333530361
206.0	14525.302566052325	-2458.5284964815455
207.0	14404.304966022464	-1973.241822677812
208.0	13356.527232018336	-2243.6672992861445
209.0	13389.653704577482	-2265.9315310752004
210.0	13600.65886717359	-1948.944051274957
211.0	13501.411637523952	-1952.0370433621313
212.0	13422.772214142331	-2288.1965093719596
213.0	13550.972478765363	-1950.1471259435573
214.0	13522.131873788587	-2354.8410913571083
215.0	13455.885210379513	-2310.448396526835
216.0	13650.446283776306	-1948.354353660073
217.0	13472.455250279285	-2285.7731235361002
218.0	14364.98560148543	-2577.502555219858
219.0	14445.144083768873	-2518.015525850702
220.0	14176.772387686402	-1978.0593856146443
221.0	13489.000488911248	-2332.669049626846
222.0	13505.550604109392	-2307.974291439672
223.0	13555.291020384162	-2376.948758696469
224.0	13538.647694779474	-2330.1178598089023
225.0	13588.488509846131	-2398.976516267399
226.0	14405.064842627153	-2547.75904053528
227.0	13621.733653197427	-2420.906074852184
228.0	13688.41134280726	-2464.391988969803
229.0	13800.394443143925	-1949.5243122828715
230.0	13655.03535407585	-2442.7158316802856
231.0	13721.873900219745	-2485.930529541834
232.0	13755.422351549982	-2507.3228956236076
233.0	13822.794905289868	-2549.6328906948656
234.0	13951.065100314174	-1953.5499048840118
235.0	13789.060003885248	-2528.5584701502444
236.0	13804.880777437567	-2503.3666277573016
237.0	13856.630183420166	-2570.542793973705
238.0	13838.495123261802	-2524.364260184329
239.0	14325.023521534153	-2607.043893394883
240.0	13881.12108955631	-2493.079179185068
241.0	13924.599539429968	-2611.8258891699984
242.0	14101.966965445936	-1959.2061566772136
243.0	14103.266519226408	-1928.0548049943397
244.0	13939.906794915098	-2586.3130724475013
245.0	14153.666926600554	-1930.2150957964204
246.0	14346.363868023911	-2552.409860096372
247.0	14386.443109165635	-2522.6663454117934
248.0	14230.016360627918	-1918.071123291461
249.0	14397.168807973312	-2495.24412386645
250.0	14485.223324910598	-2488.2720111661233
251.0	14330.902608155584	-1922.8691106755205
252.0	14405.825642187445	-1942.12057366897
253.0	14466.60159144908	-2463.1793160426373
254.0	14506.680832590806	-2433.4358013580595
255.0	14355.372483332816	-1939.654846649797
256.0	14353.855870563479	-1970.7807437415315
257.0	14517.406531398483	-2406.0135798127153
258.0	14605.461048335768	-2399.041467112389
259.0	14586.839314874253	-2373.9487719889034
260.0	14482.270816894279	-1930.2739563262473
261.0	14656.852350628737	-1985.2890741882784
262.0	14555.750709551392	-1980.5983324854285
263.0	14645.54028947749	-2369.2979524278107
264.0	14685.619530619211	-2339.5544377432325
265.0	14707.389402353838	-1987.534603263223
266.0	14606.292952980257	-1982.9762952189894
267.0	14725.698771760937	-2309.8109230586547
268.0	14707.077038299418	-2284.7182279351687
269.0	14765.778012902658	-2280.067408374076
270.0	14757.928627289606	-1989.722422800139
271.0	14747.156279441144	-2254.9747132505895
272.0	14886.015736327829	-2190.8368643203416
273.0	14805.85725404438	-2250.3238936894977
274.0	14787.235520582866	-2225.231198566011
275.0	14827.314413585345	-2195.487214765501
276.0	14845.936495186106	-2220.58037900492
277.0	14860.26617257725	-1962.8164909574264
278.0	14926.094479866828	-2161.092679118518
279.0	14907.073605326465	-2136.0427482345403
280.0	14962.40877711724	-2004.5249148057628
281.0	14966.110837595143	-2131.066540920716
282.0	14947.480296068921	-2105.9620687649926
283.0	15010.219439323586	-1999.6619953794072
284.0	15006.196993751488	-2101.3332665381445
285.0	15034.213240912448	-2018.685570222503
286.0	14986.217742957202	-2073.6508987592947
287.0	15061.796400816376	-2008.9055767522832
288.0	15046.437580764614	-2071.0316956513457
289.0	13183.1732088111	-2009.01046902714
290.0	13095.474630586074	-2013.9670762290841
291.0	15027.51772794916	-2047.9029339849951
292.0	14144.611895852211	-2688.930437519793
293.0	13973.912637041654	-2606.5877173066797
294.0	14996.708205824352	-2048.4752341843105
295.0	14986.166196328828	-2018.6869049461486
296.0	14956.848975146551	-2075.9508450815297
297.0	14937.218317471188	-2019.1344271392672
298.0	14858.99544284962	-1993.9391752633173
299.0	14866.85956723432	-2085.203432205031
300.0	14797.9608712513	-2197.8085079047346
301.0	14757.881978248819	-2227.552491705245
302.0	14730.637288303506	-2035.3281998150833
303.0	14505.241502215053	-1978.1661662805727
304.0	14717.802737107098	-2257.296006389825
305.0	14680.408968957463	-2033.950536008933
306.0	14677.723495965372	-2287.0395210744027
307.0	14202.656088255573	-1963.6192624478383
308.0	14276.024722879563	-2013.8691770764651
309.0	14253.048040070249	-1965.952503334538
310.0	13872.207906842157	-2545.197117356513
311.0	13847.659147389393	-2472.2899389147024
312.0	14152.295867832896	-1961.3644431593257
313.0	14199.823583158563	-2025.9421629415954
314.0	13704.560760895823	-2439.4139814377972
315.0	13671.285156723383	-2417.8044783034316
316.0	13830.335013260386	-2500.0222936939917
317.0	13900.80668368246	-1951.9920740352457
318.0	13737.92127975741	-2460.8853003423296
319.0	13604.90019267232	-2374.1762730330115
320.0	13874.425294911998	-1998.1116176057506
321.0	13696.8128723415	-2414.92021288715
322.0	14267.173715935258	-2610.5564393502423
323.0	13663.624079157089	-2393.276789446214
324.0	13700.332704125969	-1948.304462793262
325.0	13439.344637689248	-2263.5309054865315
326.0	14357.089566831588	-2524.9876385510274
327.0	14326.388426396488	-2016.2743668970934
328.0	14250.126451695925	-2028.2636736259753
329.0	14426.522350307358	-2492.922830727215
330.0	13406.222294420115	-2241.270108785065
331.0	13531.178500454887	-2305.4798199560223
332.0	13498.099365104508	-2283.318338632222
333.0	13626.108293987438	-1995.5600999806074
334.0	13373.092803950218	-2219.007867934412
335.0	13465.005808724813	-2261.1025908068223
336.0	13576.951934038223	-1996.4656100408738
337.0	13431.889857290347	-2238.851155885302
338.0	14427.24858862423	-2021.1777737472266
339.0	14437.248049115035	-2465.500609181872
340.0	13402.62919671512	-1958.4680557109696
341.0	13240.030716753601	-2129.823808516041
342.0	14477.32729025676	-2435.757094497294
343.0	14350.836159712846	-2033.065787886767
344.0	14546.760073732528	-2403.692286673481
345.0	13206.668025840467	-2108.131726822932
346.0	13299.087496048101	-2149.2591556409916
347.0	13381.024820044018	-2010.342183920471
348.0	13265.712098191703	-2126.85522180881
349.0	13334.314524335248	-2011.5158117762246
350.0	14637.64425482365	-2316.7830357589805
351.0	14557.485772540203	-2376.2700651281375
352.0	14626.918556015973	-2344.2052573043247
353.0	13232.360563673234	-2105.1815958442644
354.0	13166.404933359028	-2061.115783311783
355.0	13287.308483413834	-2019.890671522641
356.0	14808.533536224646	-1991.9812267744228
357.0	14837.760387768396	-2167.214462349201
358.0	14917.790496069438	-2108.6087496569594
359.0	14906.022717108817	-2059.147143134835
360.0	14041.045239484745	-2570.1902063011203
361.0	14104.749737834461	-2664.0129419249456
362.0	14219.225122648519	-2586.506029790114
363.0	14067.945152520268	-2642.520327356827
364.0	14033.332781352065	-2622.4905686761863
365.0	13906.009481175046	-2565.849297714425
366.0	13965.267862753675	-2582.4316007396724
367.0	14258.988782422768	-2558.1190274889154
368.0	13999.250211337503	-2602.563045720287
369.0	13973.55946975643	-2530.2196205694554
370.0	14126.46496479962	-1975.8536824272603
371.0	13863.932313017634	-2520.896418072906
372.0	13931.394002026542	-2562.108785356219
373.0	14048.014418265957	-2050.7663201356095
374.0	13897.620016719384	-2541.596682447766
375.0	13914.668951709757	-2513.6889000959036
376.0	14051.65284500669	-1957.1761543993755
377.0	14024.745570964069	-2002.9950910562711
378.0	14025.919695613158	-1971.8014074366868
379.0	13814.287341919879	-2451.3355251692788
380.0	13975.671139958156	-1969.9897615301306
381.0	13681.527221668106	-2365.9307574982918
382.0	13796.834437754265	-2478.9854862213465
383.0	13790.831853971145	-2378.280000670346
384.0	13730.075518533871	-2436.4246762675702
385.0	13763.417465914272	-2457.7843979035238
386.0	13925.449652464464	-1968.3447415188423
387.0	13780.993404735711	-2430.216948534431
388.0	13648.466236728846	-2344.2121742378567
389.0	13714.617510441783	-2387.50434432745
390.0	13875.267526864096	-1966.8890464402973
391.0	13825.128910761227	-1965.656192622031
392.0	13824.44625656053	-1996.8971412151932
393.0	13774.604307986148	-1995.9679965356054
394.0	13549.338379628998	-2278.3338817065164
395.0	13750.318469425814	-1948.7203060549662
396.0	13630.476310643173	-2371.4914897475605
397.0	13626.024903962616	-2270.5700229644826
398.0	13564.260145212895	-2327.5723187767653
399.0	13597.356777616835	-2349.582341206977
400.0	13724.93571668276	-1995.3828407587587
401.0	13725.188702437308	-1964.0892032916881
402.0	13615.416808393893	-2322.3569903116004
403.0	13675.396611976334	-1963.9054993349425
404.0	13516.28864213254	-2256.199742582321
405.0	13625.73063773752	-1964.2230261868954
406.0	13483.207912408621	-2234.0013265392686
407.0	13576.185100525072	-1965.114876634527
408.0	13450.098322971857	-2211.7591592605404
409.0	13526.77685991135	-1966.6534602305046
410.0	13416.968867087313	-2189.4968272924402
411.0	13477.532430359477	-1968.914693212744
412.0	13398.763931513256	-2216.589587130837
413.0	13332.414926988975	-2171.924356134672
414.0	13430.481540492596	-2003.6547419246579
415.0	13365.606174813867	-2194.321475940045
416.0	13428.359610319867	-1972.2482376387718
417.0	13383.660013876588	-2167.2214953078974
418.0	13316.777824726856	-2120.3578388482842
419.0	13379.46463359548	-1976.1828264875664
420.0	13280.732536756237	-2094.3636124968502
421.0	13330.891662111293	-1980.9268051558126
422.0	13229.720102784288	-2047.888713818492
423.0	13267.773493936438	-2068.42796384407
424.0	13282.487196390415	-1985.9208961813663
425.0	13233.70172447774	-1994.0798513432185
426.0	13209.06374936366	-2052.7659555249606
427.0	13198.73401103814	-2084.1047331693885
428.0	13187.756059645862	-2037.2287735767743
429.0	13141.242827485032	-2062.6003498621235
430.0	13144.43903967193	-1987.9481707546654
431.0	14934.545553877522	-2051.1497165799988
432.0	14882.297714464514	-2040.4663474118934
433.0	14884.137031792603	-2011.0547562547981
434.0	14827.352025194748	-2110.968497641777
435.0	14833.15502603639	-2008.5952283289525
436.0	14779.436087668351	-2173.409562054178
437.0	14782.6053558177	-2006.486708621101
438.0	14781.291199634992	-2037.6192736857308
439.0	14739.250952620538	-2202.4472754323106
440.0	14731.983613136848	-2004.1991870407917
441.0	14699.062594611723	-2232.1044375000183
442.0	14681.430619009274	-2001.9816535025648
443.0	14658.941013534053	-2261.351307899479
444.0	14630.86291219153	-1999.7020288012425
445.0	14578.933988053644	-2321.4213341706272
446.0	14619.013229195365	-2291.677819486047
447.0	14580.284667560474	-1997.3552784952096
448.0	14538.854746911924	-2351.164848855204
449.0	14528.247614662281	-2026.0748769878635
450.0	14428.77053963858	-1990.040751164361
451.0	14529.746512197547	-1994.9490751484261
452.0	14477.72679598177	-2023.6342722373604
453.0	14479.238393577723	-1992.503292943287
454.0	14378.320688352853	-1987.5769374860386
455.0	14498.7755057702	-2380.908363539782
456.0	14327.88944613308	-1985.1279392290587
457.0	14227.132150772864	-1980.352857402834
458.0	14418.617023486755	-2440.395392908938
459.0	14277.502760261516	-1982.714304384422
460.0	14378.53778234503	-2470.1389075935163
461.0	14120.807895376885	-2636.8434338738184
462.0	14317.112547325674	-2554.539951000515
463.0	14200.426485247946	-2640.475993626764
464.0	14277.457642205316	-2583.542553235102
465.0	14015.841544889901	-2574.3748693145358
466.0	14238.45132606249	-2612.1432249573336
467.0	14084.207435233102	-2614.2065588807095
468.0	14162.088421718072	-2666.3189247283613
469.0	14183.00824515202	-2614.698834164478
470.0	13241.722232023714	-2021.8620741670702
471.0	14898.636338378366	-2086.5949525283327
472.0	14832.883545166254	-2041.7980522240243
473.0	14298.578957740609	-2529.2522249393787
474.0	14147.050789579778	-2637.843842783845
475.0	13948.297132456326	-2534.1086533065186
476.0	14191.904203427084	-2587.655260494206
477.0	14229.47865273874	-2559.4957184368373
478.0	14174.138171319348	-2539.0923509954323
479.0	14376.801997238816	-2018.7155539632397
480.0	14490.863701648055	-2328.3721975892313
481.0	14578.825125604328	-2028.4757918614262
482.0	14451.72535436916	-2037.9765251130655
483.0	14530.906169347494	-2298.376013378999
484.0	14629.43691052768	-2030.8208986021752
485.0	14502.231007083838	-2040.4229474140836
486.0	14563.167789518833	-2215.951315256484
487.0	14552.792270059981	-2042.8446476910824
488.0	14603.407409360263	-2045.2156783861392
489.0	14610.892611411271	-2237.8975235280354
490.0	14654.404698913078	-2048.3768264955793
491.0	14705.021427468686	-2050.632498543883
492.0	14806.947899171806	-2056.3166157341243
493.0	14755.268146273562	-2051.9840006390605
494.0	14819.058015122531	-2142.114840565961
495.0	14856.380955569444	-2108.6886621191807
496.0	14856.884644651398	-2056.5535903154846
497.0	13268.628291716423	-2035.3943260735748
498.0	13245.082902291535	-2076.2773604842528
499.0	13312.980752286401	-2032.708309088289
500.0	13306.048202193606	-2090.479881388214
501.0	13358.613051230413	-2027.3605169172085
502.0	13350.666558020801	-2143.0779593100465
503.0	13479.228215094141	-2000.2780026206083
504.0	13408.299714926616	-2055.9524319939087
505.0	13527.981597631611	-1998.0140385993027
506.0	13351.051684433478	-2059.525677879893
507.0	13406.311313336388	-2024.0339174297603
508.0	13438.008985728144	-2093.2112826752323
509.0	13455.815921267198	-2017.4643646250063
510.0	13504.312159978877	-2014.7609311387935
511.0	13675.43653446529	-1995.2231200312133
512.0	13552.944049998778	-2012.8584377187017
513.0	13601.803356936658	-2011.6318584750154
514.0	13650.863862515185	-2011.0090481500556
515.0	13582.376627073709	-2300.391057499823
516.0	13602.396298646985	-2043.0658984330382
517.0	13700.11964086038	-2010.915720956603
518.0	13749.57094912215	-2011.2830412121068
519.0	13924.485678891398	-1999.5570939901215
520.0	13974.59739949851	-2001.1896046533031
521.0	13799.217254394112	-2012.0343585661037
522.0	13691.912728009129	-2314.0997852583473
523.0	13971.400668771714	-2094.9111397630254
524.0	13849.04665814185	-2013.099019839973
525.0	13747.76763324876	-2408.9352188334647
526.0	14074.923462849853	-2004.946003324666
527.0	13899.000478157299	-2014.4269976719781
528.0	13823.912120361523	-2399.359004761578
529.0	14125.126583997278	-2007.0309336970925
530.0	13949.02738628146	-2015.9621004784633
531.0	13999.10840534925	-2017.678003178454
532.0	13997.985401445876	-2048.900907724657
533.0	14166.822505953613	-2565.0142468616664
534.0	14175.383433581757	-2009.225988509007
535.0	14049.22477614844	-2019.5551401806272
536.0	13939.961546595207	-2509.941383312862
537.0	13982.01740716522	-2554.3382809113277
538.0	14122.476413815335	-2069.422119660417
539.0	14024.469026362627	-2522.3380744484607
540.0	14007.253515005594	-2550.306221072585
541.0	14122.810955969866	-2580.049121090694
542.0	14049.758915461147	-2594.200339298051
543.0	14060.657659308277	-2542.8505123071495
544.0	14100.238416266619	-2565.7936146741945
545.0	14074.928866428949	-2589.933053593101
546.0	14109.317073359924	-2611.0264624482857
547.0	14157.726635967689	-2613.017163018421
548.0	14450.214203746671	-2069.113645910502
549.0	14458.69626462848	-2410.6518782243616
550.0	14549.577263617686	-2323.738339443038
551.0	14349.332060364626	-2064.2170523547916
552.0	14509.498022475964	-2353.481854127614
553.0	13376.22060971111	-2140.795450866585
554.0	13393.817039951382	-2112.9060508056355
555.0	13321.488407969076	-2062.9530169632994
556.0	13342.651416642058	-2116.620646777897
557.0	13361.48507057321	-2083.3153502344203
558.0	14399.744598420022	-2066.6610161831513
559.0	14341.26914068921	-2419.91959451675
560.0	14469.418781334241	-2383.225368812193
561.0	13409.351578586997	-2164.815127463868
562.0	13553.95505746811	-2044.3137118939746
563.0	13458.178887419199	-2048.199060273729
564.0	13442.635695675684	-2187.085352321906
565.0	13505.65377981517	-2046.5428568465256
566.0	13475.755207054572	-2209.3376445942163
567.0	13585.639916790928	-2223.523483681838
568.0	13508.846630991122	-2231.5532632186455
569.0	14298.973588341396	-2061.805576233012
570.0	14429.33954019252	-2412.968883496771
571.0	14338.458541203305	-2499.8824222780945
572.0	14389.260299050797	-2442.712398181348
573.0	14198.413484259445	-2057.119677249272
574.0	13607.937565105925	-2297.783810361514
575.0	13541.899760311533	-2253.7097571402646
576.0	13651.09339919218	-2042.416130531743
577.0	13574.9240558144	-2275.7906602824546
578.0	13593.059810986424	-2248.6191886596957
579.0	13640.950149535047	-2319.671606627931
580.0	13749.216516286006	-2042.622326206327
581.0	14269.501560340832	-2531.048744228983
582.0	14349.181057909072	-2472.455912865926
583.0	14309.199252810562	-2502.016917762303
584.0	13673.966014296784	-2341.430772605501
585.0	13740.057513710999	-2384.5086554439913
586.0	13848.296344625647	-2044.370360405086
587.0	13798.650600706767	-2043.3355379230204
588.0	13706.992937334682	-2363.0425777958094
589.0	13724.851713471886	-2335.643811462052
590.0	13773.189333293742	-2405.8283935391305
591.0	13757.816254783806	-2357.038476974864
592.0	13806.3893388995	-2426.989461020386
593.0	13948.015487953182	-2047.1966423961958
594.0	13906.445618371205	-2489.4720961168127
595.0	13839.657815732187	-2447.9843119259444
596.0	13915.518854838607	-2437.394959707119
597.0	13857.057758943358	-2420.2721647790486
598.0	13873.008033929487	-2468.8146665172017
599.0	14099.374640434435	-2021.5687101087126
600.0	13990.399827780566	-2502.147521628037
601.0	14225.688599780498	-2011.5091550022273
602.0	14330.54673708116	-2447.3462563275434
603.0	14149.568532925912	-2023.7082973235204
604.0	14290.657917363651	-2476.7318184247056
605.0	14401.264323894073	-2035.517461737879
606.0	14450.78446050633	-2358.115712273812
607.0	14300.457451084163	-2030.6454114751448
608.0	14410.70521936461	-2387.859226958389
609.0	14551.319571698565	-2073.9646127562924
610.0	14589.656504759407	-2293.9948247584584
611.0	14602.613860608266	-2077.8262114426493
612.0	14629.584289098095	-2263.6683131718887
613.0	14653.120630302912	-2080.429239677858
614.0	14669.554413372729	-2233.838445870439
615.0	14649.871296232632	-2205.155946910439
616.0	14705.81710690724	-2084.618069497193
617.0	14709.785111317486	-2204.677928087849
618.0	14691.17555055669	-2179.6036836417484
619.0	14753.624633651125	-2080.7946410627424
620.0	14804.681787210395	-2087.816009477935
621.0	14750.079711371634	-2175.72703644252
622.0	14730.01406432564	-2149.224777747337
623.0	14790.087257356534	-2145.9886471317045
624.0	14777.381575051151	-2097.9293078532237
625.0	14771.081055269502	-2124.955602582809
626.0	14144.977624374746	-2581.0394127508016
627.0	13932.73327248988	-2409.5197258058147
628.0	14148.211744115884	-2054.89555596241
629.0	14740.364238535325	-2125.8742588100995
630.0	14729.789455119624	-2098.1244111920755
631.0	14700.575744813743	-2150.8707722910276
632.0	14679.920579785854	-2099.988520144522
633.0	14660.769916710828	-2178.3476940939186
634.0	14651.233459180645	-2146.9319103727544
635.0	14571.022183931496	-2268.885168220077
636.0	14602.498256824314	-2146.911717176536
637.0	14620.566218707134	-2206.8980192956255
638.0	14248.664564125089	-2059.430467620516
639.0	13956.948404218989	-2481.9617053838247
640.0	14172.616545872612	-2071.590761455574
641.0	13890.277181340083	-2441.018011003141
642.0	14195.605856081662	-2119.518664617402
643.0	13882.328238011156	-2416.7811362537454
644.0	14021.25183979378	-2096.676399308413
645.0	13816.158706875138	-2375.038099406838
646.0	13898.10227671017	-2045.675493927258
647.0	13658.974907738057	-2292.405501803913
648.0	13750.235027651792	-2332.635399524565
649.0	13871.825843817858	-2092.3301579868084
650.0	14251.03522230475	-2505.623346621698
651.0	14118.415240727574	-2517.405165833659
652.0	13717.332711517656	-2311.2010038173817
653.0	13651.52890545359	-2267.8770980905515
654.0	13699.97632445194	-2042.4126540729346
655.0	13527.170878281875	-2203.8635243431236
656.0	14301.28288492848	-2449.4876664021144
657.0	14321.91259462909	-2109.7573655628044
658.0	14245.765757686422	-2121.804183353488
659.0	14370.625978222886	-2417.6027416429647
660.0	13492.84895908055	-2183.809264613418
661.0	13560.065542301438	-2226.0708307383447
662.0	13552.778671413196	-2200.871077304879
663.0	13627.180457612776	-2089.163005221749
664.0	13460.939753113853	-2159.692371892503
665.0	13518.62591172535	-2180.7832076829477
666.0	13552.609805502696	-2142.964089983845
667.0	13485.496132436005	-2158.837798850338
668.0	13531.379570789608	-2092.4736037516886
669.0	13426.29132464923	-2139.361582848547
670.0	14381.348381830934	-2390.176079832173
671.0	14372.271170869344	-2112.1726217966757
672.0	14421.427622972658	-2360.432565147598
673.0	14461.506864114375	-2330.689050463017
674.0	14541.628572955538	-2270.9493515682066
675.0	14424.217712527688	-2083.4584489899357
676.0	14501.549331813818	-2300.692866252782
677.0	14422.998650740466	-2114.973628500868
678.0	14581.687230680633	-2240.797373303812
679.0	14500.730685948722	-2071.5539075789866
680.0	14094.680885122349	-2542.7212063851744
681.0	13948.784427205246	-2457.8216582029795
682.0	14052.669476070465	-2519.067028696442
683.0	14201.500414779444	-2482.707729737382
684.0	14016.07327654639	-2498.298035345785
685.0	14098.08125906252	-2052.772637433148
686.0	13923.57423624291	-2461.584532152925
687.0	13982.124348104246	-2478.0568764360632
688.0	13965.856282905113	-2429.853406450471
689.0	14072.419723595454	-2067.361110604083
690.0	14071.169833234526	-2098.5976211886373
691.0	13899.678239197696	-2388.9961751433366
692.0	14022.41220917821	-2065.4291755574563
693.0	13866.685062715602	-2368.2915903673893
694.0	13972.462497266859	-2063.647051117239
695.0	13843.815148142266	-2295.5026000754456
696.0	13783.168894998971	-2353.9166474955514
697.0	13849.210066593065	-2395.9929217635745
698.0	13833.753726899653	-2347.418325936336
699.0	13922.575579115992	-2062.0401321631343
700.0	13768.053256707033	-2305.173765357748
701.0	13872.776779948666	-2060.631454426144
702.0	13702.424717296059	-2262.2891006565537
703.0	13735.24056190899	-2283.8089759400905
704.0	13823.129289356979	-2059.4696611372233
705.0	13773.683221462661	-2058.6084608867427
706.0	13773.254721081023	-2089.9871085790746
707.0	13629.10583566605	-2191.8329912411155
708.0	13618.599721102422	-2246.005798480033
709.0	13684.437708644202	-2289.6150820666858
710.0	13669.015849919351	-2241.3653397170965
711.0	13724.437967438176	-2058.2190588693106
712.0	13603.391945487996	-2195.0361778442552
713.0	13724.249477308664	-2089.6464493854246
714.0	13675.52275473385	-2058.127135529232
715.0	13674.382657209198	-2091.8508081941345
716.0	13567.91265108288	-2167.9284979254007
717.0	13626.930772374762	-2058.4012223203176
718.0	13528.930859276492	-2152.826352703147
719.0	13578.555883217885	-2059.3549241741694
720.0	13482.407865189163	-2096.2471081348217
721.0	13506.835501433046	-2138.291941669681
722.0	13530.334224937234	-2061.251238482307
723.0	13482.93280108243	-2062.794623977063
724.0	13387.096642192226	-2081.8832627056204
725.0	13434.832908234823	-2066.3079521375294
726.0	13452.21267058771	-2136.6503022477173
727.0	13460.830029019256	-2108.554874969191
728.0	13418.196190179093	-2113.878550631627
729.0	14627.822278459875	-2132.691894832531
730.0	14677.57042336923	-2129.283140847852
731.0	14627.359293165517	-2095.483844840964
732.0	14576.558878490912	-2092.2062899831467
733.0	14522.401457251903	-2243.019923066902
734.0	14525.274595165747	-2088.3258022179766
735.0	14523.54942560174	-2120.0053516791413
736.0	14483.007174544457	-2275.495796023718
737.0	14473.903886829487	-2118.303628404758
738.0	14474.715324224164	-2085.9023531997
739.0	14373.778172416545	-2081.0103728765366
740.0	14442.865331681822	-2305.5696763225114
741.0	14323.400464305501	-2078.5857961229844
742.0	14222.816613310542	-2073.8534633044455
743.0	14322.627608256655	-2394.8002203762453
744.0	14362.706849398388	-2365.0567056916666
745.0	14273.078972565956	-2076.1961358288736
746.0	14271.609820101883	-2107.375648214959
747.0	14209.473398883043	-2534.7230532746944
748.0	14261.571284257616	-2478.5417279944973
749.0	14220.517190530985	-2507.9209647194875
750.0	14071.162680548858	-2491.7622846056033
751.0	13579.275308571976	-2093.5044234392158
752.0	13506.174189774281	-2111.217706273665
753.0	14153.455105642455	-2515.5459699165526
754.0	14076.172394831845	-2439.054733843181
755.0	14243.096356971471	-2453.112693515835
756.0	14268.910205797272	-2170.07053058269
757.0	14169.77355745461	-2485.9634372137093
758.0	13999.05350345445	-2449.996745007719
759.0	14346.337189141015	-2126.5508707147505
760.0	14448.183704564768	-2133.030100626492
761.0	14575.980289412604	-2124.0837457254656
762.0	14498.194078990035	-2135.634732245209
763.0	14499.323705632021	-2172.247398703151
764.0	14599.10782652458	-2180.2841973087247
765.0	14549.015813056249	-2137.521617959777
766.0	14533.275627066068	-2216.109681671445
767.0	13555.719828674582	-2109.6855764284023
768.0	13603.365409239093	-2107.9771805995156
769.0	13592.951550668187	-2164.6409455212834
770.0	13650.20298690554	-2106.9015860980767
771.0	13636.893717084982	-2217.7069068990354
772.0	13699.529957271114	-2140.1048917972257
773.0	13747.739389767943	-2137.2599604132097
774.0	13640.012779233235	-2137.5400159436986
775.0	13698.647736797773	-2107.5637172539514
776.0	13822.49384443998	-2090.8078848096484
777.0	13748.599525774853	-2105.428364414773
778.0	13921.628755016844	-2093.317748738495
779.0	13797.58665540813	-2106.052409287777
780.0	13744.771643975497	-2232.907205012292
781.0	13846.709963577838	-2107.4072876381756
782.0	13800.883274322783	-2326.379331231069
783.0	13896.204516480218	-2108.651814063284
784.0	13946.006835358892	-2109.7383476173436
785.0	14195.156646582107	-2429.2201059024355
786.0	14121.162940825496	-2100.6427558155433
787.0	13995.763203566303	-2111.4122201214
788.0	14032.852340124213	-2470.146484280355
789.0	13994.629666933031	-2142.845583300693
790.0	13975.024989940845	-2377.7732603761833
791.0	14171.238571669424	-2102.795545476818
792.0	14045.604158520599	-2113.2500544711197
793.0	13990.949415269062	-2425.9333222029727
794.0	14102.885219391892	-2490.2297276647955
795.0	14024.108046708594	-2445.9358391342626
796.0	14118.555990229439	-2163.168786825463
797.0	14151.037409669632	-2461.332517116592
798.0	14059.741294418845	-2466.8817792921923
799.0	14449.135389815152	-2165.049166917844
800.0	14547.340732010305	-2166.5030355959284
801.0	14493.136896374499	-2245.2495146486294
802.0	14475.985198721855	-2186.935361154052
803.0	14402.767410172068	-2335.183618413959
804.0	14345.50803890659	-2158.851340278607
805.0	14453.680011946139	-2278.0557532196613
806.0	14319.823864800339	-2173.528633049918
807.0	14395.6790833731	-2160.749432977073
808.0	14413.482715273189	-2307.747391399667
809.0	14373.403474131475	-2337.490906084244
810.0	14282.730766891249	-2424.1999710746427
811.0	14333.342913357783	-2367.3639933619547
812.0	14194.207727152825	-2150.756640299116
813.0	13676.614922535393	-2162.5593860753766
814.0	13609.286412574767	-2138.3905814347722
815.0	13649.39180750471	-2160.5871934270704
816.0	13661.805844410934	-2215.7593730100302
817.0	13723.037166869452	-2192.0210786740904
818.0	13694.448860855673	-2238.5677620203264
819.0	14213.543519267061	-2454.981077160931
820.0	14293.353086611378	-2396.939186859567
821.0	14244.325722976137	-2153.0282677979612
822.0	14253.630872040274	-2426.015088618573
823.0	14168.504786743855	-2165.2885573675426
824.0	13727.807587052317	-2259.381775970924
825.0	13844.766121361006	-2141.3530030331417
826.0	13797.08875216901	-2137.487500681565
827.0	13826.141253319474	-2323.122910935361
828.0	13760.577792918457	-2280.7901494179437
829.0	13779.139853936364	-2252.07015851596
830.0	13793.348863162859	-2302.0395265435636
831.0	13811.190287237208	-2273.9993426580068
832.0	13858.982136508575	-2344.037899894891
833.0	13924.841600177891	-2385.3578159914273
834.0	13944.383732769676	-2142.050311997009
835.0	13942.144039242781	-2357.482827919992
836.0	13891.882756252431	-2364.7858722724545
837.0	13909.315094686826	-2337.000224534928
838.0	13957.86050959405	-2405.741046499113
839.0	14044.277369124897	-2144.7662757658486
840.0	14095.517895711755	-2115.229784172828
841.0	14040.985812729954	-2417.776814794845
842.0	14221.386959335947	-2105.047666651332
843.0	14274.648413469351	-2371.3951340270846
844.0	14145.520296922856	-2117.3209761387807
845.0	14235.133322365744	-2400.565579636989
846.0	14397.018535085595	-2129.3384446142227
847.0	14394.300025272532	-2280.2163197592636
848.0	14296.016566200911	-2124.156658058917
849.0	14354.755690713426	-2312.363108771229
850.0	14570.914778066925	-2186.4376434938067
851.0	14523.003971197779	-2185.5994357732347
852.0	13681.241078022693	-2191.857650000416
853.0	14314.681233540325	-2342.2174707184317
854.0	14435.756336917942	-2253.9294108244826
855.0	14007.970989173897	-2397.8732022269705
856.0	14144.184640926127	-2148.5760123477917
857.0	14133.838128641924	-2365.091124330908
858.0	13876.536710312323	-2316.3356486179728
859.0	13934.413016696983	-2333.335539334374
860.0	14016.395632332302	-2193.564867903901
861.0	13895.361977841085	-2140.4316843627457
862.0	13804.456741799286	-2248.4135905702065
863.0	13702.921717852776	-2207.4050144692205
864.0	13868.020905963094	-2188.6844383659404
865.0	14242.937861861348	-2251.1134757381456
866.0	14164.37739430951	-2432.31583838177
867.0	13812.232826418762	-2189.499025745486
868.0	13770.766679850072	-2228.6144140794736
869.0	14245.528544074696	-2373.2064092605765
870.0	14320.584466775517	-2205.176670489087
871.0	14241.967960890526	-2216.4115593337488
872.0	14285.26125529717	-2344.10964490024
873.0	14347.5486734231	-2226.1883543872577
874.0	14292.849586884126	-2245.770315839965
875.0	14325.397386162875	-2314.782385735128
876.0	14364.936936753365	-2282.5247494605396
877.0	14371.38260146375	-2211.573056392864
878.0	14405.758966652973	-2253.9122622869295
879.0	14472.923254085566	-2219.7653958321184
880.0	14370.102568922419	-2175.884079723382
881.0	14421.407296326817	-2206.4098163711874
882.0	14444.869857227328	-2225.885334812028
883.0	14119.1889365218	-2463.739611650572
884.0	13977.438825029209	-2300.4574306892264
885.0	14147.265231877056	-2408.715833861286
886.0	14103.897498091765	-2437.4451231423686
887.0	14066.161206558574	-2414.160414491926
888.0	14109.230502028775	-2384.679918681199
889.0	14094.246601112425	-2146.500778973737
890.0	13967.200191901567	-2353.6769516114496
891.0	14032.952843380643	-2393.7776006923
892.0	14026.421943037267	-2294.428905665354
893.0	14000.042337156743	-2373.82550035154
894.0	14067.349416722645	-2192.7055981323138
895.0	14068.571749239496	-2161.3848372842745
896.0	14017.385001425211	-2345.6839412580907
897.0	13952.44918032443	-2304.288386890423
898.0	14018.791513764809	-2159.625983782434
899.0	13918.405219074666	-2285.9058780366504
900.0	13968.64402954923	-2158.6564673219837
901.0	13935.652204313841	-2236.5758611737906
902.0	13901.671974953746	-2312.8036913529445
903.0	13852.757164258292	-2243.2108582611913
904.0	13836.398593219928	-2270.7188364855965
905.0	13868.982195526192	-2292.095763799502
906.0	13919.163113788496	-2157.409583417623
907.0	13887.836134247758	-2261.8918838612267
908.0	13846.162379219886	-2213.0795324046267
909.0	13869.039462961891	-2158.055743681236
910.0	13767.873333619405	-2181.9110744806244
911.0	13785.24613138816	-2199.455113337975
912.0	13820.052098984024	-2156.1886915984014
913.0	13771.896681834987	-2153.2537959712986
914.0	13724.27156177509	-2154.0192199271355
915.0	13742.481646646724	-2203.919097669491
916.0	14395.755527962896	-2224.444542862672
917.0	14422.610884278352	-2178.4036831550707
918.0	14294.756986606588	-2155.627455982174
919.0	14307.400697375393	-2291.1968533872796
920.0	14218.548795696823	-2167.5097267775186
921.0	14265.865647894496	-2317.0106623515394
922.0	14206.211934611982	-2401.9022132757564
923.0	14344.47799743791	-2257.8873957289484
924.0	14267.455932279474	-2201.300842140301
925.0	14186.451870654397	-2376.7815868353846
926.0	14051.05182650761	-2364.923189210677
927.0	14118.633808807144	-2411.438024087904
928.0	14294.063315063964	-2218.5058049789545
929.0	14225.372307671305	-2348.188868601402
930.0	13823.070262743597	-2215.0017585412315
931.0	13914.906818367419	-2192.270449904499
932.0	13890.087125421209	-2205.921245534326
933.0	13879.027657902197	-2237.7907419127655
934.0	13966.759700382785	-2190.1441538638305
935.0	13938.243108182156	-2208.398865025733
936.0	13990.349456334081	-2208.2721539640074
937.0	13984.458814060547	-2325.698706824635
938.0	14077.406592338468	-2360.5546872057043
939.0	14117.256181558487	-2194.6441879487734
940.0	13982.908159248984	-2241.4877774845277
941.0	14040.659155175546	-2210.025920735355
942.0	14063.979693432644	-2310.570660633374
943.0	14043.412636569328	-2340.8772316518994
944.0	14097.16332194524	-2309.653934663182
945.0	14167.511355770199	-2196.6821242601836
946.0	14084.483003040126	-2385.7926983844086
947.0	14267.212105070459	-2263.2672694057082
948.0	14316.30006261049	-2264.1402226917885
949.0	14277.288937350168	-2291.5329558218823
950.0	14235.096569663285	-2319.27861081921
951.0	14217.822746721982	-2266.615615252581
952.0	14158.284420192065	-2380.4994749415787
953.0	14195.217022004765	-2350.427412537443
954.0	14167.846511128097	-2330.2953968178786
955.0	13912.123893154809	-2259.2339553634024
956.0	13995.254806959581	-2267.1753065256044
957.0	13944.084502435195	-2281.055258774683
958.0	13956.727499429375	-2251.5367735324094
959.0	14009.62627636829	-2321.6534564959193
960.0	14040.579607079135	-2240.557407027949
961.0	14091.724459924628	-2209.2969409450866
962.0	14192.310807611357	-2214.303187169933
963.0	14102.95103091278	-2335.592003676735
964.0	14191.518346233499	-2246.554179262422
965.0	14217.645307129016	-2199.662706755695
966.0	14141.891401281522	-2211.444980363743
967.0	14176.212589747365	-2305.7763312741995
968.0	14019.070462659896	-2265.1920318304474
969.0	14089.633966615453	-2242.9945496213504
970.0	14213.307362616019	-2296.9980892115714
971.0	14134.635068227586	-2341.241220505149
972.0	14155.00517759715	-2288.0430298648475
973.0	14140.968056866499	-2241.715215823131
974.0	14114.242343834288	-2258.6120320844257
975.0	14120.428894916962	-2288.082279907974
976.0	14165.795549977316	-2259.203351812061
977.0	14054.747724957502	-2288.152819409
978.0	14065.179375317059	-2256.934693101172
