1.0	11509.998712360155	-6.588333047635896
2.0	11515.698441313556	-3.877971975465092
3.0	11512.212005517931	-18.411626117378287
4.0	11521.576264879435	-38.65896620073255
5.0	11537.042080644582	-9.828502336031912
6.0	11529.724658585992	-57.02371357278721
7.0	11555.46373921395	-13.039435714723368
8.0	11537.794123786078	-75.32118629581585
9.0	11546.488574418472	-66.3384215595579
10.0	11549.898321586203	-102.76739538036499
11.0	11555.02604057444	-105.9700504749777
12.0	11557.087402632123	-90.89795441359941
13.0	11566.037251986367	-139.36234082642474
14.0	11571.164970974603	-142.56499592103603
15.0	11575.199703574646	-151.71373228255206
16.0	11579.234436174687	-160.8624686440678
17.0	11658.245394014675	-27.519687940817676
18.0	11586.210914986577	-185.1060226340002
19.0	11591.338633974812	-188.30867772861282
20.0	11595.373366574853	-197.45741409012615
21.0	11594.392784640278	-176.06692653221157
22.0	11603.44283177494	-215.75488681316276
23.0	11715.591241498149	-35.77501289432985
24.0	11611.512296975021	-234.05235953619425
25.0	11615.547029575066	-243.20109589771263
26.0	11619.581762175105	-252.34983225922596
27.0	11623.588358718536	-261.51796342729637
28.0	11618.866653350859	-230.6752507484392
29.0	11631.68595997523	-279.7960413437734
30.0	11635.72069257527	-288.94477770528914
31.0	11789.923442264095	-46.167028767022806
32.0	11642.697171387159	-313.18833169521594
33.0	11647.824890375397	-316.39098678983174
34.0	11651.859622975438	-325.5397231513475
35.0	11655.894355575476	-334.68845951285834
36.0	11659.929088175517	-343.83719587437434
37.0	11663.963820775563	-352.98593223589006
38.0	11667.998553375603	-362.1346685974034
39.0	11672.033285975645	-371.2834049589169
40.0	11885.799736610983	-58.885921528909726
41.0	11687.079229987614	-413.82443167188694
42.0	11696.241681575892	-426.1758231280141
43.0	11700.276414175934	-435.3245594895325
44.0	11708.319983366857	-453.6390793768199
45.0	11712.354715966898	-462.78781573833595
46.0	11719.357090787946	-487.01432256400653
47.0	11724.484809776186	-490.2169776586175
48.0	11728.519542376227	-499.3657140201335
49.0	11732.554274976268	-508.5144503816493
50.0	11736.59386832771	-517.6241919047953
51.0	11979.710531185485	-526.9618049144401
52.0	11743.214364992338	-542.0646936787124
53.0	11505.057300507297	-2.710361072170804
54.0	11522.608369458116	-16.95447287823481
55.0	11517.471518237338	-29.069174910491643
56.0	11525.746594827388	-47.803207601653504
57.0	11533.759391186037	-66.17244993430285
58.0	11545.86358898616	-93.61865901884693
59.0	11562.002519386326	-130.21360446490687
60.0	11582.176182386536	-175.95728627248695
61.0	11606.384577986782	-230.8497044415781
62.0	11638.662438787114	-304.0395953337002
63.0	11683.044497387576	-404.67569531036884
64.0	11739.563902206313	-532.7433854124062
65.0	12167.921942842737	-510.6370263664694
66.0	12222.636294961607	-457.4410485644324
67.0	12688.720766582162	-475.7822000823673
68.0	12801.39024527998	-385.3126459456423
69.0	13239.278794466221	-461.44185099918445
70.0	13390.797413755283	-368.6411652920828
71.0	14153.678417563606	-462.51482543559433
72.0	14451.715026771517	-469.43072321652136
73.0	14747.93082233722	-465.9972553319414
74.0	14896.345629216104	-371.3812783487794
75.0	15205.978614067943	-372.76866087295565
76.0	15963.010885687812	-468.14741615541516
77.0	16260.42318442841	-476.3236815888211
78.0	16558.120818843403	-471.22392465083976
79.0	16708.064122925458	-375.26960074414745
80.0	25589.754358388152	-506.43645617289695
81.0	25903.062486087485	-507.6690831287824
82.0	26057.84155854366	-406.92494927083106
83.0	26594.57423832429	-498.19115138333336
84.0	26992.220324732934	-106.90606003869955
85.0	26996.558182160148	-513.7000133693956
86.0	27436.474913428905	-493.1389648556395
87.0	27892.281292439202	-409.35937839402595
88.0	28611.406254509715	-414.808624645
89.0	28830.274433159288	-516.7310245348989
90.0	29314.935872688027	-413.3839709162057
91.0	29748.74856876317	-414.7256195734335
92.0	30218.027440220623	-501.2313923856174
93.0	30631.64834640339	-105.3247527322698
94.0	30682.582122743985	-522.7336696201586
95.0	31171.485478966988	-418.75056554511656
96.0	31633.076381037954	-507.66382203218944
97.0	32086.87235782799	-106.52908070898411
98.0	32104.957180631856	-527.962943568556
99.0	32580.762470122103	-511.6132472437924
100.0	33048.984095902044	-517.4177442378925
101.0	33511.89507113713	-518.6361755659556
102.0	33918.04545521553	-107.6242951024639
103.0	35384.653527411174	-524.247167636119
104.0	37732.10316646764	-531.524418185221
105.0	44843.743062951624	-565.2790583612607
106.0	44878.701178021605	-107.62068175654122
107.0	41173.35125610991	-111.98055262320365
108.0	39000.87290686944	-110.87629336084501
109.0	44465.68470195439	-113.62022156341602
110.0	28430.20316167289	-104.43417340389715
111.0	20076.238858084518	-105.08520732060424
112.0	26246.10449773628	-100.90278834917747
113.0	26614.11094908004	-92.54118593682021
114.0	27385.224761374397	-85.10212072056554
115.0	27627.822405331153	-85.10212072056554
116.0	28093.959822268927	-205.01492463656825
117.0	34326.59204931316	-91.60147651974937
118.0	34569.189693269924	-91.60147651974937
119.0	28263.400416958164	-309.4490980404654
120.0	34976.5567303276	-108.32547463185377
121.0	29083.417884782382	-311.0452755697167
122.0	35362.35038154076	-93.42176417595329
123.0	29533.12120924112	-207.0273976224098
124.0	36188.366845136065	-107.77607979133609
125.0	29994.412250063266	-85.16412415495627
126.0	36430.96448909282	-107.77607979133609
127.0	30237.009894020026	-85.16412415495627
128.0	36811.859165624664	-109.8327781377787
129.0	30972.282596213303	-209.03987060825133
130.0	37197.29711205688	-108.94817739064456
131.0	31442.310144417337	-87.57160782984526
132.0	37602.816513853955	-93.99077143891675
133.0	31684.907788374097	-87.57160782984526
134.0	38249.041974176034	-109.44483892125088
135.0	32492.76141717823	-88.83773572699283
136.0	38630.71218394971	-110.62019692467827
137.0	32735.359061134983	-88.83773572699283
138.0	33133.66445677492	-93.30058406386524
139.0	33526.659201869996	-93.17736673470063
140.0	39359.170363816884	-105.61415748860115
141.0	33973.19755462267	-534.4247525909465
142.0	39719.02649423425	-111.27620465583702
143.0	34451.66037886032	-519.7435826654597
144.0	34693.56187011158	-414.3334163887653
145.0	40086.845507536935	-111.13163809947582
146.0	35738.81185725227	-108.91678778495891
147.0	40454.71245952128	-112.60217961687401
148.0	35831.031233262685	-541.0838399023523
149.0	36088.179096307016	-433.1118057992987
150.0	40816.22641118352	-106.6089710018714
151.0	36589.69040985751	-434.69862048073225
152.0	37256.66753453056	-545.140175479721
153.0	37845.41415781071	-93.99077143891675
154.0	41540.6690773206	-114.23915037944971
155.0	38205.647212972974	-548.3201343247828
156.0	41908.212692422225	-116.15322541389953
157.0	38657.233652886665	-550.8371409854377
158.0	39248.08463272204	-437.60515937274675
159.0	42275.767135198585	-113.48877619438765
160.0	39481.042932173346	-438.0050706677387
161.0	42634.191276564175	-106.95827621979213
162.0	39879.77972502826	-444.1933756072272
163.0	40518.301205061514	-558.1857183065443
164.0	42995.26082221731	-114.96136684941787
165.0	40920.41340090672	-441.71670513421714
166.0	41315.917716178665	-450.0177088404093
167.0	43362.27933550441	-112.4632720230414
168.0	41938.95248442572	-565.7617100752528
169.0	43730.391499350975	-114.01737434008585
170.0	42376.42315734209	-564.4389095129687
171.0	42759.33914102073	-447.7301218928075
172.0	44095.154399979474	-107.90542292598305
173.0	43158.48884909585	-453.9059420246706
174.0	43798.19856795776	-568.99245363035
175.0	44708.282345911175	-221.24090331995725
176.0	44360.81035674443	-569.9369495109079
177.0	11715.322358187905	-477.86558620249116
178.0	11703.218160387782	-450.4193771179468
179.0	11691.113962587653	-422.9731680334
180.0	11768.328527409687	-537.1767986042502
181.0	11787.836838627292	-534.0241818444442
182.0	11679.010156826269	-395.5267860537745
183.0	11784.987465395869	-493.7244389286546
184.0	11674.97503218749	-386.3782225873378
185.0	11889.068063133076	-518.2121791062397
186.0	17525.942387316707	-103.3475003736894
187.0	12086.227041688639	-44.76596644458672
188.0	12016.074526608876	-498.65600039333594
189.0	12270.844522210595	-63.39703661023668
190.0	17892.385324419112	-108.48054859802748
191.0	12499.829723952535	-63.79783060345653
192.0	12369.39489458083	-438.16406353299317
193.0	18257.36341085027	-104.12751792629813
194.0	12743.870421844933	-201.23593147839225
195.0	18619.56871064829	-103.65812208121497
196.0	13180.561456082456	-92.11999867262057
197.0	18981.54739305381	-103.97322286004055
198.0	13532.733435629774	-91.657353586721
199.0	19344.356023205128	-104.31423455391148
200.0	13880.696488189446	-103.64938856820663
201.0	19710.916878873166	-109.48561125348351
202.0	13706.215002228906	-380.57989931387345
203.0	14220.763334682691	-90.74047873908906
204.0	14540.84940017437	-189.42322039822466
205.0	15001.533031133906	-91.88521255439748
206.0	20438.665056104495	-104.62417535267498
207.0	15350.052434777668	-93.56357052858948
208.0	15698.44111607893	-104.56831088728843
209.0	20800.69812494463	-104.97090147889442
210.0	15518.1692553796	-385.8611033320512
211.0	16037.349891228883	-91.46093994445498
212.0	16354.773401505736	-191.71858906051298
213.0	21163.26317794366	-105.31391451632226
214.0	16818.916813801767	-93.00293038809468
215.0	17167.486744005346	-103.72095665836241
216.0	21529.32627975983	-110.55994777583935
217.0	17017.687332076803	-386.4998295936532
218.0	17339.99546195837	-397.2537437054525
219.0	21895.182375821325	-105.94720033568835
220.0	17680.176598738766	-402.4226797713222
221.0	18011.747919016354	-490.8978425758517
222.0	18335.08405005105	-487.36350015653153
223.0	22257.74205960402	-105.60499451000942
224.0	18655.64739445262	-487.7127925638576
225.0	18975.984121461675	-488.84658159509223
226.0	22619.857441516553	-105.92291804637837
227.0	19149.360373008578	-400.92880884458015
228.0	19494.012415194564	-406.8505413642277
229.0	22982.115090853855	-106.38316813604858
230.0	19896.011886482225	-214.57081857408775
231.0	20146.705408863305	-493.23331906529256
232.0	20467.489651486827	-493.5909753497724
233.0	23347.934635463378	-111.68125950554047
234.0	20787.8807649305	-494.756389728401
235.0	20964.30888575124	-405.3822321830723
236.0	23714.32072041537	-106.64866208218398
237.0	21308.219596933068	-411.3806226062217
238.0	21634.18069751308	-502.8015007825734
239.0	24076.859222026338	-107.29961388638428
240.0	21958.394838178112	-499.0074415948315
241.0	22279.31256656436	-499.48392402156173
242.0	22599.78599308043	-500.62053581033985
243.0	24438.931077006255	-106.81381737318345
244.0	22779.210741346662	-409.85956712751
245.0	23122.570491660113	-416.02725271287665
246.0	24801.25649863239	-107.49877836894787
247.0	23445.53496479463	-508.8349420267294
248.0	23770.27909435016	-504.621032855782
249.0	24091.175640564674	-506.0906729123915
250.0	25168.660176950212	-112.61788703566465
251.0	24254.636577755522	-413.71363283567365
252.0	24594.316410728206	-414.3221414444418
253.0	25541.050072875354	-103.55195588484396
254.0	25058.050729299168	-513.8650108188993
255.0	25360.119410323023	-216.16984292050861
256.0	25896.000155971138	-103.96589458832023
257.0	11529.087720304206	-4.640137708534894
258.0	11509.530078920507	-12.330370725006645
259.0	11521.992306241065	-8.518109683999986
260.0	11530.73875291147	-22.876317907716537
261.0	11561.896590891507	-38.007789498701946
262.0	11546.331265204004	-5.188364627497019
263.0	11533.265389016082	-36.69889465178858
264.0	11526.76065270911	-41.78985168572783
265.0	11598.23668782261	-9.440830334441367
266.0	11568.079077714907	-7.851071087226349
267.0	11541.828856386119	-84.46992265733371
268.0	11534.85237757423	-60.226368667401196
269.0	11590.589810503036	-44.68028356553987
270.0	11636.086394715683	-12.063713587427628
271.0	11542.921842774313	-78.52384139043026
272.0	11580.887421206426	-17.291901421667717
273.0	11549.178396151832	-72.43757913390193
274.0	11557.967786786285	-121.06486810339607
275.0	11546.956575374357	-87.672577751946
276.0	11610.572434938338	-41.452190903553856
277.0	11553.933054186244	-111.91613174187798
278.0	11589.112386231487	-111.97685320662276
279.0	11559.060773174482	-115.11878683649343
280.0	11614.748511479354	-21.504543921868997
281.0	11562.280225655782	-102.75315066256978
282.0	11654.224043411692	-52.09393561883917
283.0	11563.095505774523	-124.26752319800698
284.0	11585.63040308437	-144.54664537852418
285.0	11570.071984586408	-148.51107718793799
286.0	11574.10671718645	-157.6598135494561
287.0	11578.141449786492	-166.8085499109691
288.0	11598.315112786702	-212.55223171854698
289.0	11685.887495796604	-15.455974353390047
290.0	11578.24805417855	-139.00266015750336
291.0	11583.26916877473	-170.01120500558352
292.0	11711.072744170937	-67.51444253563871
293.0	11590.245647586618	-194.25475899551589
294.0	11605.358639684584	-200.7133631725907
295.0	11594.28038018666	-203.4034953570289
296.0	11599.408099174898	-206.60615045164192
297.0	11602.349845386743	-221.7009680800651
298.0	11751.08717417309	-20.3190385409398
299.0	11626.558240986991	-276.59338624915597
300.0	11602.668817951222	-194.61420559824668
301.0	11633.079053805175	-251.82783692583325
302.0	11610.419310586825	-239.9984408030962
303.0	11614.454043186866	-249.14717716461186
304.0	11618.488775786907	-258.2959135261249
305.0	11785.024788119787	-87.41417814993959
306.0	11622.495372330339	-267.4640446941974
307.0	11627.623091318577	-270.66669978881214
308.0	11646.219473834499	-281.97422110233555
309.0	11630.592973587036	-285.742122610674
310.0	11653.99152895735	-300.16561564564716
311.0	11634.627706187073	-294.890858972187
312.0	11835.499219962361	-25.84799022608301
313.0	11633.634486588462	-265.2913497586196
314.0	11639.75542517531	-298.0935140668
315.0	11646.731903987202	-322.3370680567338
316.0	11650.766636587241	-331.4858044182467
317.0	11654.801369187282	-340.6345407797599
318.0	11665.531568601056	-337.72676291512715
319.0	11658.836101787325	-349.783277141278
320.0	11662.870834387366	-358.93201350279105
321.0	11941.269443121202	-392.4053444061137
322.0	11666.905566987407	-368.08074986430665
323.0	11679.326296546302	-368.50784063791315
324.0	11867.235490734989	-535.3856681190409
325.0	11670.940299587448	-377.2294862258199
326.0	11944.57303997835	-33.03793130282671
327.0	12108.199327064125	-481.93976748859404
328.0	11673.917640080328	-356.2503268650253
329.0	11695.148695187696	-432.12190439491565
330.0	11711.040450945875	-427.4548281397001
331.0	11699.18342778774	-441.27064075643375
332.0	11707.226996978663	-459.5851606437209
333.0	11724.666865950581	-459.9558808756774
334.0	11711.287625587865	-468.7168498409781
335.0	11716.415344576099	-471.91950493559096
336.0	11723.391823387989	-496.16305892551986
337.0	11737.33287765352	-499.0331277882312
338.0	11727.42655598803	-505.31179528703797
339.0	11760.992478096878	-543.3198696603089
340.0	11740.022699386884	-505.1322853625752
341.0	11731.46128858807	-514.460531648551
342.0	11745.055988047881	-516.9292895950106
343.0	11735.500881939515	-523.5702731716993
344.0	11695.427359940513	-405.008213135375
345.0	11748.392861876695	-545.1298902623525
346.0	11751.543793134375	-534.5690372885971
347.0	11740.661749345913	-526.7583093071353
348.0	11517.190781957637	-21.10595163424236
349.0	11522.520308719102	-32.2045553560813
350.0	11538.077050034795	-19.62831934097873
351.0	11530.874313815622	-51.00586269626717
352.0	11550.974448513089	-32.515800254235124
353.0	11547.976297978568	-57.010747013778506
354.0	11538.887110174275	-69.3751050289145
355.0	11574.508842109957	-76.97299610618938
356.0	11550.991307974398	-96.82131411346195
357.0	11570.230166505416	-120.85706800179712
358.0	11567.130238374562	-133.4162595595203
359.0	11591.702962906917	-169.96776895786752
360.0	11587.303901374771	-179.15994136709932
361.0	11613.363838753712	-218.9910602510281
362.0	11607.47756437498	-224.90362317467847
363.0	11643.790157775353	-307.2422504283136
364.0	11690.085554542782	-392.8927776666096
365.0	11680.103143214465	-389.5807047868722
366.0	11688.172216375815	-407.878350404985
367.0	11744.340499798695	-536.1039935859666
368.0	11747.778958199402	-523.0138282101785
369.0	11961.624744465693	-437.33903484632174
370.0	12160.213771547875	-200.17419544649843
371.0	12299.04597881447	-496.70140483693405
372.0	12564.744294960363	-416.4531822006727
373.0	12330.461276680551	-318.0699030744775
374.0	13078.974163348006	-369.8602074335943
375.0	12845.702492614068	-93.2821694671511
376.0	12943.429668746847	-461.81692322822374
377.0	13038.76681065027	-185.40216813977167
378.0	13708.525994241107	-195.30674215492763
379.0	13372.287428069254	-183.77735225934157
380.0	13548.93242930361	-461.794323778408
381.0	14348.508372521357	-187.57816700669596
382.0	13855.253526466819	-474.6050470123029
383.0	14304.555425112701	-373.67001241805093
384.0	14597.374297045864	-375.9244099357841
385.0	14655.702006292462	-92.58553213061775
386.0	14860.641710042837	-184.47074468501523
387.0	15052.119891782204	-466.1156240081303
388.0	15524.107291602797	-198.13188141587793
389.0	15191.095672592908	-185.44878308298698
390.0	15358.997340029511	-468.61267023473147
391.0	16161.574845470748	-190.27945706990673
392.0	15665.744065934314	-480.4360988458395
393.0	16113.994853851096	-378.8273672384891
394.0	16407.67125416624	-380.6758433553
395.0	16473.146091220635	-92.90007193506123
396.0	16675.987247963185	-185.9030023231559
397.0	16862.24958602808	-472.14547135628237
398.0	25259.006417859466	-514.6836990713083
399.0	26064.7208823346	-204.8686829374977
400.0	25723.562923408812	-207.5178504731642
401.0	25737.504577316096	-409.16477268029297
402.0	26418.935209508363	-193.44397428599768
403.0	26225.681643689863	-505.5074571759442
404.0	26801.15457056988	-199.44724597551976
405.0	26405.391679252887	-395.992376779431
406.0	27208.371916929096	-192.0081807592651
407.0	26795.1613900696	-402.54880892859956
408.0	27668.74151945818	-289.44657447802325
409.0	27218.702954856577	-395.7005711368813
410.0	29059.005577378717	-104.68870227592076
411.0	28816.407933421957	-104.68870227592076
412.0	30424.516877828934	-190.48887688722607
413.0	29967.441965628565	-292.86234610597995
414.0	30795.89311408707	-314.3646233405211
415.0	30432.50470846423	-398.8579231668635
416.0	31398.915383214262	-297.2823027667104
417.0	31872.052919867052	-194.10068853882936
418.0	32316.010082736047	-195.36681643597694
419.0	31863.61627373398	-404.4822078043084
420.0	32877.60689376946	-182.13831979085808
421.0	32342.531551672986	-406.4191600300698
422.0	32817.78765579802	-393.8614877135648
423.0	33305.01056856933	-186.47795079856587
424.0	33725.495101074805	-200.80166183716452
425.0	33280.1494456679	-398.8719430498864
426.0	34161.53148258284	-199.22577162221327
427.0	33735.59209324337	-413.8664784170989
428.0	35157.7842075173	-416.824528373583
429.0	35591.10098357684	-418.086665855302
430.0	37489.1036793206	-421.3703600384065
431.0	38008.48898475439	-203.43561036016763
432.0	41064.258587833385	-558.9057399701015
433.0	39182.38672564856	-216.49045084944615
434.0	38425.672221891735	-439.8380957120019
435.0	44218.71580366421	-449.3485962988381
436.0	44673.32423084119	-449.7346794580101
437.0	28374.153431270213	-515.1348470056474
438.0	28621.952062176057	-209.1228756798179
439.0	19823.02538504841	-496.81503474576266
440.0	20259.863597778418	-209.70938267327924
441.0	34928.943646058	-537.8092294347917
442.0	35164.11169211709	-201.74723880780707
443.0	36350.502451286484	-541.2847805659571
444.0	37014.8785282546	-218.78095552842328
445.0	36612.442371225676	-217.6088579291148
446.0	36801.31335795834	-544.6831275696275
447.0	37441.93941054875	-202.93894882956133
448.0	37027.08468195645	-436.54154240865455
449.0	37969.31254661785	-422.5378458976267
450.0	38817.82501171652	-221.49649028552327
451.0	38429.89054495826	-220.06503584592915
452.0	38848.56480372001	-441.94037448021
453.0	39097.3106059464	-552.4348860788323
454.0	39536.64384707824	-216.89036214443817
455.0	39642.78277949446	-554.1764460310519
456.0	34206.58658982141	-412.9614125307615
457.0	34734.84746978139	-199.92695115160313
458.0	40286.527339450164	-446.19017489687803
459.0	39900.42252486315	-222.40784275531283
460.0	40080.518022937154	-555.3735281319184
461.0	36024.590350766804	-216.69286757629501
462.0	35562.47035310664	-202.3385519609122
463.0	40637.69646192649	-219.2111506187454
464.0	40272.21202421505	-223.73381771634982
465.0	40686.96989223161	-442.3383321278875
466.0	40992.43879257998	-218.58952362507503
467.0	41721.84080162584	-454.861205959719
468.0	41352.98499278192	-226.21970300265335
469.0	41501.49263918408	-562.5059863835754
470.0	42095.15155510195	-229.6420016082872
471.0	41723.9499631591	-230.39237579334926
472.0	42128.0005086387	-454.7816561032708
473.0	42457.233673308765	-220.44705241417978
474.0	42525.040741915516	-446.2575312377773
475.0	42812.830894392355	-221.91964306921
476.0	42923.23543054407	-567.2531488252266
477.0	43564.68117536436	-453.6327738439524
478.0	43177.02248739746	-227.42463887245927
479.0	43360.17017397118	-566.0967026560779
480.0	43917.2352971359	-221.9227972660689
481.0	43548.256698595986	-226.48064636312725
482.0	43968.617888974295	-449.74574907550794
483.0	44288.63203380419	-221.52564448939907
484.0	11720.45007717614	-481.0682412971041
485.0	11829.734784071848	-538.0813751827012
486.0	11812.497522609572	-478.28406679704494
487.0	11704.311146775979	-444.47329585104825
488.0	11754.251244345694	-540.545355311145
489.0	11844.36921221835	-458.25792746878386
490.0	11692.20694897585	-417.02708676650064
491.0	11763.927904919618	-527.2971949845693
492.0	11778.077626999984	-541.824918031733
493.0	11723.750459001481	-468.5781046765066
494.0	11800.681012691108	-540.2494666060607
495.0	11711.552236327427	-440.1626246254552
496.0	11769.01343723159	-518.0794400192875
497.0	11901.94282728686	-461.9564584684219
498.0	11684.137875814507	-398.72944114838793
499.0	11704.329950625723	-413.6474681598241
500.0	11813.473581942939	-530.1746325060334
501.0	11676.068018575686	-380.43214132043266
502.0	11944.372469521746	-509.5554042243207
503.0	11846.393825820205	-525.1738090231638
504.0	11687.39573280942	-386.7936200922656
505.0	11842.018029499513	-502.3395114482094
506.0	11916.13652109794	-531.2978899631424
507.0	11682.016118279664	-374.60699821225717
508.0	11882.576328391056	-488.19821743346256
509.0	17485.9912487501	-484.1274178466954
510.0	17710.56265687119	-211.82804897171687
511.0	12010.333659821425	-77.80389774741343
512.0	12093.860245512382	-419.52685895790637
513.0	12005.690698958146	-448.36070014716097
514.0	12062.196197510602	-520.7014171407549
515.0	12374.694492624238	-127.19486721369321
516.0	12173.034215929425	-108.16300305482339
517.0	12187.818170635759	-366.1672030666111
518.0	18078.087214469615	-212.6080665243256
519.0	17810.792230456052	-490.07915432344265
520.0	12598.500290175	-171.75159261469767
521.0	12469.46207066151	-491.9906172581839
522.0	12532.043641988246	-296.49928920025314
523.0	12397.827799789113	-251.9425637992487
524.0	18127.358022919118	-404.02138557634
525.0	18441.374134763657	-207.78564000751308
526.0	18469.823965514934	-399.60830318573215
527.0	18801.66165103206	-207.63134494125552
528.0	18809.290504085107	-399.8633522456791
529.0	19162.552497653756	-208.287457413952
530.0	19528.025517537975	-213.79984580739497
531.0	19297.150796216534	-490.0062815413723
532.0	14009.527457648453	-380.0723685924461
533.0	14032.659427358883	-194.3898673072957
534.0	19622.069696488114	-495.9963464933535
535.0	19941.655650720735	-408.4402023833297
536.0	20284.6863843187	-403.98811060872566
537.0	20620.426398703396	-209.5950768315694
538.0	15820.749268197449	-384.16781687412123
539.0	15847.508282118872	-196.0292508317434
540.0	20624.428207545443	-404.2831488932204
541.0	20981.128054607416	-210.2848159952167
542.0	21345.85974348748	-215.8738622921616
543.0	21108.80386253307	-495.91809101823793
544.0	17349.56054239256	-207.0684570320518
545.0	17006.431434812763	-196.7238870464571
546.0	17169.1775608352	-483.6821858789592
547.0	21713.88247543	-216.5071481115277
548.0	21433.22500895278	-501.9828125301642
549.0	21755.899195457507	-412.83259667799695
550.0	22078.401789339056	-211.55219484569776
551.0	22099.597531668333	-408.28698753837165
552.0	22439.180389099147	-211.5279125563878
553.0	22799.656954413844	-212.30608618242695
554.0	22439.555153730198	-408.6720493752662
555.0	23163.837682425525	-218.06442764158905
556.0	22920.401687021265	-501.89947415241915
557.0	23532.1468460519	-218.32992158772444
558.0	23244.579276234334	-508.0162537743202
559.0	23570.536521868413	-417.11143491142116
560.0	23897.174966679722	-213.94827596856825
561.0	23914.743664798003	-413.13913341846956
562.0	24257.888857335467	-214.11343125956773
563.0	24618.38966800638	-214.31259574213132
564.0	24411.605540148128	-506.42356465159975
565.0	24984.222302015198	-220.11666540461252
566.0	24732.289006377807	-507.92721389977334
567.0	24939.32806703879	-420.5355552331275
568.0	25394.882041928537	-417.4074210014328
569.0	11731.508559345299	-486.75966403737647
570.0	11753.884404395487	-527.46394801808
571.0	12225.294236588345	-285.3333988805971
572.0	12000.259386081949	-145.72847690088625
573.0	11671.227818346966	-350.15116929068364
574.0	11809.520671436176	-512.3724105790001
575.0	11856.367959672278	-482.5374088713094
576.0	11703.54743691594	-422.76983931121987
577.0	11662.841746867698	-331.6276053407831
578.0	11821.406077244392	-497.4448556807135
579.0	11783.173271348967	-520.1583074516797
580.0	11715.709020170872	-451.2690894577754
581.0	11792.064534906021	-508.5813702862627
582.0	11759.932582844995	-508.62641311111656
583.0	11728.818737611937	-480.66050646303484
584.0	12118.764736965148	-356.95027233796037
585.0	12063.332323567613	-204.7017379897346
586.0	11701.641995718803	-336.4393965514949
587.0	12037.47328830813	-407.99320836389234
588.0	11936.670510452685	-470.2279344023773
589.0	11879.281794742152	-110.95138351077912
590.0	11747.391832718857	-510.3834643196921
591.0	11760.897519578051	-498.4972739476677
592.0	11739.228908234398	-492.37315907237644
593.0	11731.026133049083	-474.1164511093375
594.0	11732.825097981377	-453.44966418381955
595.0	11705.926893862992	-378.5990053017692
596.0	11718.39884190423	-457.3682470321194
597.0	11717.848286743241	-443.7387159733092
598.0	11696.247319680546	-395.96889455898054
599.0	11698.11718167387	-411.1073707097191
600.0	12061.714619627484	-312.3937631863155
601.0	11660.151925134336	-325.5284477664439
602.0	11886.960273399074	-430.4933449059511
603.0	11654.821078492218	-312.94759680265025
604.0	11688.215721486422	-377.76599478455563
605.0	11646.743416362044	-294.6133455787567
606.0	11680.11766426279	-359.42084381092474
607.0	11638.97955816928	-276.4587295363065
608.0	11671.702579784265	-340.8380812368244
609.0	11630.944664855104	-259.1921921842756
610.0	11662.020394262916	-318.8824026846487
611.0	11927.980824370045	-153.02797243816894
612.0	11626.815734056807	-248.20752690195513
613.0	11663.892642611798	-297.6383366323086
614.0	11652.131256758852	-306.8484392283038
615.0	11656.644656698363	-267.2186275004351
616.0	11644.053594628685	-288.5141880044175
617.0	11718.094587271742	-164.01489632633215
618.0	11610.67401702035	-212.89190267668405
619.0	11639.863234450924	-267.8807244114966
620.0	11597.082606373639	-182.16608410655317
621.0	11626.352549711048	-235.52860544524205
622.0	11824.082623949223	-119.16060159086919
623.0	11627.941070725645	-215.90665228463817
624.0	11619.62520874135	-221.56003273017268
625.0	11586.364860602023	-157.41079381101494
626.0	11611.496838541798	-203.79646030301714
627.0	11595.62965609746	-141.88830766125466
628.0	11603.28507136181	-185.26895688157674
629.0	11741.670022701574	-93.30561756516545
630.0	11603.852529443937	-160.66622054446148
631.0	11575.55823244519	-132.90350258315934
632.0	11593.705668346016	-163.31343903020024
633.0	11569.66681086516	-108.33835552043213
634.0	11583.675038868663	-151.3116362366709
635.0	11677.347647866409	-71.7696516727204
636.0	11667.424070284274	-92.30271892775393
637.0	11577.565174187845	-126.29039229233604
638.0	11554.397580898765	-84.79879683925537
639.0	11567.540344772055	-114.7579104274555
640.0	11627.888967571684	-56.58560824713398
641.0	11579.678535479405	-105.73497026810703
642.0	11563.248601325271	-93.62713586809453
643.0	11567.806060447641	-58.3797275474329
644.0	11555.526415288046	-75.50987948811478
645.0	11538.834667230636	-47.93042203227136
646.0	11577.416620427868	-32.583707671081356
647.0	11558.930546809044	-51.15954534252038
648.0	11583.945294605272	-57.32454759807297
649.0	11530.369955892756	-30.16317710931374
650.0	11541.467820122563	-54.10134921623345
651.0	11588.118713254022	-69.65575602582005
652.0	11564.544741620057	-70.35280836007344
653.0	11572.996625337772	-87.90882747589542
654.0	11621.932979389074	-74.8635874102353
655.0	11638.34447764695	-90.904982036974
656.0	11601.391450271816	-77.91235440937453
657.0	11582.03997428253	-94.43145701804558
658.0	11587.780580166354	-123.06314153666123
659.0	11596.824928072509	-91.752224031894
660.0	11601.327042638557	-103.3920180299295
661.0	11612.01731117338	-179.7052421349387
662.0	11611.860738377816	-108.51286472483723
663.0	11597.117802303468	-130.0674928973846
664.0	11620.068488786992	-198.20801493100348
665.0	11653.298268660428	-126.88367685619596
666.0	11605.16606384635	-149.05565882083224
667.0	11731.709897087443	-119.40827065976919
668.0	11608.983304107862	-124.10205126225385
669.0	11613.271885549766	-167.85599329983233
670.0	11643.575894105756	-251.31547538830637
671.0	11676.408602814334	-113.04432094333121
672.0	11621.317618874666	-186.51162426676942
673.0	11647.670253018143	-261.26920529962564
674.0	11641.387203695338	-200.30094629235586
675.0	11628.906440116516	-204.69965564630547
676.0	11632.505805296072	-181.46070661280586
677.0	11814.57306133619	-156.58847508375524
678.0	11671.928995642818	-316.3579242422905
679.0	11638.01047663574	-221.58873326967054
680.0	11680.269586857461	-335.2649766540417
681.0	11656.077553796364	-279.34563817833504
682.0	11688.688113845847	-353.8464360858173
683.0	11716.34290171906	-282.23761920758744
684.0	11665.157699111682	-286.40790485424805
685.0	11745.42060800697	-145.73289336051917
686.0	11668.288871604973	-261.57923263798875
687.0	11909.095049419577	-202.4841133253552
688.0	11696.802050921136	-372.1701595545892
689.0	11742.223405021714	-249.4677311332974
690.0	11673.285882659884	-304.8462605597815
691.0	11681.317355320794	-323.53002231564705
692.0	11689.710185869902	-342.0532357699655
693.0	11712.755482167295	-407.93261534166714
694.0	11697.827986430755	-360.3871764700137
695.0	11949.11245814574	-250.09298298809153
696.0	11850.886457178654	-197.8353978908514
697.0	11855.595027049343	-432.4556224684663
698.0	11845.157640749974	-377.4679740694264
699.0	11728.696340507398	-443.3316568557954
700.0	11704.84763247146	-390.3203633161999
701.0	11754.227177711015	-396.72920249460486
702.0	11722.23125586887	-414.94978916505835
703.0	11741.149127310788	-471.64737629300845
704.0	11742.031685293985	-459.6028131683197
705.0	11748.90788916611	-490.5447776532189
706.0	11762.52149103036	-478.54571276247344
707.0	11749.965623672035	-479.4126290147178
708.0	12014.340053421314	-353.07976099687704
709.0	11726.317336008133	-391.658030520756
710.0	11717.963502867058	-372.7583298353663
711.0	11713.798115139674	-396.69440786160703
712.0	12031.071170581874	-259.6101031897536
713.0	11927.618016496883	-298.31044432771404
714.0	11962.20216272684	-348.51356233993766
715.0	11770.318890361516	-491.4560515189126
716.0	11754.947286905483	-455.7516142011057
717.0	11766.620596280607	-466.92926107355015
718.0	11793.535047291205	-478.3546903377234
719.0	11901.332655220409	-393.83113039969857
720.0	11709.778376211181	-354.63822977061983
721.0	11821.110727410765	-458.89924116201536
722.0	11837.598675425053	-410.13218253357627
723.0	11787.342595137388	-446.392341129979
724.0	11540.211684549373	-39.63680990371844
725.0	11549.951525194387	-22.839252719670185
726.0	11624.125912323449	-242.10836932761353
727.0	11646.79562479129	-241.2124495440221
728.0	11708.862414594065	-434.0634670511111
729.0	11731.31366663626	-434.60078939276235
730.0	11733.845601574702	-411.8420192365981
731.0	11782.9655775071	-464.4698512390581
732.0	11882.879015866434	-311.50029549225536
733.0	11811.787402905977	-417.9276009654932
734.0	11831.566212482727	-227.94101341031637
735.0	11757.286543186268	-443.1018647553865
736.0	11806.525269722688	-440.8923545936147
737.0	11877.5263741956	-363.1291994980638
738.0	11693.552920142896	-318.15582289876085
739.0	11745.951785775702	-420.7355205157364
740.0	11820.972369561321	-359.166574322034
741.0	11729.40346234398	-379.4433105089459
742.0	11685.463296550797	-299.8513961188607
743.0	11734.501653470323	-348.1228326522687
744.0	11720.789049705627	-360.58053738879244
745.0	11774.89093199693	-326.17360537432495
746.0	11712.570313475175	-342.4836501679529
747.0	11677.286134446278	-281.3683391990344
748.0	11704.436961528467	-324.2769380186849
749.0	11702.421499119222	-275.93819526955485
750.0	11696.341974355833	-305.98886038448353
751.0	11688.198491837305	-287.60390653617407
752.0	11647.67824735077	-211.60499099265385
753.0	11679.850204037573	-268.666677660675
754.0	11765.846300052275	-195.8697744388919
755.0	11669.135669777954	-248.3637492571555
756.0	11625.983751885162	-162.33153389503423
757.0	11643.737438787219	-188.75838792309028
758.0	11694.977127758268	-151.26669367787204
759.0	11660.56064422364	-153.30451416226182
760.0	11617.974571573672	-143.55082093593956
761.0	11635.917363930179	-169.12986507617703
762.0	11629.372903506652	-149.63692325477072
763.0	11629.945255737375	-105.23909765806457
764.0	11620.303665629179	-130.41802814123125
765.0	11635.914514220794	-120.47619046170924
766.0	11758.96741775752	-381.12309927845007
767.0	11721.29873835723	-425.34963081169553
768.0	11660.788761853573	-211.66011566284337
769.0	11637.180511011633	-232.0954684120079
770.0	11773.892121245764	-162.58706544394468
771.0	11675.316628868424	-195.53740016786955
772.0	11696.806066745432	-263.2014278790569
773.0	11698.128470696387	-123.47697097045118
774.0	11649.08575200179	-142.91161685454912
775.0	11656.072250463572	-180.38224764157107
776.0	11672.10689256952	-181.07191271533762
777.0	11650.781407773522	-166.82815174362622
778.0	11716.02755457624	-185.77948239504622
779.0	11732.023760661526	-318.01124601871317
780.0	11728.988618824886	-336.1036755009142
781.0	11854.774710846381	-292.75887555297714
782.0	11712.998572242179	-300.04079473982955
783.0	11718.40042112148	-312.2287621529419
784.0	11744.715415123937	-371.9676448443909
785.0	11793.831015716278	-403.7016719166592
786.0	11768.035516234318	-346.4995280923128
787.0	11746.988059411708	-352.82495943428756
788.0	11773.336870191682	-436.2020015187518
789.0	11744.352368348897	-433.0944490252635
790.0	11774.563157587281	-416.4760859335535
791.0	11776.87988701264	-367.97726481158315
792.0	11754.102997029657	-308.41069880036713
793.0	11795.4570170467	-377.6048537373499
794.0	11700.212633936215	-248.83841832451193
795.0	11677.967996259822	-160.81668490421484
796.0	11722.96910248089	-238.16516086693687
797.0	11825.236797986896	-326.0863798113933
798.0	11787.206995446773	-219.97679959816742
799.0	11757.694354161506	-287.28477994342876
800.0	11658.084071766034	-238.81250126542
801.0	11736.889048741585	-399.7884680723558
802.0	11760.112248008672	-411.0170206606611
803.0	11806.156890095328	-280.0990014758548
804.0	11772.263485586174	-245.39974252745256
805.0	11736.25677423091	-272.9965426299047
806.0	11782.60353466272	-271.39718757029186
807.0	11693.891138023559	-198.1526003674056
808.0	11684.103569401335	-241.08818472529674
809.0	11664.978875352506	-224.5778706660858
810.0	11840.176058054734	-262.06577024516446
811.0	11802.035644561385	-313.7495004229495
812.0	11682.305475709241	-226.32223920427592
813.0	11735.307754117975	-200.78018842418047
814.0	11696.689871365443	-216.01968440056953
815.0	11721.244433602207	-220.1123724640153
816.0	96.58468599768649	-456.80287690758047
817.0	8092.723179062455	-104.59494378199982
818.0	11478.73030834192	-3.6162997181633423
819.0	11465.578951221274	-4.702974657714549
820.0	11448.524702480385	-6.0444026588080915
821.0	11426.187425965649	-7.770701053094247
822.0	11062.97318202717	-38.78609783952485
823.0	11454.203528225653	-31.21160487826546
824.0	11530.05343585498	-102.25140073720131
825.0	11360.162671846441	-13.163546854489747
826.0	11538.009315030844	-120.54401871835103
827.0	11545.965194206708	-138.83663669949888
828.0	11279.663974831075	-417.49824160490726
829.0	11561.946031929523	-175.38556059913458
830.0	11328.40768355923	-517.2079752439182
831.0	11569.832831734302	-193.71449064294566
832.0	11577.788710910167	-212.00710862409358
833.0	11391.966353716578	-141.94058161818808
834.0	11577.396947252846	-230.41682619873686
835.0	11389.891440621412	-445.77647319821455
836.0	11382.81044336086	-493.733611764073
837.0	11583.459914365909	-255.69785864054043
838.0	11591.448731977982	-274.0126142865515
839.0	11625.523985965352	-321.7628165109857
840.0	11470.175704870142	-505.80774874318223
841.0	11622.236676381553	-333.79463117104643
842.0	11649.391623492944	-376.6406704544334
843.0	11537.908213213144	-515.0000911525981
844.0	11541.671601795337	-485.9533054481799
845.0	11590.325522175453	-522.4000497507863
846.0	11669.92980256241	-443.4860233014139
847.0	11631.352159788257	-527.5183431548959
848.0	11662.899044176002	-531.3436780307762
849.0	11709.452096163537	-514.3037106637121
850.0	11687.16352591423	-535.4991945599612
851.0	11713.021875691333	-543.2722819135346
852.0	11726.111588443746	-544.6569548806256
853.0	257.70442411063965	-374.68276071682493
854.0	520.8067366994036	-98.64619014257778
855.0	894.2829012365823	-103.5163678599394
856.0	1257.6233471262515	-99.58332392109378
857.0	1597.8962501108497	-452.76680554187305
858.0	1614.5256998956472	-90.74437054986068
859.0	1975.9126204716442	-99.9894774810053
860.0	2336.8131133807624	-103.76312657791141
861.0	2697.1831900421626	-99.55826556358306
862.0	3044.627715870313	-453.2805864229984
863.0	3054.575635242111	-90.81285840794453
864.0	3415.754832458828	-100.3001256770317
865.0	3776.7280689473296	-103.80825177446286
866.0	4136.726925143809	-99.57096499381184
867.0	4491.50706720589	-453.7635105574748
868.0	4494.773456164688	-90.85048951937931
869.0	4855.533773482424	-100.33722306429672
870.0	5216.572447827953	-103.94954759309242
871.0	5576.381151310218	-99.55811574715138
872.0	5930.521046257497	-100.16742932217782
873.0	6091.171175549717	-372.8679147810105
874.0	6431.603009819169	-376.41108563584066
875.0	6653.950859311194	-103.66607087470386
876.0	7015.282121370667	-99.80196562339597
877.0	7370.230922532327	-100.17955878359423
878.0	7688.909244864143	-455.10590180988856
879.0	7725.434533392542	-91.2132361211017
880.0	11492.84216982236	-7.623870955820597
881.0	8454.399959504995	-100.02186341400905
882.0	8809.910194835878	-100.11975670138766
883.0	9135.990584757574	-455.82658589462704
884.0	9165.834342872973	-91.48862718279861
885.0	9533.118711614989	-104.27967736809524
886.0	9891.896162837775	-99.96130742783969
887.0	10233.907928022438	-95.39379305340951
888.0	10416.542529927128	-366.4039120970328
889.0	10658.126851983443	-147.3208673631801
890.0	10845.426807680378	-225.91971390394278
891.0	11519.249679465387	-68.88278063251964
892.0	11570.962894108505	-187.78479750998613
893.0	11610.742289987827	-279.2478874157293
894.0	11638.587867103352	-343.27205034974924
895.0	11662.455504630949	-398.14990429319613
896.0	11682.345202570606	-443.8814492460676
897.0	11698.256960922337	-480.46668520836425
898.0	11706.177433934958	-498.8320044773256
899.0	11718.864955301315	-528.0341841250282
900.0	11721.516915026603	-534.1317234520778
901.0	450.87379610601283	-460.31239071615687
902.0	119.8956661954834	-95.2257349386097
903.0	649.0936803674914	-383.01792294045873
904.0	970.8973722429715	-465.3606856427352
905.0	1287.6158577370472	-461.51670030849783
906.0	1912.6612102912532	-462.10097107762596
907.0	2111.322547144611	-384.83061550837914
908.0	2420.109114800151	-466.0527373837487
909.0	2733.8572310659583	-461.93693497402865
910.0	3359.184952691436	-462.85691229669396
911.0	3555.67248555906	-385.4090354124778
912.0	3866.7056007797178	-466.54315560334175
913.0	4180.082496580604	-462.394927427299
914.0	4805.645424128033	-463.3393027070005
915.0	5120.062138077968	-467.0406858404045
916.0	5313.231510073339	-467.1297444450128
917.0	5626.418253160012	-462.8273712036801
918.0	5933.936187711696	-463.5257433833149
919.0	6564.122079974207	-467.2025021450575
920.0	6757.29145196958	-467.29156074966585
921.0	7072.000753633457	-463.51651410296625
922.0	7380.327594399524	-463.9831658677728
923.0	8009.575930138464	-468.576668075395
924.0	8202.745302133837	-468.6657266800034
925.0	8517.800122180786	-464.1817049166209
926.0	8826.688397116073	-464.3686568086078
927.0	9456.652993103997	-468.706694684532
928.0	9649.82236509937	-468.7957532891403
929.0	9964.556527982231	-464.56644195349304
930.0	10275.773264096613	-460.08798618367126
931.0	10566.639992439787	-453.4215774152444
932.0	10826.921574903083	-482.04977771752056
933.0	11503.337921113658	-32.29754467022164
934.0	11037.144401708798	-499.73795078178097
935.0	11527.205558641253	-87.17539861366674
936.0	11200.661974176452	-509.06898921546895
937.0	11547.095256580913	-132.90694356653992
938.0	11121.395643900885	-67.01192353757597
939.0	11555.05113575678	-151.19956154768826
940.0	11559.02907534471	-160.34587053826303
941.0	11539.139377405047	-114.61432558539163
942.0	11413.339699727347	-17.958003949418828
943.0	11515.271739877455	-59.73647164194306
944.0	11507.315860701592	-41.44385366079458
945.0	11499.359981525728	-23.151235679646273
946.0	11495.338851122337	-13.364385138049661
947.0	7875.125609189992	-377.776777398647
948.0	8274.322171079093	-204.61680719600886
949.0	11488.69687427212	-4.914229005006746
950.0	11511.293800289523	-50.590162651370115
951.0	11472.903926219346	-8.31927437587789
952.0	11484.2099831792	-8.530528723170088
953.0	11523.227619053321	-78.02908962309318
954.0	11458.005679026823	-10.74737731652264
955.0	11470.72406375571	-24.703057638038143
956.0	11531.183498229184	-96.32170760424151
957.0	11438.633446399574	-13.815103711902339
958.0	11499.567772759094	-64.8982645705596
959.0	10926.052445699383	-50.04870855103445
960.0	11249.74755857898	-21.88833519428029
961.0	11514.141677503249	-65.66616477490366
962.0	11521.7406304349	-102.98712071430494
963.0	11526.075496267049	-93.10509174662614
964.0	11385.711258585477	-46.694444668618566
965.0	11563.076094303726	-169.45586746617465
966.0	11312.028967570079	-17.05731392581932
967.0	11535.161437817116	-105.46801659481628
968.0	11526.683497868298	-114.58180220757231
969.0	11380.935914084022	-23.35084975081433
970.0	11542.347127380504	-150.17572507538003
971.0	11539.695167655213	-144.07818574833087
972.0	11543.117316992983	-123.76063457596457
973.0	11578.918773284371	-206.0774154911345
974.0	11551.073196168843	-142.05325255711287
975.0	11371.321228403764	-66.41646805055704
976.0	11168.96274661879	-28.225825698051114
977.0	11284.46284686435	-38.94564912009961
978.0	11338.694784288913	-30.220860780309067
979.0	11292.294471360838	-77.68598839950164
980.0	11586.874652460234	-224.3700334722829
981.0	11590.85259204817	-233.51634246285641
982.0	11566.984954520574	-178.63848851941137
983.0	11126.78072597887	-461.3854053883349
984.0	11552.133162009835	-184.28412566954663
985.0	11626.654048339557	-315.83312337802596
986.0	11594.830531636102	-242.662651453433
987.0	11574.940833696439	-196.93110650055974
988.0	11598.808471224032	-251.80896044400637
989.0	11573.810771322234	-202.86079963351963
990.0	11602.786410811963	-260.9552694345778
991.0	11582.896712872303	-215.22372448170805
992.0	11606.764350399892	-270.10157842515446
993.0	11581.766650498097	-221.15341761466757
994.0	11585.342125413503	-248.99190391332453
995.0	11585.744590086031	-230.29972660524155
996.0	11614.72022957576	-288.394196406304
997.0	11589.722529673965	-239.44603559581728
998.0	11618.698169163692	-297.54050539687756
999.0	11593.7004692619	-248.59234458639307
1000.0	11622.676108751626	-306.6868143874512
1001.0	11597.67840884983	-257.73865357696377
1002.0	11599.369692756321	-292.22985420804935
1003.0	11601.656348437757	-266.8849625675377
1004.0	11428.046049650575	-524.0682480902734
1005.0	11575.472585229232	-237.08177104680803
1006.0	11650.521685867148	-370.71097732147297
1007.0	11634.609927515421	-334.1257413591761
1008.0	11609.612227613623	-285.17758054868983
1009.0	11614.192223785287	-315.81485365566624
1010.0	11613.590167201553	-294.3238895392638
1011.0	11606.971174889592	-310.25035166913295
1012.0	11617.56810678949	-303.4701985298366
1013.0	11642.565806691286	-352.4183593403247
1014.0	11621.546046377416	-312.61650752041055
1015.0	11646.543746279218	-361.5646683308994
1016.0	11630.631987927489	-324.9794323686007
1017.0	11633.151098681425	-358.3514907754434
1018.0	11629.501925553284	-330.90912550156145
1019.0	11505.3746362636	-529.3234220927338
1020.0	11475.60280764105	-468.0631024390829
1021.0	11670.41138380681	-416.44252227434436
1022.0	11658.477565043015	-389.0035953026213
1023.0	11637.457804729149	-349.2017434827097
1024.0	11641.050452242032	-377.0138979901367
1025.0	11641.435744317081	-358.34805247328546
1026.0	11666.43344421888	-407.29621328377084
1027.0	11645.413683905013	-367.49436146385943
1028.0	11646.343849458382	-389.19553645789347
1029.0	11654.499625455084	-379.8572863120478
1030.0	11674.389323394744	-425.58883126491924
1031.0	11653.369563080878	-385.7869794450074
1032.0	11565.143066989325	-533.2925702401454
1033.0	11646.752799871096	-401.70681507138033
1034.0	11639.13274058168	-383.6390708606371
1035.0	11686.323142158542	-453.0277582366423
1036.0	11661.325442256746	-404.07959742615645
1037.0	11678.367262982676	-434.73514025549275
1038.0	11660.933427062357	-458.90002489656945
1039.0	11665.303381844677	-413.2259064167304
1040.0	11669.281321432607	-422.3722154073044
1041.0	11690.301081746473	-462.1740672272176
1042.0	11667.277842837124	-437.38848397436476
1043.0	11673.259261020541	-431.51852439787837
1044.0	11611.400842255069	-536.7480964805665
1045.0	11694.279021334405	-471.3203762177906
1046.0	11681.215140196402	-449.81114237902756
1047.0	11685.193079784338	-458.95745136960323
1048.0	11702.234900510268	-489.6129941989397
1049.0	11678.456136255985	-475.211990940966
1050.0	11689.171019372268	-468.1037603601772
1051.0	11647.355377846709	-538.4298518438394
1052.0	11677.8102726218	-462.16840355940866
1053.0	11665.488072561335	-517.4461367812237
1054.0	11697.126898548135	-486.39637834132395
1055.0	11710.499569146705	-507.85738338542706
1056.0	11675.085583875238	-540.588248160429
1057.0	11705.356161021322	-504.71346881562386
1058.0	11677.223431258064	-511.90291906761195
1059.0	11699.848821019732	-523.3528770145622
1060.0	11705.656286046991	-538.1742640876181
1061.0	11714.251308665103	-517.5685553159882
1062.0	11696.458837384087	-542.5968201092901
1063.0	11689.530874268765	-525.0487614622058
1064.0	11706.6789213281	-529.3807540906455
1065.0	11720.395903406185	-540.2275232923762
1066.0	11713.839542730215	-525.3342024127388
1067.0	695.7156407630852	-202.16255800251716
1068.0	281.01540430843664	-193.87192508118747
1069.0	1072.8452526034828	-203.09969178103316
1070.0	777.7280002475981	-465.2716270381268
1071.0	1099.496998007779	-384.0441153235831
1072.0	1433.4010526760976	-190.32769447095447
1073.0	1792.0033274350399	-190.73384803086597
1074.0	1436.7418178825967	-371.31664731580855
1075.0	2154.6037423337048	-203.75260405891672
1076.0	1772.0331124437428	-371.7673301780242
1077.0	2516.187313317773	-203.32139214149447
1078.0	2226.939742804778	-465.96367877914037
1079.0	2546.179823928569	-384.4884621955652
1080.0	2874.2628365926716	-190.3711239715276
1081.0	3233.147480422886	-191.11298408497623
1082.0	2880.944367005671	-371.58272332790244
1083.0	3595.6129155416547	-204.10837745149456
1084.0	3216.5180306380885	-372.36911274365525
1085.0	3956.898009640185	-203.3792167682747
1086.0	3673.536228784345	-466.4540969987334
1087.0	3990.231285457481	-384.76893333386624
1088.0	4315.2563982710935	-190.42145451319115
1089.0	4674.376248023259	-191.18771258367602
1090.0	4325.278693890593	-371.8557003810868
1091.0	5036.4882411000735	-204.28677065738916
1092.0	4661.087563444962	-372.66648775387586
1093.0	5397.648620341417	-203.5076633402438
1094.0	4999.8885763239805	-385.81007512989316
1095.0	5434.322661365212	-385.1200264173561
1096.0	5751.91022018451	-199.7255450693292
1097.0	6101.119094921516	-191.16649309928985
1098.0	5765.273281010509	-381.38243744874563
1099.0	6285.277024633673	-90.99906377711204
1100.0	6242.070205692281	-454.4464364428574
1101.0	6835.180007539305	-203.46803649809985
1102.0	6464.861909388764	-194.66513465181592
1103.0	6875.194813769599	-385.3030460867329
1104.0	7191.773072173989	-199.9815244069902
1105.0	7542.238485609414	-191.39279490469593
1106.0	7208.476898206485	-381.8610632979274
1107.0	7905.0437435530885	-195.80817990310152
1108.0	7535.631331444113	-373.3168630979373
1109.0	8317.677742515887	-386.6744632961627
1110.0	8631.822188266067	-200.1416201153967
1111.0	8983.569573047595	-191.60838388418628
1112.0	8651.866779505062	-382.2438055178547
1113.0	9347.091091240254	-195.76830455089384
1114.0	8980.303184088794	-373.7550985889484
1115.0	9716.044584674271	-204.2409847959349
1116.0	9320.513722083657	-377.9595485579601
1117.0	9762.740921317565	-386.52128740760946
1118.0	10072.973733820587	-195.3551004812492
1119.0	10530.411974888017	-88.64075782734032
1120.0	10098.937762321746	-377.6799323952279
1121.0	10400.641222354114	-184.03455088074983
1122.0	10848.217328128683	-108.72881808687423
1123.0	10751.880695781014	-58.68010953583977
1124.0	10701.787895621885	-388.24311201603
1125.0	11000.748255878692	-88.83480639055931
1126.0	11511.579664734223	-79.90334901977273
1127.0	11518.119617091184	-74.81247376547945
1128.0	11559.082386261973	-200.83000179110863
1129.0	11565.854892146368	-184.5681816523717
1130.0	11605.634288025687	-276.0312715581147
1131.0	11633.479865141218	-340.0554344921356
1132.0	11653.974430982033	-407.27672085497943
1133.0	11657.34750266881	-394.93328843558135
1134.0	11675.158312896512	-456.0708642323577
1135.0	11677.237200608472	-440.6648333884523
1136.0	11688.686820632252	-487.0770408746939
1137.0	11693.148958960199	-477.25006935074936
1138.0	11701.06943197282	-495.6153886197108
1139.0	11699.440274640709	-509.50000849981615
1140.0	10722.292140287496	-264.51176318024864
1141.0	11007.522889924629	-177.56019811800692
1142.0	11499.226800961638	-52.20607367723884
1143.0	11506.185798327386	-47.3735467937544
1144.0	10930.036559297014	-255.96499609555062
1145.0	10941.081951796601	-434.4528884039417
1146.0	11132.122809978508	-132.54322642076795
1147.0	11522.097556679117	-83.95878275605217
1148.0	11270.422949803256	-478.7873707927509
1149.0	11078.108996113182	-328.606193280134
1150.0	11533.458727764768	-140.79039478306018
1151.0	11541.987254618776	-129.69032770892497
1152.0	11267.511014318066	-110.43545897247789
1153.0	11213.90861936813	-50.114160892331405
1154.0	11551.664042276718	-171.24533716734322
1155.0	11549.943133794643	-147.98294569007285
1156.0	11557.968092341589	-166.23925160856064
1157.0	11546.540893191928	-160.98628750335547
1158.0	11553.921073382575	-157.12925468064864
1159.0	11531.968792628839	-126.23469054956406
1160.0	11534.031375442913	-111.39770972777706
1161.0	11397.47603018638	-10.187302896324582
1162.0	11519.500754822422	-109.38782905171517
1163.0	11506.722687613283	-69.04420048356057
1164.0	11510.163737915318	-56.51985578432851
1165.0	11491.82908917741	-34.57913534515895
1166.0	11502.207858739455	-38.2272378031803
1167.0	11482.816000559118	-17.35568489630926
1168.0	11486.101677522425	-31.734084203108978
1169.0	11498.229919151525	-29.08092881260635
1170.0	11487.343530715169	-22.36082282980927
1171.0	11494.20100474436	-19.276180838899162
1172.0	10968.187013821627	-340.7308566025584
1173.0	11693.660996097802	-499.1133432219188
1174.0	11702.210229920276	-516.0414806843795
1175.0	11475.35912394616	-17.144430549017063
1176.0	11569.152026058926	-212.21768265976502
1177.0	11080.474982150723	-193.04279245016446
1178.0	11140.64025835823	-383.97567968807124
1179.0	11441.62235733722	-27.807379124175288
1180.0	11494.481048902699	-40.676674672208115
1181.0	11512.352800864215	-93.00199384506368
1182.0	11417.270306666773	-36.01122653939925
1183.0	11492.630053499088	-48.725817413306835
1184.0	11692.853111679326	-507.11649876372576
1185.0	11686.034860906962	-480.97950154764413
1186.0	11677.496813351027	-498.3438305480037
1187.0	11685.305120207931	-515.3538553959328
1188.0	11632.706041312516	-510.0585967464079
1189.0	11686.386386719372	-493.79161133451754
1190.0	11668.452971167402	-493.36320085132866
1191.0	11680.462232347089	-468.2659428864578
1192.0	11593.469616482527	-499.4846604480396
1193.0	11647.5176051655	-501.20551607193556
1194.0	11668.437840022127	-479.9947013676386
1195.0	11653.110741827308	-416.4133411605665
1196.0	11661.983650453103	-425.24345019175234
1197.0	11668.980977224654	-452.9623610123593
1198.0	11641.935642411992	-460.4207251609508
1199.0	11601.605073724291	-457.5673429126873
1200.0	11661.110234231825	-434.3300256258535
1201.0	11631.243909255296	-364.99010383228534
1202.0	11659.331690727815	-419.1459108647032
1203.0	11615.898818086402	-496.3729607693319
1204.0	11652.47130926	-440.2387276609752
1205.0	11636.839279420703	-404.21059883477636
1206.0	11621.711992433322	-343.1122246578686
1207.0	11648.995809183674	-395.29307578494263
1208.0	11607.54677616693	-383.9608124711497
1209.0	11613.360956438337	-324.96574484629144
1210.0	11638.398492516746	-370.9163586630875
1211.0	11606.565035794296	-297.73785034921474
1212.0	11630.499138956135	-352.2539514483924
1213.0	11572.050549878588	-481.33039523298066
1214.0	11613.108801931805	-348.6411836444554
1215.0	11598.634862476152	-279.50173821343395
1216.0	11627.847179230848	-346.15641212134307
1217.0	11572.92743867098	-322.8153193263444
1218.0	11590.688195840099	-261.22799244656636
1219.0	11619.584716656265	-327.69709184399545
1220.0	11565.007145779018	-304.48953493352275
1221.0	11609.216995519586	-303.83538967626265
1222.0	11514.565127616692	-462.53199008421626
1223.0	11555.950796118968	-232.79880217700293
1224.0	11601.286822201442	-285.5992775404843
1225.0	11593.340155565384	-267.3255317736155
1226.0	11566.500066333634	-206.12014333271586
1227.0	11582.690165688213	-242.89436458627355
1228.0	11574.744987527558	-224.3192868716877
1229.0	11557.037299216578	-221.3912544942003
1230.0	11558.633129563146	-188.2565029072492
1231.0	11567.238365050522	-218.60016777439964
1232.0	11440.554149682031	-438.36646322031567
1233.0	11223.762531583627	-370.37013432736165
1234.0	11581.528930257415	-276.4894151250696
1235.0	11344.729705847602	-407.9617074902162
1236.0	11238.242220766164	-309.94128094762317
1237.0	11528.451636374442	-173.18331485672465
1238.0	11357.450457719015	-365.52433299835667
1239.0	11545.344845089194	-169.20898891975244
1240.0	11561.285089288433	-194.35404223429836
1241.0	11189.921585242248	-254.26356013348246
1242.0	11327.548768381117	-151.24260874627862
1243.0	11223.840450610733	-99.92094539112698
1244.0	11415.868972190607	-71.3878878377571
1245.0	11540.074949151995	-157.2493737557023
1246.0	11534.620752354129	-132.33222987661324
1247.0	11482.248671199844	-51.92923449607648
1248.0	11326.243804122429	-85.7069794834844
1249.0	11524.886111433647	-145.80460788892879
1250.0	11345.077996344779	-60.13018705857212
1251.0	11530.18562414243	-161.82451471832806
1252.0	11407.76011599433	-91.96002845799876
1253.0	11525.750977428428	-123.48908989639995
1254.0	11509.94680538207	-112.3658105012396
1255.0	11505.290737218458	-77.35169159546983
1256.0	11519.088670709614	-96.88958138725457
1257.0	11112.910633814665	-259.3229271052837
1258.0	11189.621743939011	-143.56391308003867
1259.0	11406.181981627264	-51.58412040410925
1260.0	11502.169314931702	-97.48543477731998
1261.0	11476.939087175924	-34.28757335863005
1262.0	11433.106943842722	-39.816199055347624
1263.0	11456.04405366545	-55.01179688000593
1264.0	11460.695593834442	-21.92230412370706
1265.0	11473.611096394312	-43.38481124697304
1266.0	11641.416417361672	-484.8300212916577
1267.0	11659.075234374182	-504.77248029730316
1268.0	11214.984867538813	-199.0041121376339
1269.0	11341.722682996007	-117.41108293986888
1270.0	11460.904007365309	-43.08959628093953
1271.0	11516.787682846509	-129.5150486680791
1272.0	11465.646808217956	-65.63250270294232
1273.0	11440.828161031293	-55.142625408504195
1274.0	11423.926327457864	-110.88344617464782
1275.0	11488.540710957403	-68.69472950000711
1276.0	11434.678514418687	-71.14142032620369
1277.0	11548.603397573992	-203.37006823148553
1278.0	11294.610833536193	-294.5647678655384
1279.0	11495.327163428856	-127.7899653111546
1280.0	11383.68309524927	-91.87828440628937
1281.0	11508.166253846028	-123.58574242877587
1282.0	11504.52823816814	-148.77720862572292
1283.0	11515.758861578443	-140.3236320906376
1284.0	11268.978992357232	-197.21366133911474
1285.0	11372.918742063868	-117.29610687068892
1286.0	11515.646152647625	-179.34618213565787
1287.0	11287.286432464765	-152.2879758628704
1288.0	11573.535505838116	-258.2092056980887
1289.0	11352.527565299175	-180.69885271504322
1290.0	11300.284322830696	-237.0965962528785
1291.0	11533.995792386073	-219.67915654070399
1292.0	11451.745466923969	-405.69361809486327
1293.0	11547.145991674353	-214.50006615641738
1294.0	11541.046217570454	-250.3785454155412
1295.0	11565.55347979194	-239.72142996879862
1296.0	11589.450200193887	-294.71151353559935
1297.0	11564.172631585772	-251.09414022933638
1298.0	11557.075995281388	-286.24671124082624
1299.0	11597.052951292093	-312.7384480849628
1300.0	11572.169965454377	-269.2649100061597
1301.0	11400.606874405186	-355.3033582970599
1302.0	11551.941991481895	-256.08206925506494
1303.0	11522.467853320384	-436.6558308090862
1304.0	11604.756372036643	-330.49503650759726
1305.0	11580.121548055793	-287.5089680430272
1306.0	11580.832658200388	-341.1501601002107
1307.0	11588.05329949701	-305.75637575611853
1308.0	11621.315363758096	-367.4734114401029
1309.0	11595.669415786093	-323.83224173280195
1310.0	11488.976343085293	-395.28006372739947
1311.0	11629.226241034388	-386.12599832148106
1312.0	11553.669131246357	-405.25508192844245
1313.0	11603.7029216157	-341.804112155414
1314.0	11600.179760307503	-365.35422823629295
1315.0	11611.967402957418	-360.26621804279847
1316.0	11578.760230422466	-461.3734537846406
1317.0	11549.936756322631	-431.0361886243815
1318.0	11619.8894273349	-378.9353633952742
1319.0	11644.482963132488	-422.0869897400377
1320.0	11627.849809323343	-397.2350173456586
1321.0	11623.868149868069	-420.78298056730574
1322.0	11615.360178186356	-402.5478501902077
1323.0	11635.433131836819	-415.4541531978466
1324.0	11643.390966923815	-433.7770311428212
1325.0	11631.45841159073	-440.7059831595646
1326.0	11659.744426225638	-472.8887778702895
1327.0	11651.917347565643	-452.28361955722175
1328.0	11621.917677622456	-481.66823272486846
1329.0	11630.557048773262	-455.30478528144766
1330.0	11647.186170463176	-474.5385818701252
1331.0	11508.906127191074	-159.5214694707679
1332.0	11522.559206177175	-156.71630948035104
1333.0	11538.6282292046	-195.36968607484428
1334.0	11486.679158172146	-77.92913039850055
1335.0	11501.878760686925	-58.30361300428816
1336.0	11514.231624459513	-86.00088834682067
1337.0	11554.316002002006	-177.34287649439239
1338.0	11541.281270476626	-185.80847273324085
1339.0	11605.380299652248	-440.2500607369778
1340.0	11616.30883708523	-466.26085342383277
1341.0	11620.985425830653	-434.34476912624024
1342.0	11585.671056167897	-423.82608190015645
1343.0	11599.791261754785	-426.9761851391225
1344.0	11612.78466631497	-414.8522590487846
1345.0	11587.69824127116	-405.6185858615166
1346.0	11591.688900234998	-347.30963747068427
1347.0	11604.393958729437	-396.4642802419057
1348.0	11511.003014157148	-407.30794341185174
1349.0	11597.185069940211	-377.586870709473
1350.0	11575.283474575306	-369.137724309651
1351.0	11589.307137901187	-359.23471915322017
1352.0	11554.081384463798	-325.11501762065274
1353.0	11561.784674718285	-363.36299387308827
1354.0	11583.75972333054	-328.98184001014505
1355.0	11575.837479331452	-310.683648720157
1356.0	11567.894313806479	-292.3597164769121
1357.0	11559.944264727666	-274.17145768803147
1358.0	11500.12497827111	-273.66360846927773
1359.0	11549.079165007526	-268.10368240568897
1360.0	11523.348050739209	-253.04887915973464
1361.0	11411.212443506187	-192.01085948443097
1362.0	11543.674174001359	-238.4679885980169
1363.0	11531.610477810684	-232.23953129950087
1364.0	11523.219520794895	-211.54195941627782
1365.0	11537.144913281272	-176.83087531049583
1366.0	11371.035785999002	-286.00112502923383
1367.0	11334.868641562067	-320.6557083902223
1368.0	11343.570559856287	-221.62715474539877
1369.0	11513.839999270573	-190.76631841307926
1370.0	11385.749091566779	-171.51180165613263
1371.0	11488.340582445351	-178.1526071560676
1372.0	11438.112416653088	-150.6226132758537
1373.0	11447.732177102254	-86.13550436397857
1374.0	11418.896918365519	-135.4461768704376
1375.0	11492.717969019039	-142.17284808554314
1376.0	11476.582791857705	-150.8395546425892
1377.0	11462.09326272545	-118.93084544185952
1378.0	11490.129032490333	-117.10113848115559
1379.0	11445.08884633771	-105.30538959218104
1380.0	11479.14433672335	-62.25472535297937
1381.0	11463.484578267373	-80.75741526921547
1382.0	11496.274269579015	-82.4401565809623
1383.0	11477.857510642352	-111.11009903599931
1384.0	11500.677215199394	-107.39977343256048
1385.0	11493.705691024914	-92.52402460104547
1386.0	11475.12055398751	-86.61403881774595
1387.0	11479.942069444622	-96.44732381112969
1388.0	11568.415250763535	-440.9060683699651
1389.0	11580.508822022084	-381.3892182540985
1390.0	11431.859820804153	-371.8973372966082
1391.0	11533.700703629911	-276.69669888551243
1392.0	11374.06421499872	-244.44074299707017
1393.0	11574.17481079053	-396.9174656353862
1394.0	11488.021753425417	-358.9676942548387
1395.0	11502.476294426613	-231.80726248182586
1396.0	11503.727061429512	-170.79254198767816
1397.0	11460.146242133174	-139.6853384297424
1398.0	11456.438070635433	-186.30169389816683
1399.0	11516.846231101379	-240.85597657293343
1400.0	11436.64520394356	-177.61607585190254
1401.0	11401.345679417223	-307.29945461271035
1402.0	11408.48457238102	-224.01149879501295
1403.0	11481.100573195557	-259.75690785073266
1404.0	11466.236121204347	-205.09968264922963
1405.0	11539.040967371262	-288.77673461263066
1406.0	11548.814320262056	-312.89320964315885
1407.0	11458.518954525367	-345.8109535976446
1408.0	11518.865363273035	-267.34541947908184
1409.0	11509.997146762786	-312.33809502995564
1410.0	11533.66646037939	-303.29341455835265
1411.0	11549.033106932526	-337.4318895504266
1412.0	11535.817381024344	-390.2351839720862
1413.0	11564.95209600956	-347.3005113461839
1414.0	11425.11160266198	-292.9038851476727
1415.0	11530.668471554292	-349.92759137603554
1416.0	11540.78383511951	-369.71806979949116
1417.0	11509.409767517633	-340.5378419060298
1418.0	11526.394551713782	-198.36248687535
1419.0	11486.52928498383	-197.33116667546847
1420.0	11493.932218674263	-298.08243621209067
1421.0	11434.578227520344	-237.85325770545705
1422.0	11451.031931371157	-314.8214051330586
1423.0	11461.686369314135	-271.0651710871081
1424.0	11482.783780798904	-238.69126310422885
1425.0	11474.341833069493	-170.4624475349648
1426.0	11506.46426954474	-215.0536200839671
1427.0	11500.109610590936	-201.3912377845004
1428.0	11461.770428706193	-223.89860573581382
1429.0	11469.551652704424	-297.4987892502275
1430.0	11436.177375731633	-263.9541783102475
