1.0	11509.998712360155	-6.588333047635896
2.0	11515.698441313556	-3.877971975465092
3.0	11512.212005517931	-18.411626117378287
4.0	11521.576264879435	-38.65896620073255
5.0	11537.042080644582	-9.828502336031912
6.0	11529.724658585992	-57.02371357278721
7.0	11555.46373921395	-13.039435714723368
8.0	11537.794123786078	-75.32118629581585
9.0	11546.488574418472	-66.3384215595579
10.0	11549.898321586203	-102.76739538036499
11.0	11555.02604057444	-105.9700504749777
12.0	11557.087402632123	-90.89795441359941
13.0	11566.037251986367	-139.36234082642474
14.0	11571.164970974603	-142.56499592103603
15.0	11575.199703574646	-151.71373228255206
16.0	11579.234436174687	-160.8624686440678
17.0	11658.245394014675	-27.519687940817676
18.0	11586.210914986577	-185.1060226340002
19.0	11591.338633974812	-188.30867772861282
20.0	11595.373366574853	-197.45741409012615
21.0	11594.392784640278	-176.06692653221157
22.0	11603.44283177494	-215.75488681316276
23.0	11715.591241498149	-35.77501289432985
24.0	11611.512296975021	-234.05235953619425
25.0	11615.547029575066	-243.20109589771263
26.0	11619.581762175105	-252.34983225922596
27.0	11623.588358718573	-261.51796342726726
28.0	11618.866653350908	-230.6752507484683
29.0	11631.68595997523	-279.7960413437734
30.0	11635.72069257527	-288.94477770528914
31.0	11789.923441744068	-46.16702877013207
32.0	11642.697171387159	-313.18833169521594
33.0	11647.824890375397	-316.39098678983174
34.0	11651.859622975438	-325.5397231513475
35.0	11655.894355575476	-334.68845951285834
36.0	11659.929088175517	-343.83719587437434
37.0	11663.963820775563	-352.98593223589006
38.0	11667.998553375603	-362.1346685974034
39.0	11672.033285975645	-371.2834049589169
40.0	11885.799721774738	-58.88591251903563
41.0	11687.079229987614	-413.82443167188694
42.0	11696.241681575892	-426.1758231280141
43.0	11700.276414175934	-435.3245594895325
44.0	11708.3199829434	-453.6390797223915
45.0	11712.354715543443	-462.78781608390756
46.0	11719.357090787946	-487.01432256400653
47.0	11724.484809776186	-490.2169776586175
48.0	11728.519542376227	-499.3657140201335
49.0	11732.554274976268	-508.5144503816493
50.0	11736.59386616117	-517.6241925306175
51.0	11979.706805312528	-526.9618562430413
52.0	11743.214351884131	-542.0646971004036
53.0	11505.057300507297	-2.710361072170804
54.0	11522.608369458116	-16.95447287823481
55.0	11517.471518237338	-29.069174910491643
56.0	11525.746594827388	-47.803207601653504
57.0	11533.759391186037	-66.17244993430285
58.0	11545.86358898616	-93.61865901884693
59.0	11562.002519386326	-130.21360446490687
60.0	11582.176182386536	-175.95728627248695
61.0	11606.384577986782	-230.8497044415781
62.0	11638.662438787114	-304.0395953337002
63.0	11683.044497387576	-404.67569531036884
64.0	11739.563902206313	-532.7433854124062
65.0	12167.912322140359	-510.63721686021535
66.0	12222.62643356037	-457.44174231992196
67.0	12688.7275486516	-475.77947813910106
68.0	12801.421034550753	-385.29741038039674
69.0	13239.36797042108	-461.4421260130592
70.0	13390.880068046667	-368.6411339532403
71.0	14153.765469172482	-462.51836139501614
72.0	14451.808003276596	-469.43059242306816
73.0	14748.017743293634	-465.99639390496515
74.0	14896.429331399404	-371.38099632729865
75.0	15206.051848909958	-372.76924666709607
76.0	15963.085041281372	-468.15068459044113
77.0	16260.501351922032	-476.3238787126884
78.0	16558.19380833081	-471.2238216204126
79.0	16708.130316739927	-375.2691784448889
80.0	25589.754440621608	-506.43652679457364
81.0	25903.014298209455	-507.65951969330854
82.0	26057.20801367398	-407.1244420920414
83.0	26589.7334131011	-499.20802779167417
84.0	26981.225076910854	-497.70511134725103
85.0	27359.609462727098	-105.55296584024472
86.0	27398.42029793546	-513.5364069294804
87.0	27875.76027467943	-409.2884522588024
88.0	28661.301093830494	-296.1041145080166
89.0	29183.67082847599	-105.46947644340253
90.0	29252.035075354866	-518.7872544999435
91.0	29733.790338988543	-414.66140262002733
92.0	30199.72962221559	-501.87261461257754
93.0	30629.14189508495	-105.2628149604255
94.0	30666.037948098587	-522.6114667074255
95.0	31157.908008863862	-418.6922763104863
96.0	31616.22218246576	-507.98826457462474
97.0	32083.237067094942	-106.69656774497707
98.0	32088.664926243353	-528.0760931824361
99.0	32562.242699810467	-512.0445213166595
100.0	33016.29862803816	-424.0667745644317
101.0	33485.247412775345	-513.6696941622713
102.0	33913.05311865849	-107.23743272860641
103.0	35372.31659767619	-524.1730303521173
104.0	37723.320297231076	-531.4727993206717
105.0	44843.51293633971	-565.2780704081314
106.0	44878.701178021605	-107.62068175654122
107.0	41173.15909694448	-112.09149031147778
108.0	39000.62999738799	-110.85506494610065
109.0	44465.63532195703	-113.65417111341958
110.0	28484.759971856965	-205.65117060565572
111.0	20076.24069782471	-105.08592825048497
112.0	26245.51991656101	-101.11184776651741
113.0	26610.841826249376	-93.56480979728804
114.0	26982.126388527566	-90.93365021512727
115.0	27686.95111148804	-204.3090939348898
116.0	28085.675264239904	-204.97935832391258
117.0	34323.69600586249	-91.24834261280193
118.0	34566.29364981925	-91.24834261280193
119.0	28309.672669113217	-410.6305289295683
120.0	34974.253178058534	-108.3383334477209
121.0	28801.200154892318	-90.45294390236086
122.0	35359.448642894386	-93.38813297025384
123.0	29525.527031047848	-206.9947951691421
124.0	36143.70638917478	-216.60963021270922
125.0	29990.61240860903	-85.86758742906386
126.0	36430.28077056504	-107.8035425631145
127.0	30233.21005256579	-85.86758742906386
128.0	36811.076201677504	-109.85075791498336
129.0	30965.37879785578	-209.01023201437158
130.0	37196.22146480378	-109.04100527184589
131.0	31438.573162724435	-87.95236370065201
132.0	37601.16756958682	-93.96977912137663
133.0	31681.170806681188	-87.95236370065201
134.0	38248.05152435299	-109.41057110548233
135.0	32486.438357298208	-89.3213713157141
136.0	38630.10776278926	-110.66054905226338
137.0	32729.036001254965	-89.3213713157141
138.0	33268.6901035354	-88.25929503435327
139.0	33511.28774749216	-88.25929503435327
140.0	39359.474981054525	-105.55873983617009
141.0	33957.389267305516	-533.9914564200108
142.0	39718.78401912556	-111.33388453498385
143.0	34438.40863787336	-519.3459908676926
144.0	34683.299488929675	-413.97140632883975
145.0	40086.4454466588	-111.13735276121831
146.0	35737.312792209654	-108.8060876495947
147.0	40454.05657137202	-113.9998136030966
148.0	35820.5572303553	-540.9346095949445
149.0	36081.62390711019	-433.0097973262557
150.0	40816.3517383964	-106.66063842593576
151.0	36584.081448368066	-434.7262798733875
152.0	37247.99770908419	-545.2004009076546
153.0	37843.76521354357	-93.96977912137663
154.0	41540.5084056904	-114.19412426690299
155.0	38197.983091404334	-548.2572158682638
156.0	41908.164682838826	-116.26641112355476
157.0	38650.41581320445	-550.8508183785312
158.0	39245.38482113523	-437.5166578680194
159.0	42275.66676579692	-113.41894562900416
160.0	39478.343554959276	-437.9954774569026
161.0	42634.29264725381	-106.92554169745806
162.0	39876.60579631035	-444.24590266369404
163.0	40513.27291128583	-559.5645811833098
164.0	42995.17694259495	-114.99262603318978
165.0	40918.27542944692	-441.8704186683917
166.0	41313.72387248772	-450.07571679110214
167.0	43362.15675765041	-112.4938487260224
168.0	41935.91282888741	-565.8620523942269
169.0	43730.34117453627	-114.03781421424112
170.0	42373.791395209344	-564.3582114631628
171.0	42758.205999028425	-447.7237067885987
172.0	44095.18252845909	-107.92338936950303
173.0	43157.36188517182	-453.96382609890617
174.0	43796.99761008347	-569.0079537388588
175.0	44708.232965913805	-221.2748528699608
176.0	44360.070596911326	-569.9679352015236
177.0	11715.322358187905	-477.86558620249116
178.0	11703.218160387782	-450.4193771179468
179.0	11691.113962587653	-422.9731680334
180.0	11768.3282534748	-537.1768126615854
181.0	11787.836363027009	-534.0242275706629
182.0	11679.010156826269	-395.5267860537745
183.0	11784.986921645605	-493.7246183163079
184.0	11674.97503218749	-386.3782225873378
185.0	11889.066080397426	-518.212285387646
186.0	17525.94598856964	-103.34693288342775
187.0	12086.226906755523	-44.765932028344345
188.0	12016.069755501492	-498.6560850606514
189.0	12270.843774262685	-63.396833192947575
190.0	17892.390362474292	-108.48073922218707
191.0	12499.829454126317	-63.797686535969355
192.0	12369.385227594881	-438.1641362654371
193.0	18257.365912467485	-104.1286250702348
194.0	12743.891680722438	-201.22065708657223
195.0	18619.570932681007	-103.65842011192824
196.0	13180.589522181765	-92.1200247265321
197.0	18981.549657796633	-103.97309802037005
198.0	13532.755439533916	-91.65716344642472
199.0	19344.358474241908	-104.31367009512905
200.0	13880.711464021377	-103.64825398411631
201.0	19710.920838802554	-109.4856354262156
202.0	13706.28379043653	-380.57870417637326
203.0	14220.789096797598	-90.74376500670526
204.0	14540.911373546203	-189.42174775811873
205.0	15001.559293383209	-91.88591206481215
206.0	20438.66679161886	-104.62432519959596
207.0	15350.071477980726	-93.5633430287077
208.0	15698.45410451013	-104.56721851054317
209.0	20800.69984163973	-104.97072376020999
210.0	15518.228440587138	-385.85989407837593
211.0	16037.372067125027	-91.4639966155446
212.0	16354.825253990202	-191.71827859001496
213.0	21163.26497032403	-105.31339400755435
214.0	16818.934844252974	-93.00271226024779
215.0	17167.493813102854	-103.72154425820918
216.0	21529.32911782178	-110.55986706110222
217.0	17017.7357061169	-386.5002938853261
218.0	17340.028630983816	-397.2538554740548
219.0	21895.18379957028	-105.9476040976903
220.0	17680.20696090551	-402.4223914035815
221.0	18011.794075339636	-490.898200714767
222.0	18335.12611830361	-487.3647684939122
223.0	22257.74326931211	-105.60503219742532
224.0	18655.687631487915	-487.7132454667033
225.0	18976.022849574325	-488.8466053062428
226.0	22619.858608394065	-105.92273883304249
227.0	19149.38293256491	-400.92819224120984
228.0	19494.035894121083	-406.8500706126042
229.0	22982.116278904607	-106.38275762711903
230.0	19896.01768615181	-214.57156367670055
231.0	20146.737505442292	-493.2341632607481
232.0	20467.52009220723	-493.5912421409568
233.0	23347.93637318019	-111.68112277886394
234.0	20787.90963519888	-494.75632263266834
235.0	20964.325583705155	-405.38158768676794
236.0	23714.321595813253	-106.64881387326265
237.0	21308.236640437462	-411.380071953209
238.0	21634.206034250037	-502.80151172685345
239.0	24076.859783381035	-107.29957552184835
240.0	21958.41720896932	-499.0079306945392
241.0	22279.333171681938	-499.48404072537187
242.0	22599.80500373468	-500.62042929208656
243.0	24438.93165596051	-106.81366670341959
244.0	22779.22163025511	-409.859012172458
245.0	23122.58117559148	-416.02673708382827
246.0	24801.256924268713	-107.49853930607787
247.0	23445.549891389906	-508.8348590312009
248.0	23770.291606993753	-504.62123205669724
249.0	24091.186287532317	-506.09067563638064
250.0	25168.660234251696	-112.61781881435552
251.0	24254.642372962757	-413.7134627653084
252.0	24594.321294400692	-414.3217675150868
253.0	25541.047827659655	-103.55201702455331
254.0	25058.056217315327	-513.8649647221805
255.0	25360.117222408808	-216.16983583890882
256.0	25895.951192276723	-103.95632799219068
257.0	11529.087720304206	-4.640137708534894
258.0	11509.530078920507	-12.330370725006645
259.0	11521.992306241065	-8.518109683999986
260.0	11530.73875291147	-22.876317907716537
261.0	11561.896590891507	-38.007789498701946
262.0	11546.331265204004	-5.188364627497019
263.0	11533.265389016082	-36.69889465178858
264.0	11526.76065270911	-41.78985168572783
265.0	11598.23668782261	-9.440830334441367
266.0	11568.079077714907	-7.851071087226349
267.0	11541.828856386119	-84.46992265733371
268.0	11534.85237757423	-60.226368667401196
269.0	11590.589810503036	-44.68028356553987
270.0	11636.086394715683	-12.063713587427628
271.0	11542.921842774313	-78.52384139043026
272.0	11580.887421206426	-17.291901421667717
273.0	11549.178396151832	-72.43757913390193
274.0	11557.967786786285	-121.06486810339607
275.0	11546.956575374357	-87.672577751946
276.0	11610.572434938338	-41.452190903553856
277.0	11553.933054186244	-111.91613174187798
278.0	11589.112386231487	-111.97685320662276
279.0	11559.060773174482	-115.11878683649343
280.0	11614.748511479354	-21.504543921868997
281.0	11562.280225655782	-102.75315066256978
282.0	11654.224043411692	-52.09393561883189
283.0	11563.095505774523	-124.26752319800698
284.0	11585.63040308437	-144.54664537852418
285.0	11570.071984586408	-148.51107718793799
286.0	11574.10671718645	-157.6598135494561
287.0	11578.141449786492	-166.8085499109691
288.0	11598.315112786702	-212.55223171854698
289.0	11685.887495796604	-15.455974353390047
290.0	11578.24805417855	-139.00266015750336
291.0	11583.26916877473	-170.01120500558352
292.0	11711.072744170937	-67.51444253563871
293.0	11590.245647586618	-194.25475899551589
294.0	11605.358639684584	-200.7133631725907
295.0	11594.28038018666	-203.4034953570289
296.0	11599.408099174898	-206.60615045164192
297.0	11602.349845386743	-221.7009680800651
298.0	11751.08717417309	-20.3190385409398
299.0	11626.558240986991	-276.59338624915597
300.0	11602.668817951222	-194.61420559824668
301.0	11633.079053811365	-251.82783692724965
302.0	11610.419310586825	-239.9984408030962
303.0	11614.454043186866	-249.14717716461186
304.0	11618.488775786907	-258.2959135261249
305.0	11785.024787599761	-87.41417815304885
306.0	11622.495372330375	-267.4640446941683
307.0	11627.623091318614	-270.66669978878303
308.0	11646.219473835006	-281.9742211016831
309.0	11630.592973587036	-285.742122610674
310.0	11653.991528957342	-300.16561564563744
311.0	11634.627706187073	-294.890858972187
312.0	11835.499219442334	-25.847990229192266
313.0	11633.634486590496	-265.29134975827765
314.0	11639.75542517531	-298.0935140668
315.0	11646.731903987202	-322.3370680567338
316.0	11650.766636587241	-331.4858044182467
317.0	11654.801369187282	-340.6345407797599
318.0	11665.531568601042	-337.72676291510044
319.0	11658.836101787325	-349.783277141278
320.0	11662.870834387366	-358.93201350279105
321.0	11941.265262602908	-392.4056461663713
322.0	11666.905566987407	-368.08074986430665
323.0	11679.326296541365	-368.50784063151997
324.0	11867.233850673576	-535.3857260950954
325.0	11670.940299587448	-377.2294862258199
326.0	11944.57302566213	-33.03792228984336
327.0	12108.191528906196	-481.9400030043107
328.0	11673.91764008011	-356.25032686457416
329.0	11695.148695187696	-432.12190439491565
330.0	11711.040448530082	-427.4548279579685
331.0	11699.18342778774	-441.27064075643375
332.0	11707.226996555204	-459.5851609892925
333.0	11724.666839972966	-459.95589485305874
334.0	11711.287625587865	-468.7168498409781
335.0	11716.415344576099	-471.91950493559096
336.0	11723.391823387989	-496.16305892551986
337.0	11737.332856891982	-499.03312820594147
338.0	11727.42655598803	-505.31179528703797
339.0	11760.992274654598	-543.3198644083055
340.0	11740.022678625346	-505.1322857802855
341.0	11731.46128858807	-514.460531648551
342.0	11745.055963162851	-516.9292815651812
343.0	11735.500879772973	-523.5702737975215
344.0	11695.4273597521	-405.0082130815208
345.0	11748.392810300787	-545.1298935273275
346.0	11751.543719743837	-534.569036041515
347.0	11740.661747179372	-526.7583099329573
348.0	11517.190781957637	-21.10595163424236
349.0	11522.520308719102	-32.2045553560813
350.0	11538.077050034795	-19.62831934097873
351.0	11530.874313815622	-51.00586269626717
352.0	11550.974448513089	-32.515800254235124
353.0	11547.976297978568	-57.010747013778506
354.0	11538.887110174275	-69.3751050289145
355.0	11574.508842109957	-76.97299610618938
356.0	11550.991307974398	-96.82131411346195
357.0	11570.230166505416	-120.85706800179712
358.0	11567.130238374562	-133.4162595595203
359.0	11591.702962906917	-169.96776895786752
360.0	11587.303901374771	-179.15994136709932
361.0	11613.363838753716	-218.99106025103296
362.0	11607.47756437498	-224.90362317467847
363.0	11643.790157775353	-307.2422504283136
364.0	11690.085554297482	-392.8927776378284
365.0	11680.103143214465	-389.5807047868722
366.0	11688.172216375815	-407.878350404985
367.0	11744.340486690484	-536.1039970076578
368.0	11747.778933314374	-523.0138201803493
369.0	11961.620745790322	-437.3391815503419
370.0	12160.211776289963	-200.17411505809773
371.0	12299.03523206357	-496.7018652972949
372.0	12564.73873905334	-416.45001786596
373.0	12330.45469385946	-318.0697880015602
374.0	13079.05061518743	-369.8478191830599
375.0	12845.722352786564	-93.26963895028409
376.0	12943.487584880233	-461.8045477503524
377.0	13038.814736922077	-185.38966367681618
378.0	13708.562973977176	-195.30541743054104
379.0	13372.337498072702	-183.7771881729568
380.0	13549.018825967236	-461.7943959725403
381.0	14348.567373280135	-187.58107911036495
382.0	13855.331343425476	-474.6041684413295
383.0	14304.644682710272	-373.67304778729476
384.0	14597.465751440111	-375.9230574005974
385.0	14655.730741020423	-92.58443365445903
386.0	14860.6967070201	-184.4703457192712
387.0	15052.202788627203	-466.1165542464158
388.0	15524.139323237054	-198.13056153925086
389.0	15191.140978045267	-185.44925509351984
390.0	15359.071466195504	-468.612667141409
391.0	16161.624760795856	-190.2825054222388
392.0	15665.81058569569	-480.43522455434214
393.0	16114.07037111672	-378.8305198924615
394.0	16407.747932774844	-380.67563402578645
395.0	16473.170204276135	-92.89976978332076
396.0	16676.029391469896	-185.90248204356854
397.0	16862.31494127843	-472.14544602843716
398.0	25259.010354242866	-514.6836466532782
399.0	26064.087337464913	-205.0681757587081
400.0	25723.511714498698	-207.508345016744
401.0	25737.45414422237	-409.1552703845285
402.0	26415.08150550243	-194.67665756380543
403.0	26224.561672050582	-505.71421811645905
404.0	26787.791511533836	-184.4984600124153
405.0	26401.00258478294	-397.22276158041376
406.0	27172.662682076425	-196.486616055372
407.0	26780.762019105052	-387.59557399019326
408.0	27513.590939101763	-309.8620597751345
409.0	27178.7908628885	-400.1609632097179
410.0	28996.315484514376	-195.92242034576338
411.0	28799.187918407348	-502.4270973954155
412.0	29356.745894734766	-312.4642716125446
413.0	29012.903487112853	-402.2454032331623
414.0	30418.210585056262	-191.13040238948938
415.0	29956.278072592973	-293.5341948799491
416.0	30786.482864411108	-314.27304697479707
417.0	30419.064490722118	-399.46882212211784
418.0	31388.50472977576	-297.63440799676675
419.0	31864.6806474411	-194.64893144562907
420.0	32306.051732122985	-196.0179390606912
421.0	31849.800456174347	-405.002788023487
422.0	32784.53229335206	-301.01885245705836
423.0	32326.359782538155	-407.0436079202923
424.0	33705.13131013995	-195.4967277629597
425.0	33238.07581533604	-300.6285884574407
426.0	34153.64310257514	-198.48577534140836
427.0	33709.70526362249	-408.5378334677903
428.0	35147.7462577516	-416.78300896803484
429.0	35582.097647649505	-417.92257545165177
430.0	37482.69706200968	-421.42638835199847
431.0	38005.84959066421	-203.38035022685895
432.0	41060.15427626537	-558.9998824551773
433.0	39182.44843340475	-216.41380478227074
434.0	38420.8555783414	-439.83034868000806
435.0	44218.23429892262	-449.398536386103
436.0	44673.04472423191	-449.76764105488434
437.0	19823.061153449362	-496.8151885053812
438.0	20259.867173032977	-209.71025345008093
439.0	34916.74464947649	-537.779606266098
440.0	35158.90640120167	-201.72646641797473
441.0	36341.304048117774	-541.2756890719506
442.0	37021.31391835358	-436.63555486386207
443.0	36610.97568875074	-217.65430047809787
444.0	36792.47596259407	-544.6665289873058
445.0	37439.214819028515	-203.0107843932225
446.0	37013.019917054335	-218.89176318682925
447.0	37963.22125334892	-422.4677664673781
448.0	38816.977681074626	-221.51561399836405
449.0	38428.29567397476	-220.0711201577457
450.0	38844.72582712318	-441.94665480236955
451.0	39091.314531167016	-552.3889588358549
452.0	39536.70598920718	-216.89262437115394
453.0	39637.24739231167	-554.2114029882243
454.0	34193.405297739606	-412.1986933279821
455.0	34729.64787406166	-199.58667606052282
456.0	40283.1701243036	-447.58364401354993
457.0	39899.77998887633	-222.47123729620216
458.0	40075.285303208766	-555.3584957779451
459.0	35979.910436166414	-108.8060876495947
460.0	35558.069549417654	-202.19422061984855
461.0	40637.16590099011	-220.66045202903237
462.0	40271.15607518766	-225.1371663643149
463.0	40684.36819178798	-443.77874196001056
464.0	40992.37196062744	-218.75212873741353
465.0	41720.02123412885	-454.9224498849223
466.0	41352.63216198631	-226.28561457838077
467.0	41497.88006837514	-562.4461409740888
468.0	42095.00317611689	-229.68535675255893
469.0	41723.74128194552	-230.46053539045775
470.0	42126.471369982144	-454.8190835287666
471.0	42457.23467459674	-220.3444873264622
472.0	42523.89111014391	-446.150026384413
473.0	42812.84838545963	-221.91816773064784
474.0	42921.08041141446	-567.2755164308347
475.0	43563.81789285992	-453.68082656170077
476.0	43176.816029921094	-227.4864747592122
477.0	43358.436709833775	-566.1203636871537
478.0	43917.21310080082	-221.96120358374415
479.0	43548.08379592728	-226.53166294026354
480.0	43968.13543941538	-449.7821794869246
481.0	44288.61078228644	-221.57756048292262
482.0	11720.45007717614	-481.0682412971041
483.0	11829.733702003005	-538.0814207945858
484.0	11812.496584321745	-478.2843660849806
485.0	11704.311146775979	-444.47329585104825
486.0	11754.25113248746	-540.5453539073465
487.0	11844.367461832911	-458.2583868684742
488.0	11692.20694897585	-417.02708676650064
489.0	11763.927712958493	-527.2972008127666
490.0	11778.07725630905	-541.8249361180712
491.0	11723.750445214042	-468.578117223716
492.0	11800.680362974608	-540.2494920264108
493.0	11711.552236327427	-440.1626246254552
494.0	11769.013185899259	-518.0794863090172
495.0	11901.94023632641	-461.95672571298445
496.0	11684.137875814507	-398.72944114838793
497.0	11704.329948021516	-413.6474679242383
498.0	11813.47273594828	-530.1747071469564
499.0	11676.068018575686	-380.43214132043266
500.0	11944.369457942606	-509.5555081643342
501.0	11846.392510174017	-525.1739183410824
502.0	11687.395732564119	-386.7936200634843
503.0	11842.016763321766	-502.33972248815553
504.0	11916.134035446898	-531.2979295380625
505.0	11682.016118274725	-374.60699820586404
506.0	11882.574323610248	-488.1984478241308
507.0	17486.039071536663	-484.1270305138124
508.0	17710.571296179303	-211.82767210561482
509.0	12010.33351057209	-77.8038543181877
510.0	12093.853052918965	-419.52696918637474
511.0	12005.685738312592	-448.36077662951476
512.0	12062.189843471939	-520.7014288515387
513.0	12374.69347485011	-127.19451972891693
514.0	12173.0333330484	-108.16276522129192
515.0	12187.811084205772	-366.1680701041866
516.0	18078.09475414201	-212.60936429242187
517.0	17810.839938412097	-490.0795187836693
518.0	12598.501419053791	-171.7487046722575
519.0	12469.451283936714	-491.99018118649633
520.0	12532.041963283851	-296.495997692941
521.0	12397.823974431803	-251.94181274960042
522.0	18127.38573381738	-404.02276552148624
523.0	18441.378858413587	-207.78704518216304
524.0	18469.848084574347	-399.6097873767762
525.0	18801.6661378076	-207.63151813229828
526.0	18809.31361045375	-399.86360129246026
527.0	19162.557213433363	-208.2867681154991
528.0	19528.031928504148	-213.79930552134465
529.0	19297.18815899039	-490.00585931209935
530.0	14009.599228250465	-380.07464670220253
531.0	14032.700165305718	-194.39201899082158
532.0	19622.10701652182	-495.99650657428356
533.0	19941.676966717907	-408.4410106990578
534.0	20284.70470008446	-403.98904143798694
535.0	20620.429850912857	-209.59504895980595
536.0	15820.810810281693	-384.1698886307616
537.0	15847.543446446218	-196.03121512608777
538.0	20624.445624449738	-404.2831779132607
539.0	20981.131563682884	-210.28411776776434
540.0	21345.8643739298	-215.87326106865657
541.0	21108.831256853966	-495.9176748111104
542.0	17349.571212743005	-207.06847714163692
543.0	17006.456534361478	-196.72425651845697
544.0	17169.23040309909	-483.68295995749617
545.0	21713.88673724091	-216.50747115879253
546.0	21433.251897322498	-501.9828297957559
547.0	21755.914318697734	-412.8329639744425
548.0	22078.404422796102	-211.5526362951156
549.0	22099.610250738322	-408.2874700763145
550.0	22439.182765684756	-211.5277710304678
551.0	22799.659309342107	-212.30549646016152
552.0	22439.566840112366	-408.6719457772154
553.0	23163.840608193088	-218.06388040598299
554.0	22920.419167215998	-501.8991300172608
555.0	23532.149459166598	-218.32993665212658
556.0	23244.595754462367	-508.01617710010333
557.0	23570.545341514153	-417.1114752610695
558.0	23897.176403432302	-213.948389395111
559.0	23914.750532265247	-413.1392689696027
560.0	24257.889997644423	-214.11324222526795
561.0	24618.39067259696	-214.31220600949746
562.0	24411.614653082575	-506.4234487490494
563.0	24984.222784953006	-220.11635812043338
564.0	24732.296414361557	-507.92700328280534
565.0	24939.331653242127	-420.53526059157156
566.0	25394.881405647087	-417.40742024114456
567.0	11731.508548866448	-486.7596642159721
568.0	11753.884321394667	-527.4639346936552
569.0	12225.289348973552	-285.3338448176825
570.0	12000.259066768487	-145.72842276590623
571.0	11671.227818346748	-350.15116929023253
572.0	11809.519849550792	-512.3725421402293
573.0	11856.366347034147	-482.5376926786533
574.0	11703.547434500148	-422.7698391294883
575.0	11662.841746867683	-331.6276053407564
576.0	11821.405068753264	-497.44505993493175
577.0	11783.172833133523	-520.1583896104275
578.0	11715.709007557241	-451.26909123351896
579.0	11792.063946683636	-508.58148905944836
580.0	11759.932419711435	-508.62644066593447
581.0	11728.818727133088	-480.6605066416305
582.0	12118.758496798531	-356.9505108265439
583.0	12063.330906193485	-204.7018503128687
584.0	11701.641995718803	-336.4393965514949
585.0	12037.467350295805	-407.99308660246606
586.0	11936.667415609301	-470.2281419027713
587.0	11879.281779905905	-110.95137450090503
588.0	11747.391789238829	-510.38345608175104
589.0	11760.897313582014	-498.49732337076665
590.0	11739.228876994011	-492.3731596686824
591.0	11731.02610878279	-474.1164638351426
592.0	11732.824984239845	-453.4497674666879
593.0	11705.926888971813	-378.5990050392332
594.0	11718.398829290601	-457.368248807863
595.0	11717.84827455307	-443.73871740348113
596.0	11696.247319246833	-395.96889447634504
597.0	11698.117181485455	-411.1073706558648
598.0	12061.709705952046	-312.3939063490034
599.0	11660.151925134322	-325.52844776641723
600.0	11886.957568130352	-430.4938654695313
601.0	11654.821078492214	-312.94759680264787
602.0	11688.215721236184	-377.7659947493812
603.0	11646.743416362044	-294.61334557874943
604.0	11680.117664257634	-359.4208438040805
605.0	11638.979558169793	-276.4587295356614
606.0	11671.702579784034	-340.8380812363466
607.0	11630.944664857134	-259.1921921839336
608.0	11662.020394262901	-318.8824026846196
609.0	11927.980639989699	-153.02795271943128
610.0	11626.815734060998	-248.2075269036844
611.0	11663.892642611796	-297.6383366322989
612.0	11652.131256758852	-306.8484392283014
613.0	11656.644656821823	-267.2186274821506
614.0	11644.053594628684	-288.51418800441024
615.0	11718.094583191903	-164.0148974418771
616.0	11610.674017020357	-212.89190267668891
617.0	11639.863234453434	-267.88072441053856
618.0	11597.082606373639	-182.16608410655317
619.0	11626.352549715288	-235.5286054470004
620.0	11824.082623429196	-119.16060159397846
621.0	11627.941070725885	-215.9066522848419
622.0	11619.625208741405	-221.56003273020664
623.0	11586.364860602023	-157.41079381101494
624.0	11611.496838541805	-203.79646030302197
625.0	11595.62965609746	-141.88830766125466
626.0	11603.285071361812	-185.26895688157674
627.0	11741.670022701574	-93.30561756516545
628.0	11603.852529443933	-160.66622054446148
629.0	11575.55823244519	-132.90350258315934
630.0	11593.705668346016	-163.31343903020024
631.0	11569.66681086516	-108.33835552043213
632.0	11583.675038868663	-151.3116362366709
633.0	11677.347647866409	-71.76965167271312
634.0	11667.424070284214	-92.3027189276351
635.0	11577.565174187845	-126.29039229233604
636.0	11554.397580898765	-84.79879683925537
637.0	11567.540344772055	-114.7579104274555
638.0	11627.888967571684	-56.58560824712671
639.0	11579.678535479405	-105.73497026810703
640.0	11563.248601325271	-93.62713586809453
641.0	11567.806060447641	-58.3797275474329
642.0	11555.526415288046	-75.50987948811478
643.0	11538.834667230636	-47.93042203227136
644.0	11577.416620427868	-32.583707671081356
645.0	11558.930546809044	-51.15954534252038
646.0	11583.945294605272	-57.32454759807297
647.0	11530.369955892756	-30.16317710931374
648.0	11541.467820122563	-54.10134921623345
649.0	11588.118713254022	-69.65575602582005
650.0	11564.544741620057	-70.35280836007344
651.0	11572.996625337772	-87.90882747589542
652.0	11621.93297938907	-74.86358741022559
653.0	11638.344477646888	-90.90498203685274
654.0	11601.39145027181	-77.9123544093721
655.0	11582.03997428253	-94.43145701804558
656.0	11587.780580166354	-123.06314153666123
657.0	11596.824928072505	-91.75222403189157
658.0	11601.327042638552	-103.39201802992709
659.0	11612.01731117338	-179.7052421349387
660.0	11611.860738377813	-108.51286472482509
661.0	11597.117802303468	-130.0674928973846
662.0	11620.068488787001	-198.2080149310083
663.0	11653.298268657874	-126.88367685614018
664.0	11605.16606384635	-149.05565882083224
665.0	11731.70989708075	-119.40827048512195
666.0	11608.983304107862	-124.10205126224416
667.0	11613.271885549766	-167.85599329983233
668.0	11643.575894190077	-251.31547539545136
669.0	11676.40860281189	-113.04432094327542
670.0	11621.317618874666	-186.51162426676942
671.0	11647.670253098788	-261.2692053043963
672.0	11641.387203699016	-200.30094629514497
673.0	11628.906440116707	-204.6996556464801
674.0	11632.505805296261	-181.46070661324484
675.0	11814.57302555888	-156.58848517842853
676.0	11671.928995642802	-316.3579242422614
677.0	11638.010476645946	-221.5887332735098
678.0	11680.269586857228	-335.2649766535639
679.0	11656.077553841687	-279.34563815431466
680.0	11688.68811384069	-353.84643607897306
681.0	11716.342996270125	-282.2376793643659
682.0	11665.157699156494	-286.40790483087284
683.0	11745.42060392713	-145.73289447606416
684.0	11668.288873483745	-261.57923298546183
685.0	11909.094566278605	-202.4841700730661
686.0	11696.802050670898	-372.17015951941477
687.0	11742.223509227022	-249.4679122959642
688.0	11673.285882659882	-304.84626055977907
689.0	11681.31735532078	-323.53002231562033
690.0	11689.710185869684	-342.0532357695144
691.0	11712.755479563088	-407.93261510608136
692.0	11697.827986425817	-360.38717646362056
693.0	11949.110354732846	-250.09316209310782
694.0	11850.8861083245	-197.8354754389899
695.0	11855.59277021295	-432.4562817704985
696.0	11845.154991671889	-377.46915541025373
697.0	11728.696240553307	-443.3317475914543
698.0	11704.847627391866	-390.32036299980973
699.0	11754.226528454084	-396.72977789596433
700.0	11722.231176421492	-414.9498159221427
701.0	11741.149067733755	-471.6473978151383
702.0	11742.031548431885	-459.6029238173408
703.0	11748.907792344757	-490.54479146215454
704.0	11762.521225009166	-478.54582259926246
705.0	11749.965512301476	-479.4126512022679
706.0	12014.334559940753	-353.07973240774055
707.0	11726.317229225018	-391.6580711665156
708.0	11717.96349822118	-372.7583296016116
709.0	11713.798110305383	-396.69440757399815
710.0	12031.068267868934	-259.61037228643545
711.0	11927.614697645326	-298.31085079875385
712.0	11962.197464770123	-348.5138870508187
713.0	11770.318539997532	-491.4561883521358
714.0	11754.947054114142	-455.7518662415071
715.0	11766.620286123702	-466.92951163629914
716.0	11793.534340081236	-478.3549775471377
717.0	11901.329264225822	-393.83174627534754
718.0	11709.778376211181	-354.63822977061983
719.0	11821.109393689012	-458.8997228280253
720.0	11837.596408045982	-410.133195226105
721.0	11787.341628509786	-446.3929398602413
722.0	11540.211684549373	-39.63680990371844
723.0	11549.951525194387	-22.839252719670185
724.0	11624.12591232764	-242.10836932934276
725.0	11646.795624883593	-241.21244955512034
726.0	11708.862414594065	-434.0634670511111
727.0	11731.313501840754	-434.6009056370652
728.0	11733.845430425863	-411.84215567498904
729.0	11782.965019547702	-464.47023662000237
730.0	11882.876281186618	-311.5009863994225
731.0	11811.785464387523	-417.92861502647673
732.0	11831.56581787869	-227.9412067101754
733.0	11757.285928942649	-443.10252596110513
734.0	11806.523758410593	-440.8930375304214
735.0	11877.523049934329	-363.13012276046356
736.0	11693.552920142896	-318.15582289876085
737.0	11745.951197863842	-420.7360749157694
738.0	11820.969987748787	-359.1680742166839
739.0	11729.40335556087	-379.44335115470557
740.0	11685.463296550797	-299.8513961188607
741.0	11734.501569009883	-348.12287085837306
742.0	11720.789049705627	-360.58053738879244
743.0	11774.890489044983	-326.1747333990497
744.0	11712.570313475175	-342.4836501679529
745.0	11677.286135102071	-281.36833882691036
746.0	11704.436961528467	-324.2769380186849
747.0	11702.421518197609	-275.938209553807
748.0	11696.341974355833	-305.98886038448353
749.0	11688.198492448284	-287.60390618741803
750.0	11647.678247364425	-211.60499099908338
751.0	11679.850206449184	-268.6666776536634
752.0	11765.84626343179	-195.8698118482595
753.0	11669.135671743248	-248.3637497532521
754.0	11625.983751885093	-162.3315338950997
755.0	11643.737438790906	-188.75838792614863
756.0	11694.977127749191	-151.2666935032806
757.0	11660.560644221172	-153.30451416256983
758.0	11617.97457157356	-143.55082093593956
759.0	11635.917363930304	-169.1298650766815
760.0	11629.37290350647	-149.6369232548362
761.0	11629.94525573731	-105.23909765794087
762.0	11620.303665629062	-130.41802814122153
763.0	11635.91451422062	-120.47619046158798
764.0	11758.96663697801	-381.12375026728597
765.0	11721.298658909853	-425.34965756877983
766.0	11660.788761903139	-211.6601156873318
767.0	11637.180511025845	-232.09546841740666
768.0	11773.892081395308	-162.58707682881018
769.0	11675.316628908018	-195.53740018871758
770.0	11696.806087579635	-263.20144252842147
771.0	11698.12847068731	-123.47697079585971
772.0	11649.085751999226	-142.91161685467037
773.0	11656.07225046724	-180.38224764481615
774.0	11672.106892572994	-181.07191271814372
775.0	11650.781407773628	-166.82815174431744
776.0	11716.027552172136	-185.7794851415092
777.0	11732.023752284746	-318.01132974858774
778.0	11728.988534364447	-336.1037137070186
779.0	11854.773348901503	-292.7596238595094
780.0	11712.99864832584	-300.0408402635997
781.0	11718.400497205139	-312.22880767671205
782.0	11744.715087346869	-371.9678708109568
783.0	11793.829278596555	-403.7028728547787
784.0	11768.034570741298	-346.50036974798905
785.0	11746.987749311435	-352.82518272744346
786.0	11773.335769914296	-436.2028745961361
787.0	11744.351786790374	-433.09498323120835
788.0	11774.56171402413	-416.47723009461816
789.0	11776.878572977612	-367.97849328342517
790.0	11754.10326555412	-308.41125398634176
791.0	11795.455218331912	-377.6063718608372
792.0	11700.212655654104	-248.83843679543497
793.0	11677.967996257417	-160.81668490445736
794.0	11722.969125672927	-238.16520499724962
795.0	11825.235113726112	-326.08767902698065
796.0	11787.206917149555	-219.97695146906335
797.0	11757.69478965434	-287.2854374284555
798.0	11658.084071985482	-238.81250140004462
799.0	11736.888852487094	-399.7886184514452
800.0	11760.111284125953	-411.01797314414824
801.0	11806.15710847885	-280.09986274330976
802.0	11772.263525574197	-245.40002480883172
803.0	11736.2569512899	-272.99674329183955
804.0	11782.603848322016	-271.39791528326896
805.0	11693.891139728707	-198.15260184190507
806.0	11684.103572783157	-241.0881886884672
807.0	11664.978875529918	-224.57787081321052
808.0	11840.175686460165	-262.06622750998457
809.0	11802.035273302039	-313.7508643012043
810.0	11682.305477371343	-226.32224282056268
811.0	11735.307754943846	-200.78021719514558
812.0	11696.689874565249	-216.01968934787146
813.0	11721.24443999589	-220.11240341759063
814.0	96.58468599768649	-456.80287690758047
815.0	8092.723179062455	-104.59494378199982
816.0	11478.73030834192	-3.6162997181633423
817.0	11465.578951221274	-4.702974657714549
818.0	11448.524702480385	-6.0444026588080915
819.0	11426.187425965649	-7.770701053094247
820.0	11062.97318202717	-38.78609783952485
821.0	11454.203528225653	-31.21160487826546
822.0	11530.05343585498	-102.25140073720131
823.0	11360.162671846441	-13.163546854489747
824.0	11538.009315030844	-120.54401871835103
825.0	11545.965194206708	-138.83663669949888
826.0	11279.663974831075	-417.49824160490726
827.0	11561.946031929523	-175.38556059913458
828.0	11328.40768355923	-517.2079752439182
829.0	11569.832831734302	-193.71449064294566
830.0	11577.788710910167	-212.00710862409358
831.0	11391.966353716578	-141.94058161818808
832.0	11577.396947252846	-230.41682619873686
833.0	11389.891440621412	-445.77647319821455
834.0	11382.81044336086	-493.733611764073
835.0	11583.459914365909	-255.69785864054043
836.0	11591.448731977982	-274.0126142865515
837.0	11625.523985965352	-321.7628165109857
838.0	11470.175704870142	-505.80774874318223
839.0	11622.236676381553	-333.79463117104643
840.0	11649.391623492944	-376.6406704544334
841.0	11537.908213213144	-515.0000911525981
842.0	11541.671601795337	-485.9533054481799
843.0	11590.325522175453	-522.4000497507863
844.0	11669.92980256241	-443.4860233014139
845.0	11631.352159788257	-527.5183431548959
846.0	11662.899044176002	-531.3436780307762
847.0	11709.452096163537	-514.3037106637121
848.0	11687.16352591423	-535.4991945599612
849.0	11713.021875691333	-543.2722819135346
850.0	11726.111588443746	-544.6569548806256
851.0	257.70442411063965	-374.68276071682493
852.0	520.8067366994036	-98.64619014257778
853.0	894.2829012365823	-103.5163678599394
854.0	1257.6233471262515	-99.58332392109378
855.0	1597.8962501108497	-452.76680554187305
856.0	1614.5256998956472	-90.74437054986068
857.0	1975.9126204716442	-99.9894774810053
858.0	2336.8131133807624	-103.76312657791141
859.0	2697.1831900421626	-99.55826556358306
860.0	3044.627715870313	-453.2805864229984
861.0	3054.575635242111	-90.81285840794453
862.0	3415.754832458828	-100.3001256770317
863.0	3776.7280689473296	-103.80825177446286
864.0	4136.726925143809	-99.57096499381184
865.0	4491.50706720589	-453.7635105574748
866.0	4494.773456164688	-90.85048951937931
867.0	4855.533773482424	-100.33722306429672
868.0	5216.572447827953	-103.94954759309242
869.0	5576.381151310218	-99.55811574715138
870.0	5930.521046257497	-100.16742932217782
871.0	6091.171175549717	-372.8679147810105
872.0	6431.603009819169	-376.41108563584066
873.0	6653.950859311194	-103.66607087470386
874.0	7015.282121370667	-99.80196562339597
875.0	7370.230922532327	-100.17955878359423
876.0	7688.909244864143	-455.10590180988856
877.0	7725.434533392542	-91.2132361211017
878.0	11492.84216982236	-7.623870955820597
879.0	8454.399959504995	-100.02186341400905
880.0	8809.910194835878	-100.11975670138766
881.0	9135.990584757574	-455.82658589462704
882.0	9165.834342872973	-91.48862718279861
883.0	9533.118711614989	-104.27967736809524
884.0	9891.896162837775	-99.96130742783969
885.0	10233.907928022438	-95.39379305340951
886.0	10416.542529927128	-366.4039120970328
887.0	10658.126851983443	-147.3208673631801
888.0	10845.426807680378	-225.91971390394278
889.0	11519.249679465387	-68.88278063251964
890.0	11570.962894108505	-187.78479750998613
891.0	11610.742289987827	-279.2478874157293
892.0	11638.587867103352	-343.27205034974924
893.0	11662.455504630949	-398.14990429319613
894.0	11682.345202570606	-443.8814492460676
895.0	11698.256960922337	-480.46668520836425
896.0	11706.177433934958	-498.8320044773256
897.0	11718.864955301315	-528.0341841250282
898.0	11721.516915026603	-534.1317234520778
899.0	450.87379610601283	-460.31239071615687
900.0	119.8956661954834	-95.2257349386097
901.0	649.0936803674914	-383.01792294045873
902.0	970.8973722429715	-465.3606856427352
903.0	1287.6158577370472	-461.51670030849783
904.0	1912.6612102912532	-462.10097107762596
905.0	2111.322547144611	-384.83061550837914
906.0	2420.109114800151	-466.0527373837487
907.0	2733.8572310659583	-461.93693497402865
908.0	3359.184952691436	-462.85691229669396
909.0	3555.67248555906	-385.4090354124778
910.0	3866.7056007797178	-466.54315560334175
911.0	4180.082496580604	-462.394927427299
912.0	4805.645424128033	-463.3393027070005
913.0	5120.062138077968	-467.0406858404045
914.0	5313.231510073339	-467.1297444450128
915.0	5626.418253160012	-462.8273712036801
916.0	5933.936187711696	-463.5257433833149
917.0	6564.122079974207	-467.2025021450575
918.0	6757.29145196958	-467.29156074966585
919.0	7072.000753633457	-463.51651410296625
920.0	7380.327594399524	-463.9831658677728
921.0	8009.575930138464	-468.576668075395
922.0	8202.745302133837	-468.6657266800034
923.0	8517.800122180786	-464.1817049166209
924.0	8826.688397116073	-464.3686568086078
925.0	9456.652993103997	-468.706694684532
926.0	9649.82236509937	-468.7957532891403
927.0	9964.556527982231	-464.56644195349304
928.0	10275.773264096613	-460.08798618367126
929.0	10566.639992439787	-453.4215774152444
930.0	10826.921574903083	-482.04977771752056
931.0	11503.337921113658	-32.29754467022164
932.0	11037.144401708798	-499.73795078178097
933.0	11527.205558641253	-87.17539861366674
934.0	11200.661974176452	-509.06898921546895
935.0	11547.095256580913	-132.90694356653992
936.0	11121.395643900885	-67.01192353757597
937.0	11555.05113575678	-151.19956154768826
938.0	11559.02907534471	-160.34587053826303
939.0	11539.139377405047	-114.61432558539163
940.0	11413.339699727347	-17.958003949418828
941.0	11515.271739877455	-59.73647164194306
942.0	11507.315860701592	-41.44385366079458
943.0	11499.359981525728	-23.151235679646273
944.0	11495.338851122337	-13.364385138049661
945.0	7875.125609189992	-377.776777398647
946.0	8274.322171079093	-204.61680719600886
947.0	11488.69687427212	-4.914229005006746
948.0	11511.293800289523	-50.590162651370115
949.0	11472.903926219346	-8.31927437587789
950.0	11484.2099831792	-8.530528723170088
951.0	11523.227619053321	-78.02908962309318
952.0	11458.005679026823	-10.74737731652264
953.0	11470.72406375571	-24.703057638038143
954.0	11531.183498229184	-96.32170760424151
955.0	11438.633446399574	-13.815103711902339
956.0	11499.567772759094	-64.8982645705596
957.0	10926.052445699383	-50.04870855103445
958.0	11249.74755857898	-21.88833519428029
959.0	11514.141677503249	-65.66616477490366
960.0	11521.7406304349	-102.98712071430494
961.0	11526.075496267049	-93.10509174662614
962.0	11385.711258585477	-46.694444668618566
963.0	11563.076094303726	-169.45586746617465
964.0	11312.028967570079	-17.05731392581932
965.0	11535.161437817116	-105.46801659481628
966.0	11526.683497868298	-114.58180220757231
967.0	11380.935914084022	-23.35084975081433
968.0	11542.347127380504	-150.17572507538003
969.0	11539.695167655213	-144.07818574833087
970.0	11543.117316992983	-123.76063457596457
971.0	11578.918773284371	-206.0774154911345
972.0	11551.073196168843	-142.05325255711287
973.0	11371.321228403764	-66.41646805055704
974.0	11168.96274661879	-28.225825698051114
975.0	11284.46284686435	-38.94564912009961
976.0	11338.694784288913	-30.220860780309067
977.0	11292.294471360838	-77.68598839950164
978.0	11586.874652460234	-224.3700334722829
979.0	11590.85259204817	-233.51634246285641
980.0	11566.984954520574	-178.63848851941137
981.0	11126.78072597887	-461.3854053883349
982.0	11552.133162009835	-184.28412566954663
983.0	11626.654048339557	-315.83312337802596
984.0	11594.830531636102	-242.662651453433
985.0	11574.940833696439	-196.93110650055974
986.0	11598.808471224032	-251.80896044400637
987.0	11573.810771322234	-202.86079963351963
988.0	11602.786410811963	-260.9552694345778
989.0	11582.896712872303	-215.22372448170805
990.0	11606.764350399892	-270.10157842515446
991.0	11581.766650498097	-221.15341761466757
992.0	11585.342125413503	-248.99190391332453
993.0	11585.744590086031	-230.29972660524155
994.0	11614.72022957576	-288.394196406304
995.0	11589.722529673965	-239.44603559581728
996.0	11618.698169163692	-297.54050539687756
997.0	11593.7004692619	-248.59234458639307
998.0	11622.676108751626	-306.6868143874512
999.0	11597.67840884983	-257.73865357696377
1000.0	11599.369692756321	-292.22985420804935
1001.0	11601.656348437757	-266.8849625675377
1002.0	11428.046049650575	-524.0682480902734
1003.0	11575.472585229232	-237.08177104680803
1004.0	11650.521685867148	-370.71097732147297
1005.0	11634.609927515421	-334.1257413591761
1006.0	11609.612227613623	-285.17758054868983
1007.0	11614.192223785287	-315.81485365566624
1008.0	11613.590167201553	-294.3238895392638
1009.0	11606.971174889592	-310.25035166913295
1010.0	11617.56810678949	-303.4701985298366
1011.0	11642.565806691286	-352.4183593403247
1012.0	11621.546046377416	-312.61650752041055
1013.0	11646.543746279218	-361.5646683308994
1014.0	11630.631987927489	-324.9794323686007
1015.0	11633.151098681425	-358.3514907754434
1016.0	11629.501925553284	-330.90912550156145
1017.0	11505.3746362636	-529.3234220927338
1018.0	11475.60280764105	-468.0631024390829
1019.0	11670.41138380681	-416.44252227434436
1020.0	11658.477565043015	-389.0035953026213
1021.0	11637.457804729149	-349.2017434827097
1022.0	11641.050452242032	-377.0138979901367
1023.0	11641.435744317081	-358.34805247328546
1024.0	11666.43344421888	-407.29621328377084
1025.0	11645.413683905013	-367.49436146385943
1026.0	11646.343849458382	-389.19553645789347
1027.0	11654.499625455084	-379.8572863120478
1028.0	11674.389323394744	-425.58883126491924
1029.0	11653.369563080878	-385.7869794450074
1030.0	11565.143066989325	-533.2925702401454
1031.0	11646.752799871096	-401.70681507138033
1032.0	11639.13274058168	-383.6390708606371
1033.0	11686.323142158542	-453.0277582366423
1034.0	11661.325442256746	-404.07959742615645
1035.0	11678.367262982676	-434.73514025549275
1036.0	11660.933427062357	-458.90002489656945
1037.0	11665.303381844677	-413.2259064167304
1038.0	11669.281321432607	-422.3722154073044
1039.0	11690.301081746473	-462.1740672272176
1040.0	11667.277842837124	-437.38848397436476
1041.0	11673.259261020541	-431.51852439787837
1042.0	11611.400842255069	-536.7480964805665
1043.0	11694.279021334405	-471.3203762177906
1044.0	11681.215140196402	-449.81114237902756
1045.0	11685.193079784338	-458.95745136960323
1046.0	11702.234900510268	-489.6129941989397
1047.0	11678.456136255985	-475.211990940966
1048.0	11689.171019372268	-468.1037603601772
1049.0	11647.355377846709	-538.4298518438394
1050.0	11677.8102726218	-462.16840355940866
1051.0	11665.488072561335	-517.4461367812237
1052.0	11697.126898548135	-486.39637834132395
1053.0	11710.499569146705	-507.85738338542706
1054.0	11675.085583875238	-540.588248160429
1055.0	11705.356161021322	-504.71346881562386
1056.0	11677.223431258064	-511.90291906761195
1057.0	11699.848821019732	-523.3528770145622
1058.0	11705.656286046991	-538.1742640876181
1059.0	11714.251308665103	-517.5685553159882
1060.0	11696.458837384087	-542.5968201092901
1061.0	11689.530874268765	-525.0487614622058
1062.0	11706.6789213281	-529.3807540906455
1063.0	11720.395903406185	-540.2275232923762
1064.0	11713.839542730215	-525.3342024127388
1065.0	695.7156407630852	-202.16255800251716
1066.0	281.01540430843664	-193.87192508118747
1067.0	1072.8452526034828	-203.09969178103316
1068.0	777.7280002475981	-465.2716270381268
1069.0	1099.496998007779	-384.0441153235831
1070.0	1433.4010526760976	-190.32769447095447
1071.0	1792.0033274350399	-190.73384803086597
1072.0	1436.7418178825967	-371.31664731580855
1073.0	2154.6037423337048	-203.75260405891672
1074.0	1772.0331124437428	-371.7673301780242
1075.0	2516.187313317773	-203.32139214149447
1076.0	2226.939742804778	-465.96367877914037
1077.0	2546.179823928569	-384.4884621955652
1078.0	2874.2628365926716	-190.3711239715276
1079.0	3233.147480422886	-191.11298408497623
1080.0	2880.944367005671	-371.58272332790244
1081.0	3595.6129155416547	-204.10837745149456
1082.0	3216.5180306380885	-372.36911274365525
1083.0	3956.898009640185	-203.3792167682747
1084.0	3673.536228784345	-466.4540969987334
1085.0	3990.231285457481	-384.76893333386624
1086.0	4315.2563982710935	-190.42145451319115
1087.0	4674.376248023259	-191.18771258367602
1088.0	4325.278693890593	-371.8557003810868
1089.0	5036.4882411000735	-204.28677065738916
1090.0	4661.087563444962	-372.66648775387586
1091.0	5397.648620341417	-203.5076633402438
1092.0	4999.8885763239805	-385.81007512989316
1093.0	5434.322661365212	-385.1200264173561
1094.0	5751.91022018451	-199.7255450693292
1095.0	6101.119094921516	-191.16649309928985
1096.0	5765.273281010509	-381.38243744874563
1097.0	6285.277024633673	-90.99906377711204
1098.0	6242.070205692281	-454.4464364428574
1099.0	6835.180007539305	-203.46803649809985
1100.0	6464.861909388764	-194.66513465181592
1101.0	6875.194813769599	-385.3030460867329
1102.0	7191.773072173989	-199.9815244069902
1103.0	7542.238485609414	-191.39279490469593
1104.0	7208.476898206485	-381.8610632979274
1105.0	7905.0437435530885	-195.80817990310152
1106.0	7535.631331444113	-373.3168630979373
1107.0	8317.677742515887	-386.6744632961627
1108.0	8631.822188266067	-200.1416201153967
1109.0	8983.569573047595	-191.60838388418628
1110.0	8651.866779505062	-382.2438055178547
1111.0	9347.091091240254	-195.76830455089384
1112.0	8980.303184088794	-373.7550985889484
1113.0	9716.044584674271	-204.2409847959349
1114.0	9320.513722083657	-377.9595485579601
1115.0	9762.740921317565	-386.52128740760946
1116.0	10072.973733820587	-195.3551004812492
1117.0	10530.411974888017	-88.64075782734032
1118.0	10098.937762321746	-377.6799323952279
1119.0	10400.641222354114	-184.03455088074983
1120.0	10848.217328128683	-108.72881808687423
1121.0	10751.880695781014	-58.68010953583977
1122.0	10701.787895621885	-388.24311201603
1123.0	11000.748255878692	-88.83480639055931
1124.0	11511.579664734223	-79.90334901977273
1125.0	11518.119617091184	-74.81247376547945
1126.0	11559.082386261973	-200.83000179110863
1127.0	11565.854892146368	-184.5681816523717
1128.0	11605.634288025687	-276.0312715581147
1129.0	11633.479865141218	-340.0554344921356
1130.0	11653.974430982033	-407.27672085497943
1131.0	11657.34750266881	-394.93328843558135
1132.0	11675.158312896512	-456.0708642323577
1133.0	11677.237200608472	-440.6648333884523
1134.0	11688.686820632252	-487.0770408746939
1135.0	11693.148958960199	-477.25006935074936
1136.0	11701.06943197282	-495.6153886197108
1137.0	11699.440274640709	-509.50000849981615
1138.0	10722.292140287496	-264.51176318024864
1139.0	11007.522889924629	-177.56019811800692
1140.0	11499.226800961638	-52.20607367723884
1141.0	11506.185798327386	-47.3735467937544
1142.0	10930.036559297014	-255.96499609555062
1143.0	10941.081951796601	-434.4528884039417
1144.0	11132.122809978508	-132.54322642076795
1145.0	11522.097556679117	-83.95878275605217
1146.0	11270.422949803256	-478.7873707927509
1147.0	11078.108996113182	-328.606193280134
1148.0	11533.458727764768	-140.79039478306018
1149.0	11541.987254618776	-129.69032770892497
1150.0	11267.511014318066	-110.43545897247789
1151.0	11213.90861936813	-50.114160892331405
1152.0	11551.664042276718	-171.24533716734322
1153.0	11549.943133794643	-147.98294569007285
1154.0	11557.968092341589	-166.23925160856064
1155.0	11546.540893191928	-160.98628750335547
1156.0	11553.921073382575	-157.12925468064864
1157.0	11531.968792628839	-126.23469054956406
1158.0	11534.031375442913	-111.39770972777706
1159.0	11397.47603018638	-10.187302896324582
1160.0	11519.500754822422	-109.38782905171517
1161.0	11506.722687613283	-69.04420048356057
1162.0	11510.163737915318	-56.51985578432851
1163.0	11491.82908917741	-34.57913534515895
1164.0	11502.207858739455	-38.2272378031803
1165.0	11482.816000559118	-17.35568489630926
1166.0	11486.101677522425	-31.734084203108978
1167.0	11498.229919151525	-29.08092881260635
1168.0	11487.343530715169	-22.36082282980927
1169.0	11494.20100474436	-19.276180838899162
1170.0	10968.187013821627	-340.7308566025584
1171.0	11693.660996097802	-499.1133432219188
1172.0	11702.210229920276	-516.0414806843795
1173.0	11475.35912394616	-17.144430549017063
1174.0	11569.152026058926	-212.21768265976502
1175.0	11080.474982150723	-193.04279245016446
1176.0	11140.64025835823	-383.97567968807124
1177.0	11441.62235733722	-27.807379124175288
1178.0	11494.481048902699	-40.676674672208115
1179.0	11512.352800864215	-93.00199384506368
1180.0	11417.270306666773	-36.01122653939925
1181.0	11492.630053499088	-48.725817413306835
1182.0	11692.853111679326	-507.11649876372576
1183.0	11686.034860906962	-480.97950154764413
1184.0	11677.496813351027	-498.3438305480037
1185.0	11685.305120207931	-515.3538553959328
1186.0	11632.706041312516	-510.0585967464079
1187.0	11686.386386719372	-493.79161133451754
1188.0	11668.452971167402	-493.36320085132866
1189.0	11680.462232347089	-468.2659428864578
1190.0	11593.469616482527	-499.4846604480396
1191.0	11647.5176051655	-501.20551607193556
1192.0	11668.437840022127	-479.9947013676386
1193.0	11653.110741827308	-416.4133411605665
1194.0	11661.983650453103	-425.24345019175234
1195.0	11668.980977224654	-452.9623610123593
1196.0	11641.935642411992	-460.4207251609508
1197.0	11601.605073724291	-457.5673429126873
1198.0	11661.110234231825	-434.3300256258535
1199.0	11631.243909255296	-364.99010383228534
1200.0	11659.331690727815	-419.1459108647032
1201.0	11615.898818086402	-496.3729607693319
1202.0	11652.47130926	-440.2387276609752
1203.0	11636.839279420703	-404.21059883477636
1204.0	11621.711992433322	-343.1122246578686
1205.0	11648.995809183674	-395.29307578494263
1206.0	11607.54677616693	-383.9608124711497
1207.0	11613.360956438337	-324.96574484629144
1208.0	11638.398492516746	-370.9163586630875
1209.0	11606.565035794296	-297.73785034921474
1210.0	11630.499138956135	-352.2539514483924
1211.0	11572.050549878588	-481.33039523298066
1212.0	11613.108801931805	-348.6411836444554
1213.0	11598.634862476152	-279.50173821343395
1214.0	11627.847179230848	-346.15641212134307
1215.0	11572.92743867098	-322.8153193263444
1216.0	11590.688195840099	-261.22799244656636
1217.0	11619.584716656265	-327.69709184399545
1218.0	11565.007145779018	-304.48953493352275
1219.0	11609.216995519586	-303.83538967626265
1220.0	11514.565127616692	-462.53199008421626
1221.0	11555.950796118968	-232.79880217700293
1222.0	11601.286822201442	-285.5992775404843
1223.0	11593.340155565384	-267.3255317736155
1224.0	11566.500066333634	-206.12014333271586
1225.0	11582.690165688213	-242.89436458627355
1226.0	11574.744987527558	-224.3192868716877
1227.0	11557.037299216578	-221.3912544942003
1228.0	11558.633129563146	-188.2565029072492
1229.0	11567.238365050522	-218.60016777439964
1230.0	11440.554149682031	-438.36646322031567
1231.0	11223.762531583627	-370.37013432736165
1232.0	11581.528930257415	-276.4894151250696
1233.0	11344.729705847602	-407.9617074902162
1234.0	11238.242220766164	-309.94128094762317
1235.0	11528.451636374442	-173.18331485672465
1236.0	11357.450457719015	-365.52433299835667
1237.0	11545.344845089194	-169.20898891975244
1238.0	11561.285089288433	-194.35404223429836
1239.0	11189.921585242248	-254.26356013348246
1240.0	11327.548768381117	-151.24260874627862
1241.0	11223.840450610733	-99.92094539112698
1242.0	11415.868972190607	-71.3878878377571
1243.0	11540.074949151995	-157.2493737557023
1244.0	11534.620752354129	-132.33222987661324
1245.0	11482.248671199844	-51.92923449607648
1246.0	11326.243804122429	-85.7069794834844
1247.0	11524.886111433647	-145.80460788892879
1248.0	11345.077996344779	-60.13018705857212
1249.0	11530.18562414243	-161.82451471832806
1250.0	11407.76011599433	-91.96002845799876
1251.0	11525.750977428428	-123.48908989639995
1252.0	11509.94680538207	-112.3658105012396
1253.0	11505.290737218458	-77.35169159546983
1254.0	11519.088670709614	-96.88958138725457
1255.0	11112.910633814665	-259.3229271052837
1256.0	11189.621743939011	-143.56391308003867
1257.0	11406.181981627264	-51.58412040410925
1258.0	11502.169314931702	-97.48543477731998
1259.0	11476.939087175924	-34.28757335863005
1260.0	11433.106943842722	-39.816199055347624
1261.0	11456.04405366545	-55.01179688000593
1262.0	11460.695593834442	-21.92230412370706
1263.0	11473.611096394312	-43.38481124697304
1264.0	11641.416417361672	-484.8300212916577
1265.0	11659.075234374182	-504.77248029730316
1266.0	11214.984867538813	-199.0041121376339
1267.0	11341.722682996007	-117.41108293986888
1268.0	11460.904007365309	-43.08959628093953
1269.0	11516.787682846509	-129.5150486680791
1270.0	11465.646808217956	-65.63250270294232
1271.0	11440.828161031293	-55.142625408504195
1272.0	11423.926327457864	-110.88344617464782
1273.0	11488.540710957403	-68.69472950000711
1274.0	11434.678514418687	-71.14142032620369
1275.0	11548.603397573992	-203.37006823148553
1276.0	11294.610833536193	-294.5647678655384
1277.0	11495.327163428856	-127.7899653111546
1278.0	11383.68309524927	-91.87828440628937
1279.0	11508.166253846028	-123.58574242877587
1280.0	11504.52823816814	-148.77720862572292
1281.0	11515.758861578443	-140.3236320906376
1282.0	11268.978992357232	-197.21366133911474
1283.0	11372.918742063868	-117.29610687068892
1284.0	11515.646152647625	-179.34618213565787
1285.0	11287.286432464765	-152.2879758628704
1286.0	11573.535505838116	-258.2092056980887
1287.0	11352.527565299175	-180.69885271504322
1288.0	11300.284322830696	-237.0965962528785
1289.0	11533.995792386073	-219.67915654070399
1290.0	11451.745466923969	-405.69361809486327
1291.0	11547.145991674353	-214.50006615641738
1292.0	11541.046217570454	-250.3785454155412
1293.0	11565.55347979194	-239.72142996879862
1294.0	11589.450200193887	-294.71151353559935
1295.0	11564.172631585772	-251.09414022933638
1296.0	11557.075995281388	-286.24671124082624
1297.0	11597.052951292093	-312.7384480849628
1298.0	11572.169965454377	-269.2649100061597
1299.0	11400.606874405186	-355.3033582970599
1300.0	11551.941991481895	-256.08206925506494
1301.0	11522.467853320384	-436.6558308090862
1302.0	11604.756372036643	-330.49503650759726
1303.0	11580.121548055793	-287.5089680430272
1304.0	11580.832658200388	-341.1501601002107
1305.0	11588.05329949701	-305.75637575611853
1306.0	11621.315363758096	-367.4734114401029
1307.0	11595.669415786093	-323.83224173280195
1308.0	11488.976343085293	-395.28006372739947
1309.0	11629.226241034388	-386.12599832148106
1310.0	11553.669131246357	-405.25508192844245
1311.0	11603.7029216157	-341.804112155414
1312.0	11600.179760307503	-365.35422823629295
1313.0	11611.967402957418	-360.26621804279847
1314.0	11578.760230422466	-461.3734537846406
1315.0	11549.936756322631	-431.0361886243815
1316.0	11619.8894273349	-378.9353633952742
1317.0	11644.482963132488	-422.0869897400377
1318.0	11627.849809323343	-397.2350173456586
1319.0	11623.868149868069	-420.78298056730574
1320.0	11615.360178186356	-402.5478501902077
1321.0	11635.433131836819	-415.4541531978466
1322.0	11643.390966923815	-433.7770311428212
1323.0	11631.45841159073	-440.7059831595646
1324.0	11659.744426225638	-472.8887778702895
1325.0	11651.917347565643	-452.28361955722175
1326.0	11621.917677622456	-481.66823272486846
1327.0	11630.557048773262	-455.30478528144766
1328.0	11647.186170463176	-474.5385818701252
1329.0	11508.906127191074	-159.5214694707679
1330.0	11522.559206177175	-156.71630948035104
1331.0	11538.6282292046	-195.36968607484428
1332.0	11486.679158172146	-77.92913039850055
1333.0	11501.878760686925	-58.30361300428816
1334.0	11514.231624459513	-86.00088834682067
1335.0	11554.316002002006	-177.34287649439239
1336.0	11541.281270476626	-185.80847273324085
1337.0	11605.380299652248	-440.2500607369778
1338.0	11616.30883708523	-466.26085342383277
1339.0	11620.985425830653	-434.34476912624024
1340.0	11585.671056167897	-423.82608190015645
1341.0	11599.791261754785	-426.9761851391225
1342.0	11612.78466631497	-414.8522590487846
1343.0	11587.69824127116	-405.6185858615166
1344.0	11591.688900234998	-347.30963747068427
1345.0	11604.393958729437	-396.4642802419057
1346.0	11511.003014157148	-407.30794341185174
1347.0	11597.185069940211	-377.586870709473
1348.0	11575.283474575306	-369.137724309651
1349.0	11589.307137901187	-359.23471915322017
1350.0	11554.081384463798	-325.11501762065274
1351.0	11561.784674718285	-363.36299387308827
1352.0	11583.75972333054	-328.98184001014505
1353.0	11575.837479331452	-310.683648720157
1354.0	11567.894313806479	-292.3597164769121
1355.0	11559.944264727666	-274.17145768803147
1356.0	11500.12497827111	-273.66360846927773
1357.0	11549.079165007526	-268.10368240568897
1358.0	11523.348050739209	-253.04887915973464
1359.0	11411.212443506187	-192.01085948443097
1360.0	11543.674174001359	-238.4679885980169
1361.0	11531.610477810684	-232.23953129950087
1362.0	11523.219520794895	-211.54195941627782
1363.0	11537.144913281272	-176.83087531049583
1364.0	11371.035785999002	-286.00112502923383
1365.0	11334.868641562067	-320.6557083902223
1366.0	11343.570559856287	-221.62715474539877
1367.0	11513.839999270573	-190.76631841307926
1368.0	11385.749091566779	-171.51180165613263
1369.0	11488.340582445351	-178.1526071560676
1370.0	11438.112416653088	-150.6226132758537
1371.0	11447.732177102254	-86.13550436397857
1372.0	11418.896918365519	-135.4461768704376
1373.0	11492.717969019039	-142.17284808554314
1374.0	11476.582791857705	-150.8395546425892
1375.0	11462.09326272545	-118.93084544185952
1376.0	11490.129032490333	-117.10113848115559
1377.0	11445.08884633771	-105.30538959218104
1378.0	11479.14433672335	-62.25472535297937
1379.0	11463.484578267373	-80.75741526921547
1380.0	11496.274269579015	-82.4401565809623
1381.0	11477.857510642352	-111.11009903599931
1382.0	11500.677215199394	-107.39977343256048
1383.0	11493.705691024914	-92.52402460104547
1384.0	11475.12055398751	-86.61403881774595
1385.0	11479.942069444622	-96.44732381112969
1386.0	11568.415250763535	-440.9060683699651
1387.0	11580.508822022084	-381.3892182540985
1388.0	11431.859820804153	-371.8973372966082
1389.0	11533.700703629911	-276.69669888551243
1390.0	11374.06421499872	-244.44074299707017
1391.0	11574.17481079053	-396.9174656353862
1392.0	11488.021753425417	-358.9676942548387
1393.0	11502.476294426613	-231.80726248182586
1394.0	11503.727061429512	-170.79254198767816
1395.0	11460.146242133174	-139.6853384297424
1396.0	11456.438070635433	-186.30169389816683
1397.0	11516.846231101379	-240.85597657293343
1398.0	11436.64520394356	-177.61607585190254
1399.0	11401.345679417223	-307.29945461271035
1400.0	11408.48457238102	-224.01149879501295
1401.0	11481.100573195557	-259.75690785073266
1402.0	11466.236121204347	-205.09968264922963
1403.0	11539.040967371262	-288.77673461263066
1404.0	11548.814320262056	-312.89320964315885
1405.0	11458.518954525367	-345.8109535976446
1406.0	11518.865363273035	-267.34541947908184
1407.0	11509.997146762786	-312.33809502995564
1408.0	11533.66646037939	-303.29341455835265
1409.0	11549.033106932526	-337.4318895504266
1410.0	11535.817381024344	-390.2351839720862
1411.0	11564.95209600956	-347.3005113461839
1412.0	11425.11160266198	-292.9038851476727
1413.0	11530.668471554292	-349.92759137603554
1414.0	11540.78383511951	-369.71806979949116
1415.0	11509.409767517633	-340.5378419060298
1416.0	11526.394551713782	-198.36248687535
1417.0	11486.52928498383	-197.33116667546847
1418.0	11493.932218674263	-298.08243621209067
1419.0	11434.578227520344	-237.85325770545705
1420.0	11451.031931371157	-314.8214051330586
1421.0	11461.686369314135	-271.0651710871081
1422.0	11482.783780798904	-238.69126310422885
1423.0	11474.341833069493	-170.4624475349648
1424.0	11506.46426954474	-215.0536200839671
1425.0	11500.109610590936	-201.3912377845004
1426.0	11461.770428706193	-223.89860573581382
1427.0	11469.551652704424	-297.4987892502275
1428.0	11436.177375731633	-263.9541783102475
