1.0	27128.558075730398	-2208.269252600387
2.0	26710.743969561383	-1730.9970842968771
3.0	26762.28931176136	-1798.06320568483
4.0	27226.819249447697	-1722.605964020223
5.0	26900.882200256587	-1927.9983873747763
6.0	26989.264464173535	-2047.3090896520107
7.0	27192.312246353278	-2273.0316798167423
8.0	26827.42565921166	-1759.1326351015368
9.0	27057.06336529202	-2142.1042878530893
10.0	27298.185705084627	-2240.029761469603
11.0	27688.748944228744	-2195.2505948822118
12.0	27778.656075518462	-2097.423966333857
13.0	28445.75539422849	-2177.267481018009
14.0	28595.51354424738	-2078.8473771015942
15.0	29341.054495517576	-2186.8498765493155
16.0	29491.206345455474	-2085.7567191054586
17.0	30236.555416494255	-2193.885664707158
18.0	30387.231965828178	-2093.72135224211
19.0	31131.417275812924	-2205.4882949950756
20.0	31282.129585363586	-2105.488246815
21.0	36499.58118709048	-2256.751057945826
22.0	36649.63648222399	-2156.445628231399
23.0	37396.501917599904	-2262.1966966106
24.0	37546.5840966212	-2162.4835577231006
25.0	38291.62144750211	-2267.070572002814
26.0	38441.77494937806	-2167.2918272908814
27.0	39186.74312719259	-2271.229382145863
28.0	39337.01330461427	-2171.9557789804517
29.0	40082.29798714749	-2275.142343521194
30.0	44900.55550762997	-2304.494165614748
31.0	44725.89035768735	-1877.7381733574887
32.0	42077.89888417195	-1872.900137619471
33.0	40743.63424009759	-1860.815028262016
34.0	44308.13612538657	-1880.3528163171522
35.0	32211.51731327471	-1789.6291209970225
36.0	27494.623971701047	-1724.1678337906371
37.0	27426.642777493555	-2200.3762657573297
38.0	27838.75930125392	-1758.5417019980384
39.0	32659.664065225963	-1790.9715788953197
40.0	28186.494768813252	-1755.246884569913
41.0	28020.35904578817	-2072.4435096110096
42.0	33106.89429144778	-1802.8372669491437
43.0	28667.717901947643	-1757.0670360732609
44.0	33556.46344430873	-1804.0448387087736
45.0	29069.31542544917	-1766.143356236112
46.0	34003.96821269294	-1815.4882825454542
47.0	28898.14418135503	-2080.2147547957957
48.0	29428.699306260474	-1875.7140362398604
49.0	34453.89214814884	-1816.3712488540614
50.0	29966.351779068107	-1763.0652628885236
51.0	34901.18188662036	-1826.3920801733268
52.0	29792.909172143045	-2084.836764322817
53.0	30458.834125075304	-1760.258734352092
54.0	35350.80666514922	-1825.9587006001668
55.0	30862.341762445296	-1767.527619231528
56.0	35797.03352196253	-1835.316073889051
57.0	30687.941407237584	-2093.3230883814026
58.0	36232.09295667643	-1834.1033979512938
59.0	31355.316574764816	-1769.666828338705
60.0	31773.53465415288	-1778.7828965442498
61.0	31597.693700924126	-2105.781768130266
62.0	31955.233838517655	-2119.053959307508
63.0	32281.99583298096	-2221.4192400216434
64.0	32629.98230435375	-2220.5610243524393
65.0	32838.887707855414	-2130.18540354511
66.0	33175.94199948039	-2231.915634929143
67.0	33525.35709873834	-2230.3645820223524
68.0	33734.92125053467	-2140.539554243445
69.0	34071.59617683376	-2240.714295496992
70.0	34421.3615262109	-2239.0158616986646
71.0	34631.70309848329	-2149.7540190090203
72.0	34967.37998281556	-2248.2042354658015
73.0	35316.83832540035	-2245.820821482867
74.0	35526.57496673096	-2156.966609030344
75.0	35861.78689753401	-2254.893216525104
76.0	36733.268718732725	-1831.6697155286847
77.0	37139.36733868597	-1841.2648346957492
78.0	36954.20491095949	-2156.4398552658117
79.0	41182.23231863111	-1868.261869276784
80.0	37629.77425986079	-1838.2956407824825
81.0	38036.209071550176	-1846.8944705264628
82.0	37849.60951121299	-2162.3835624276626
83.0	41631.12085167286	-1865.3704869404557
84.0	38526.329409140955	-1843.4385966458674
85.0	38933.04821099355	-1851.8157507955038
86.0	38745.055735758164	-2167.023403997767
87.0	39282.513654757335	-1963.4905329055664
88.0	39829.96675833462	-1856.465680540141
89.0	39640.62744724939	-2171.749334812817
90.0	42528.134982001415	-1870.1143926309214
91.0	40181.496435556415	-1969.0236412920829
92.0	40235.265324384825	-2177.190904233881
93.0	40700.903789706594	-2276.1176131714237
94.0	42974.81423078066	-1877.784633175752
95.0	41039.323030866224	-2282.9191895448007
96.0	41238.216921172716	-2283.8760719153684
97.0	41586.92515276884	-2280.4429280746076
98.0	43424.79383055618	-1875.049830881311
99.0	41802.144217285975	-2192.554598749648
100.0	42132.415844116586	-2288.6580974962835
101.0	42482.472214074915	-2285.5716494829
102.0	43869.03500529306	-1882.827638004901
103.0	42698.12069726883	-2197.798879160299
104.0	43027.861044007506	-2294.4722075611044
105.0	43377.65673043345	-2291.707380526195
106.0	43721.714760037336	-2299.5238960854463
107.0	44775.98220249594	-2203.4580343140924
108.0	43920.60461545591	-2301.157314059404
109.0	44075.12825615049	-2207.67444874867
110.0	44433.28282266507	-2200.3555684948146
111.0	27250.811231856875	-2288.9052028642377
112.0	27002.540371452895	-1730.5310003180332
113.0	27054.501377657714	-2072.486515628025
114.0	27586.282014416956	-2148.6974890983374
115.0	26902.69497503129	-1812.0124212118756
116.0	27092.660922159717	-1899.7716989908001
117.0	27106.341501748935	-1789.8116870433087
118.0	27259.249963094157	-1970.2547034338868
119.0	26987.047017088975	-1956.4769784284251
120.0	27243.536509806425	-2127.7409134469926
121.0	27184.310192946374	-2218.0509796448027
122.0	27117.42352525853	-2154.096209697045
123.0	27165.404672603283	-1964.1734872438485
124.0	27253.676553703495	-2189.5696728111743
125.0	27366.806331314845	-2261.8989602895867
126.0	27351.642410569766	-1914.791297155016
127.0	27353.705178287306	-1794.6733095941424
128.0	27728.014948552805	-1889.9588079142577
129.0	27900.41907559383	-2170.945997436838
130.0	28301.299077386317	-2076.8379252692416
131.0	28009.34039841392	-1867.5043725918097
132.0	28533.826822220468	-1871.3332107398653
133.0	28742.554717744162	-2172.6302921678366
134.0	29198.316247168008	-2091.6598092955132
135.0	28884.994087585426	-1872.165665062949
136.0	29561.82896535487	-1757.7629765514096
137.0	29636.75354393933	-2179.800569281028
138.0	30094.38193950929	-2095.9193595140296
139.0	29780.491632753587	-1872.8418544587964
140.0	30325.46800882996	-1879.3242386097243
141.0	30532.265894985278	-2189.596254359531
142.0	30988.775543880165	-2105.141992496564
143.0	30676.27359432583	-1878.382682006349
144.0	31221.116082892986	-1889.1979810907048
145.0	31427.254923666118	-2201.8275380253267
146.0	36196.673351532954	-2252.3025587184993
147.0	36592.943629253336	-1947.0249978885934
148.0	36796.566414312205	-2249.976195157655
149.0	37255.8011654983	-2166.87773613653
150.0	36947.60006835067	-1947.554005979647
151.0	37490.621234700804	-1953.4729545103307
152.0	37691.610818245776	-2255.9115114779784
153.0	38151.27986692494	-2171.9701153395476
154.0	37843.7358147484	-1953.7782949449365
155.0	38386.54351948729	-1958.549348253334
156.0	38586.7032241016	-2260.560930593443
157.0	39046.75461595454	-2176.33130084341
158.0	38739.913350688286	-1958.643549087739
159.0	39636.216822385584	-1963.6459276819742
160.0	39422.93224414115	-1848.5956204213032
161.0	39481.84251886189	-2265.164273627031
162.0	39942.741214210524	-2180.450624069685
163.0	40551.84975021137	-1969.042021261461
164.0	41933.52271317258	-2287.5012775563396
165.0	42297.691592259194	-1987.5668568304652
166.0	40963.35550605893	-1980.6142325065055
167.0	40555.52917056091	-2176.8599798749287
168.0	44259.522446716466	-2298.8198533270015
169.0	44482.6355127972	-1991.0830180602472
170.0	32083.11417269932	-2218.9926958267692
171.0	32431.955307181484	-1909.5846308619077
172.0	27546.380014592884	-2014.824319963466
173.0	27598.205817439008	-1853.912267327741
174.0	27393.553336903933	-2105.1887838579037
175.0	27513.726841551088	-2234.2585250215325
176.0	32878.76810768697	-1915.9850973002656
177.0	32442.15394614081	-2124.973770074183
178.0	28337.871170476592	-1872.149499148098
179.0	28160.941323097228	-2164.874447710257
180.0	33327.00439035385	-1922.1693961757348
181.0	32977.05549213272	-2229.940978208188
182.0	33775.51296685292	-1928.0736242528644
183.0	33336.489761101715	-2136.0232094987336
184.0	29045.525710351812	-2183.710264451218
185.0	29235.256056034967	-1882.1419908132546
186.0	34224.37163737187	-1934.0120161541065
187.0	33872.70631850397	-2239.098911399273
188.0	34673.00864453858	-1939.0388396301423
189.0	34233.146561489215	-2145.941449619832
190.0	29941.09229971687	-2188.259532420887
191.0	30132.058958249992	-1882.719999845687
192.0	35121.33964649925	-1943.3197190199553
193.0	34768.48846894249	-2246.7805604168757
194.0	35568.60125077441	-1947.4806294138489
195.0	35129.39759079384	-2153.695860286161
196.0	30835.58419931027	-2197.378753946497
197.0	31027.20091992694	-1890.2312641566486
198.0	36001.29232438145	-1951.3500097203432
199.0	35662.89495159375	-2253.5483927517776
200.0	36008.626044907636	-2160.761921776962
201.0	36348.08198479177	-2160.6705252167085
202.0	36390.83531046143	-1951.8832765061215
203.0	31994.394388504617	-1903.8988884605214
204.0	31586.768854493424	-1889.9113241679395
205.0	31745.298950596614	-2209.8084113535624
206.0	37102.48845104574	-2258.5882790760593
207.0	37299.28489574735	-1958.4401410423843
208.0	41402.23137297604	-1982.8355052153565
209.0	40916.9456353184	-2188.098858802445
210.0	37997.86720876201	-2263.7440686827945
211.0	38195.4954261777	-1963.725784665942
212.0	41849.28751237621	-1985.145691593783
213.0	41405.17896916226	-2190.4990391936435
214.0	38893.24294504569	-2268.2242197831574
215.0	39091.70226697227	-1968.3026867657845
216.0	39788.69891207845	-2272.3105913621152
217.0	39988.419685330504	-1972.7091203785537
218.0	42745.99703250122	-1990.133189497639
219.0	42299.905159565074	-2195.358424019784
220.0	40322.11678340023	-1854.3486119391448
221.0	40379.565092578174	-2270.3338334944106
222.0	43194.045796934	-1992.7542779299808
223.0	42828.96976654803	-2293.039630130642
224.0	43639.656143268185	-1995.485982363516
225.0	43195.523149026936	-2201.0811752182303
226.0	43591.041691052524	-2203.8166347201504
227.0	44074.38924468847	-1998.4799621733873
228.0	44577.09317518518	-2296.373764303494
229.0	44875.42669486597	-1994.0949938026536
230.0	27440.735401137383	-2005.1978739872357
231.0	27163.035598577455	-2102.0491773772796
232.0	27125.027681016723	-2046.056192657488
233.0	27299.373882736574	-2077.8291449172393
234.0	26046.736563446942	-1681.7356893132
235.0	26523.302837452207	-2157.8248643660922
236.0	26573.855949470133	-2124.0983073671014
237.0	26822.709839107174	-2162.790061876405
238.0	12927.49487306166	-1963.987398364662
239.0	12936.311946369613	-1952.731612947234
240.0	12909.607705423141	-1448.8091497737212
241.0	13001.366117484018	-1928.5784671982774
242.0	13049.578704183128	-1911.0656366625144
243.0	13247.420078498835	-1880.9705864836287
244.0	13175.564359782387	-1807.2250728678584
245.0	13549.341602552087	-1849.1085337384468
246.0	13527.301441365542	-1658.703735373779
247.0	13751.053529676159	-1857.3155361852198
248.0	13844.593956054072	-1649.9186152619702
249.0	13951.672091901832	-1861.749653094155
250.0	14036.808895795328	-1654.0670216169412
251.0	14116.432958815663	-1766.0226999970164
252.0	14219.779340755083	-1651.0052613198102
253.0	14182.985787607045	-1768.8964784757372
254.0	14304.63817915914	-1763.9386808615734
255.0	14409.901147903518	-1745.5132122444695
256.0	14522.74625411252	-1784.8865985524953
257.0	14589.1130311702	-1787.8120697915838
258.0	14718.260497069323	-1792.9591968667592
259.0	14784.650976665094	-1796.025137675697
260.0	14916.587978205329	-1801.9734260257683
261.0	15100.332352310194	-1877.5848530289784
262.0	15216.064505825847	-1696.2238953750973
263.0	15299.762802441503	-1881.647862720641
264.0	15301.288861739486	-1808.4599178480555
265.0	15499.6680263812	-1890.9944038745562
266.0	15503.14839888909	-1811.8429152474357
267.0	15747.489999275756	-1938.5179042887128
268.0	15703.37038975597	-1822.6873331313327
269.0	15903.84192041346	-1835.0182897381255
270.0	16245.519898065017	-1969.6532392293511
271.0	16146.025727865243	-1963.6906862178741
272.0	16344.611240902734	-1979.6025747429874
273.0	16444.424530322856	-1979.817949164409
274.0	16046.483519334557	-1957.4546888258737
275.0	16742.937225316946	-1994.063725962349
276.0	16894.510136868932	-1942.4880398664618
277.0	17017.9913680491	-1591.324175443003
278.0	17092.43182820731	-1963.7749192235906
279.0	17115.513854383287	-1644.4155780396693
280.0	17292.45311610085	-1965.6922771437994
281.0	17317.660320395185	-1641.3951482401462
282.0	17497.376484357384	-1897.37306602217
283.0	17518.44170864341	-1645.44053758294
284.0	17691.72927409424	-1973.9707741022032
285.0	17718.792444854884	-1649.6686271549395
286.0	17898.143519321548	-1905.2470740024157
287.0	17919.454245874582	-1653.529140881963
288.0	18090.97144045698	-1982.6774604325394
289.0	18119.674832060507	-1656.8460363420588
290.0	18290.555198494712	-1987.0874437228595
291.0	18319.973907523658	-1659.8260499720552
292.0	18490.138431253876	-1991.4958938155785
293.0	18521.06044604313	-1663.5427771644015
294.0	18684.83968467031	-1921.1515096590185
295.0	18724.73946228178	-1685.1264844261852
296.0	18888.57273860266	-1993.4118587539715
297.0	18928.0973238796	-1706.9218766168922
298.0	19068.724983935954	-1901.0410694989052
299.0	19128.385444662566	-1711.2519839605986
300.0	19287.481545595794	-1999.7373784295762
301.0	19328.498794805924	-1714.7167017924949
302.0	19467.822959904403	-1905.8339796736334
303.0	19528.897080686438	-1718.0525117722937
304.0	19686.5480114269	-2007.1704668775244
305.0	19729.19124300472	-1721.889770475552
306.0	19886.195090752855	-2010.859989891981
307.0	19929.5015473105	-1725.7493851981153
308.0	20085.807008400112	-2014.4448196886724
309.0	20129.830602454265	-1729.5967291322413
310.0	20285.54136249298	-2018.2015823399727
311.0	20330.131716029275	-1733.28253597138
312.0	20485.238817572772	-2019.935028796329
313.0	20530.270078748577	-1736.4461094173414
314.0	20685.15569258382	-2022.7962574288488
315.0	20728.425732756437	-1735.1748777853845
316.0	20868.065455560692	-1901.9910645572054
317.0	20928.43040033326	-1726.0444285072062
318.0	21084.63487407833	-2044.7114493923925
319.0	21130.612905283815	-1721.7112959020221
320.0	21284.23601792112	-2047.9957995987309
321.0	21331.412495603894	-1725.1648581547688
322.0	21432.22652298141	-1945.1693542469693
323.0	21532.19228256142	-1727.3952835712425
324.0	21632.60066456198	-1947.6821725130314
325.0	21732.834666615345	-1729.1983524791958
326.0	21882.87447231925	-2056.6638861254055
327.0	21933.5151058864	-1730.876046518969
328.0	22082.466100816062	-2059.537694844497
329.0	22134.23039688994	-1732.290515644044
330.0	22282.179365053307	-2062.4819812809155
331.0	22335.51191374053	-1738.0572308496746
332.0	22481.692950744127	-2060.598619049452
333.0	22581.498222872924	-2062.082210376638
334.0	22551.667765935435	-1832.6967213595915
335.0	22781.108643718795	-2065.049989095062
336.0	22774.551920743805	-1990.13326037095
337.0	22980.57620203744	-2073.32914052796
338.0	23000.58837033875	-1925.7912348437148
339.0	23180.32901550111	-2070.9911210762716
340.0	23182.663929902017	-1999.9137645389353
341.0	23379.938977762667	-2073.966303055721
342.0	23379.73047156539	-1998.7064753869254
343.0	23579.483585254016	-2077.2008730712473
344.0	23576.85672877484	-2002.3375520713744
345.0	23779.183368022797	-2079.9945391960205
346.0	23777.632596140083	-2005.9099059668654
347.0	23978.70957600334	-2083.2688173361216
348.0	23979.669225505102	-2009.3149219930194
349.0	24178.40106679054	-2086.079358636604
350.0	24178.41754833244	-2009.9707413050426
351.0	24377.95396954259	-2089.3388261318246
352.0	24375.450712810445	-2013.715989444314
353.0	24455.72668476321	-1974.2209525468668
354.0	24575.21453561992	-2017.6790007123589
355.0	24777.182278136617	-2095.620272150037
356.0	24775.372395774943	-2020.4300657439333
357.0	24976.815432899366	-2098.740927150564
358.0	24974.255526013152	-2022.5504535204266
359.0	25054.283370350775	-1982.4945581200034
360.0	25173.818557798728	-2026.5469311576664
361.0	25307.113465229104	-2027.4889510818368
362.0	25373.67175134891	-2028.5686120742619
363.0	25575.738444002756	-2108.219836873836
364.0	25575.862563009145	-2034.0425381439873
365.0	25948.95931156707	-1740.675237962009
366.0	27013.47428703835	-2174.7611470186544
367.0	26651.500399679775	-1769.5093567204858
368.0	26223.894897081434	-2152.8664894321405
369.0	26367.136642268433	-2041.3732815482315
370.0	26722.62853531791	-1882.7234055074498
371.0	26845.405174710755	-2009.0764689419975
372.0	26673.657847649603	-2125.7486555629857
373.0	26909.217749137355	-2081.5561228714823
374.0	26946.93927410321	-2173.652449523467
375.0	12802.651369259978	-1859.8844828164426
376.0	12845.55246178556	-1898.983322420591
377.0	12888.922346282112	-1937.5945070459622
378.0	12873.940451454539	-1924.8832774053392
379.0	12758.057446291312	-1818.4867142149244
380.0	12380.449195774525	-1453.969853444155
381.0	12389.177465772334	-1462.9232424731308
382.0	12423.99366228808	-1453.5874817907272
383.0	12410.170207222518	-1479.3120342093382
384.0	12451.318515650963	-1523.1834113407112
385.0	12466.177858004332	-1537.1738553212647
386.0	12493.331178705572	-1553.0296939227217
387.0	12546.52377685837	-1584.629356477734
388.0	12564.0500876202	-1625.3728665853566
389.0	12593.115394943101	-1653.59947145126
390.0	12622.320202929151	-1681.6767486542037
391.0	12654.385990347275	-1721.4957132149714
392.0	12683.8881245256	-1749.3201675895043
393.0	12725.50635153386	-1779.0111010145374
394.0	12779.433900372593	-1795.014161458627
395.0	12770.098424984835	-1820.434648994252
396.0	12784.9719902797	-1834.2365975482917
397.0	12437.341733087955	-1508.6058611936235
398.0	12698.676626348233	-1763.192286792981
399.0	12669.120265898784	-1735.41880292363
400.0	12480.531272803113	-1551.4177446584279
401.0	12639.669206681117	-1707.5354317930141
402.0	12523.173408487974	-1594.6822910484632
403.0	12552.084181218072	-1623.1116155658517
404.0	12581.13693352325	-1651.3953260019541
405.0	12610.33286519073	-1679.5314237859093
406.0	12398.29034633185	-1457.6649532400363
407.0	12817.267991416273	-1872.8872116875998
408.0	12422.92702531413	-1494.467161636988
409.0	12859.861442266521	-1911.6895905768217
410.0	12915.143624353876	-1961.442160402802
411.0	12440.022694718073	-1462.2613529411399
412.0	12508.72705000476	-1580.462967031194
413.0	12905.390292879738	-1953.1799061714974
414.0	12584.851421014331	-1467.5470817240982
415.0	16842.54497859544	-1987.845937711162
416.0	12586.175154630864	-1625.0657000987212
417.0	12847.9666714602	-1478.9846152403516
418.0	12985.733860428947	-1947.5311474599905
419.0	16643.367944521262	-1986.7653882979141
420.0	13156.482531063748	-1901.0454472922554
421.0	16543.658567701405	-1988.2631832343084
422.0	13348.413771167996	-1868.8219913314224
423.0	13448.673650210896	-1857.101711252825
424.0	13650.77463774337	-1850.3617575649241
425.0	13851.721713574208	-1854.3562895887155
426.0	14051.689021263903	-1860.7565379822456
427.0	14251.205195883094	-1869.385955510829
428.0	14450.865683477823	-1879.1007831811257
429.0	14650.164174234153	-1888.3470456508087
430.0	14849.522423157096	-1897.1441302098149
431.0	15048.926033320362	-1905.2567167933569
432.0	15248.388700740807	-1913.4581310082024
433.0	15448.075297711153	-1922.5192666980186
434.0	15647.690738230218	-1932.7986656628254
435.0	15847.261700065204	-1944.6931979958847
436.0	16280.322942422907	-1807.8582807646974
437.0	16452.229488642184	-1844.7121521749712
438.0	16731.718095546163	-1745.8917556496497
439.0	17041.887153134412	-1996.7936715367478
440.0	17241.87182665768	-1998.6851660535474
441.0	17441.528816650894	-2002.7084646522587
442.0	17641.115617839943	-2006.893345988927
443.0	17840.74050660869	-2011.1751696938773
444.0	18040.326819593876	-2015.5620932985778
445.0	18239.9107558283	-2019.9772923315293
446.0	18439.49337998232	-2024.3956951943758
447.0	18639.069225544055	-2028.788540298233
448.0	18838.634338138017	-2033.091674845884
449.0	19037.75242996596	-2034.5040164549453
450.0	19237.466687861815	-2039.363838882713
451.0	19436.932882836183	-2043.0704291406737
452.0	19636.51880724468	-2046.8758259623182
453.0	19836.13411856141	-2050.5638987830275
454.0	20035.735638201353	-2054.153455744848
455.0	20235.418978290956	-2057.9147860379785
456.0	20435.097888395743	-2061.7536526243216
457.0	20634.843995604937	-2066.4667986279933
458.0	20834.448520201946	-2069.6820779532713
459.0	21034.027853078787	-2072.808625664329
460.0	21233.63671424337	-2075.8853986425243
461.0	21433.245435785273	-2078.9325786347604
462.0	21632.855185163786	-2081.956785166783
463.0	21832.451515264635	-2084.9545725015973
464.0	22032.06315541983	-2087.9248240498846
465.0	22231.66996508917	-2091.0132052392564
466.0	22431.285449416435	-2093.8545846822362
467.0	22730.701285963263	-2098.3008862532483
468.0	22930.16873725397	-2106.5778412285235
469.0	23129.921288051624	-2104.2396380591294
470.0	23329.530835357178	-2107.217558622224
471.0	23529.062488737316	-2110.4459321504855
472.0	23728.762413443885	-2113.225247840385
473.0	23928.289273137965	-2116.49181842366
474.0	24127.98072166732	-2119.3033171090224
475.0	24327.521303432335	-2122.564592388406
476.0	24527.218716912514	-2125.463293028753
477.0	24726.742145636512	-2128.8087368468255
478.0	24926.376007756156	-2131.9269069194947
479.0	25126.04087473202	-2134.931648400231
480.0	25325.612111208044	-2138.285064967347
481.0	26024.289796345107	-2149.571700029706
482.0	25525.276552410873	-2141.381638303295
483.0	25724.881867032334	-2144.6486883564444
484.0	25924.487053031582	-2147.9280428299676
485.0	26124.092636767342	-2151.217965165332
486.0	26323.67668549666	-2154.618556337627
487.0	26423.500106158743	-2156.170476253627
488.0	26593.209482687274	-1742.946521013245
489.0	26242.880909051168	-1680.32274561319
490.0	25824.68428457933	-2146.2869786365013
491.0	26158.915494584504	-1849.437039417836
492.0	26480.94040785266	-2035.1510532874756
493.0	26623.196588948213	-2158.8969652082055
494.0	26664.666059408893	-2043.2967398498179
495.0	26722.907320182716	-2161.1349297117995
496.0	26897.5981043543	-2138.83611614999
497.0	12831.400944053292	-1886.0459965857274
498.0	12953.625292295357	-1957.150876447736
499.0	12913.582509343869	-1933.1532376809107
500.0	13050.925694511572	-1452.5982969533397
501.0	13028.76208786297	-1935.3753041336913
502.0	13121.939294716662	-1803.2092061703195
503.0	13084.185978300176	-1920.0641984703143
504.0	12975.869000352743	-1487.6933001813893
505.0	13035.417240885363	-1877.8893589056618
506.0	13220.908295853636	-1460.647077382855
507.0	13193.711165983243	-1863.101833746278
508.0	13417.528330502399	-1475.9408236900047
509.0	13130.710874587632	-1501.4699203873888
510.0	13317.427988180854	-1525.0013540094226
511.0	13615.639743925783	-1475.31421345953
512.0	13284.384012436	-1774.1876691018776
513.0	13675.910116307925	-1688.9788636295623
514.0	13395.034995569627	-1829.2597521978284
515.0	13517.388444542337	-1539.0073985383906
516.0	13817.913710789619	-1466.623230986347
517.0	13855.25634184588	-1721.2847935680904
518.0	13598.749980483706	-1812.2511980183854
519.0	13717.669871722033	-1528.599991060287
520.0	14017.773664489187	-1470.1721667342324
521.0	13801.808389181351	-1824.1605957101701
522.0	13919.289023259427	-1521.259385498511
523.0	14215.902641661085	-1473.0160266999699
524.0	14151.649905430948	-1869.259929060115
525.0	14002.843884845666	-1829.4524900880435
526.0	14116.809863892295	-1523.1079706699359
527.0	14418.667929529447	-1493.8473968674045
528.0	14351.190297386247	-1874.2198027756274
529.0	14202.874304691359	-1837.4543982887687
530.0	14317.302365158008	-1539.7045483506824
531.0	14618.83642443894	-1493.3621916323848
532.0	14550.36167193766	-1888.0911511979994
533.0	14402.666848163737	-1842.6907368615505
534.0	14519.886971484933	-1551.3503523224117
535.0	14819.30052837149	-1502.9001076208613
536.0	14749.789934611594	-1897.0556959930473
537.0	14601.744969837302	-1856.238797307136
538.0	14720.197084342208	-1551.1073122898572
539.0	15018.322383680012	-1512.8109360498772
540.0	14949.211943102258	-1905.4055561138875
541.0	14801.091686276748	-1865.1694013473762
542.0	14919.373379358143	-1561.0543882725087
543.0	15215.836239789589	-1519.3653714899835
544.0	15148.827493851335	-1913.5978751704051
545.0	14983.012687649069	-1804.6914413787429
546.0	15115.618575854407	-1567.6448767432532
547.0	15414.472590628788	-1539.9540693534534
548.0	15348.253110890573	-1917.86375571426
549.0	15179.871836714272	-1813.0821067992117
550.0	15311.51176655438	-1584.265600490553
551.0	15615.83148046968	-1550.809650921855
552.0	15547.884395106417	-1927.446905575214
553.0	15604.032434416027	-1797.4700736350533
554.0	15402.72960028924	-1787.8486880505377
555.0	15545.01446759928	-1625.1609608387516
556.0	15816.360242071161	-1563.7696944857353
557.0	15699.544054558062	-1901.6704255765262
558.0	15745.613170350336	-1637.7882833829462
559.0	16016.589603935217	-1574.5743240046168
560.0	15946.874033315698	-1951.0335752637775
561.0	16080.170451188897	-1655.9019630234789
562.0	15799.475391141541	-1907.6379779388053
563.0	15998.8466589651	-1920.3076475796934
564.0	16197.790733400363	-1932.7260288947539
565.0	16004.274625723172	-1821.5391255635288
566.0	16422.581441494476	-1585.24742434216
567.0	16296.723472097447	-1942.9488404510155
568.0	16445.540067745507	-1771.3610951930361
569.0	16395.943740077728	-1948.0262747373445
570.0	16098.383116886216	-1926.6317262579432
571.0	16057.24030238348	-1778.6484713865818
572.0	16623.54164285562	-1588.4908506175059
573.0	16594.463373578863	-1955.8341049579642
574.0	16930.291930845164	-1771.895449199843
575.0	16943.89567042833	-1980.716248902494
576.0	16824.97784631247	-1595.8699798975658
577.0	17142.07523028919	-1996.7561366486036
578.0	17111.656708882892	-1737.865602051813
579.0	17022.971285825195	-1803.1620682103949
580.0	17219.56690515217	-1587.355203560356
581.0	17341.70375782032	-2000.66562019538
582.0	17312.639377697462	-1733.7124375692044
583.0	17210.688816954047	-1773.122516901558
584.0	17420.658325865443	-1590.5590818934072
585.0	17541.322448291856	-2004.7906871660434
586.0	17512.891721923177	-1739.0215644167554
587.0	17392.315123305154	-1967.7025895841227
588.0	17620.85472596954	-1594.8498413076074
589.0	17740.91389064016	-2009.0162013276006
590.0	17713.5877922087	-1742.0966665116782
591.0	17610.100086603125	-1780.8589074981621
592.0	17821.505505838068	-1598.8340727179273
593.0	17940.53402632645	-2013.3635301017569
594.0	17914.820485575954	-1746.4952136071654
595.0	17791.560278737812	-1976.103066158137
596.0	18022.012140637034	-1602.809696293082
597.0	18140.119018455607	-2017.7677253313461
598.0	18114.285758374444	-1749.925893122742
599.0	18011.989306652347	-1788.8556257989676
600.0	18222.227394404163	-1605.9706056882576
601.0	18339.702166209863	-2022.1876601869699
602.0	18311.209077574982	-1751.3261814703008
603.0	18208.073490769417	-1790.5505939671864
604.0	18422.81863356286	-1609.242697447081
605.0	18539.284532734233	-2026.5982626084478
606.0	18507.962614295222	-1757.1980864965724
607.0	18422.826930678948	-1916.7240188497217
608.0	18623.825517176385	-1612.881104052695
609.0	18739.435914051897	-2029.2667907849443
610.0	18803.49241176149	-1899.4239851812374
611.0	18589.92336545643	-1993.6919340223656
612.0	18827.010511596083	-1633.900643094019
613.0	18937.74627339901	-2028.4952132877017
614.0	18931.83693314755	-1834.3586855197627
615.0	18747.429139748205	-1859.3429774152373
616.0	19027.69665736741	-1637.7709309678366
617.0	19137.715620667776	-2036.1127589842497
618.0	19132.1975646426	-1842.4712808803895
619.0	18987.896798971866	-1992.7165820348248
620.0	19227.809680417176	-1641.4758774673749
621.0	19337.00310694284	-2036.7703951137598
622.0	19331.701019843582	-1842.764635606213
623.0	19201.81867214831	-1904.659143252283
624.0	19428.31724448835	-1644.7053855320607
625.0	19536.603791134592	-2040.6199516132074
626.0	19531.80228847743	-1846.1326540332757
627.0	19387.15081206693	-2001.4772848510065
628.0	19628.710945842813	-1648.5081724886247
629.0	19736.20901861578	-2044.3592242075385
630.0	19731.8036250789	-1849.9220963912067
631.0	19601.0710775652	-1908.3724863391078
632.0	19829.111306624225	-1652.405452076592
633.0	19935.84008637905	-2048.0079096300456
634.0	19931.84576248824	-1853.6921650179077
635.0	19800.895385614513	-1912.1330684402747
636.0	20029.51966573999	-1656.321295758019
637.0	20135.45175212181	-2051.5392017377817
638.0	20131.885897766482	-1857.4000375482017
639.0	20000.737110610582	-1915.8427376290565
640.0	20229.93901524396	-1660.2213810733895
641.0	20335.105788131234	-2054.9693402362514
642.0	20331.9388757327	-1860.9312972336909
643.0	20200.649270391554	-1919.7478757751571
644.0	20430.32074143382	-1663.9151282556047
645.0	20534.72880023184	-2056.207213781661
646.0	20531.7963966224	-1861.8527489669825
647.0	20400.558313052406	-1923.6171258060283
648.0	20630.579207194893	-1667.1567759642392
649.0	20734.505379984937	-2057.6170811629013
650.0	20729.82318976789	-1858.634696359286
651.0	20600.377159656535	-1925.9475923775299
652.0	20828.981762338673	-1666.2038887893234
653.0	20934.230845598202	-2076.450205123055
654.0	20932.70933190733	-1827.3699091253736
655.0	20784.95667638861	-2024.4081129290696
656.0	21031.093908838946	-1661.299140730587
657.0	21134.015994619764	-2079.5091007873316
658.0	21130.381706202024	-1822.7828479337975
659.0	21035.141641331225	-1863.6961733805292
660.0	21231.680131485486	-1664.795227814256
661.0	21333.616965591846	-2082.7933433088824
662.0	21330.701680157425	-1826.5477051618648
663.0	21230.73811695723	-1867.2496268531274
664.0	21432.414542255516	-1667.3016439536852
665.0	21533.13240546777	-2085.572536761874
666.0	21531.73803473957	-1828.7982792233113
667.0	21384.040207335125	-2049.520980765978
668.0	21632.985349031987	-1669.2071138035965
669.0	21732.705925287897	-2088.503335568367
670.0	21732.276630302764	-1830.7412826890486
671.0	21583.555709152584	-2052.306857501398
672.0	21833.585785417265	-1670.9480801584148
673.0	21932.27141075787	-2091.410452101943
674.0	21932.866515718353	-1832.6928593069467
675.0	21832.379158936637	-1874.3078231562456
676.0	22034.197273325568	-1672.4207515572655
677.0	22131.863517900143	-2094.28221306868
678.0	22132.97660734794	-1834.4427396998592
679.0	22032.29489361552	-1876.3897884010585
680.0	22234.83451035326	-1673.6210578592365
681.0	22331.581597661076	-2097.1007206488443
682.0	22330.424893091225	-1840.651116561162
683.0	22228.49370016196	-1878.3671676265396
684.0	22436.013254315392	-1679.1977998001366
685.0	22531.090810428115	-2095.3364014269714
686.0	22637.6284344491	-1669.878140659475
687.0	22396.401047214345	-1918.5393503396601
688.0	22838.83447423838	-1670.4692701292988
689.0	22630.89608928186	-2096.8184257177563
690.0	22537.770413077655	-1733.523386429418
691.0	22580.522902498455	-1989.770098101256
692.0	22830.50640358645	-2099.7840071123333
693.0	22659.533025795823	-1866.410657387284
694.0	23038.326866708365	-1681.8856423558962
695.0	22740.05571470845	-1724.194615560419
696.0	23030.116403570133	-2102.75315668229
697.0	22897.49724702908	-2003.8425775291828
698.0	23239.995200742578	-1672.9768959662754
699.0	22940.217429094697	-1735.763839578698
700.0	23229.72609827507	-2105.7276969168965
701.0	23119.270307926734	-1924.6967095798748
702.0	23441.09957431763	-1672.6265419625151
703.0	23140.84123272734	-1737.9664319373126
704.0	23429.33549947447	-2108.7094560493847
705.0	23265.120652382797	-1959.888370559218
706.0	23642.093403462208	-1673.3455242353382
707.0	23343.0766098801	-1728.5068210479205
708.0	23628.957578558195	-2111.7130378349416
709.0	23465.227581917887	-1873.3559027683816
710.0	23842.518545928047	-1674.2471283745817
711.0	23544.63738435064	-1728.7507416517262
712.0	23828.567180285867	-2114.7404061033117
713.0	23711.0961919454	-2004.894010779711
714.0	24042.83234719234	-1674.1885757479024
715.0	23745.518773749805	-1730.293702886155
716.0	24028.17605248497	-2117.7794891500516
717.0	23861.244291917432	-1967.2078905294359
718.0	24243.095176001367	-1674.0749980896387
719.0	23945.720179677024	-1731.0774917606097
720.0	24227.785328217306	-2120.8310015209163
721.0	24068.915734480066	-1880.8874429723357
722.0	24443.871565624464	-1674.9079885254312
723.0	24145.759280689494	-1730.8357413692931
724.0	24427.406520366494	-2123.9054943135866
725.0	24265.09670141056	-1881.094638512687
726.0	24644.090114813185	-1675.791365145171
727.0	24346.26101522603	-1731.4464565898152
728.0	24627.022726110037	-2127.029811612265
729.0	24477.84711424688	-2090.6895848946697
730.0	24844.378684368206	-1675.7641586143907
731.0	24546.71854673346	-1732.9868100658596
732.0	24826.630443466423	-2130.17774705176
733.0	24656.03620885186	-1977.782897274932
734.0	25045.119624424868	-1676.673615563226
735.0	24746.688346545805	-1733.5790368840399
736.0	25026.23726728294	-2133.34257717979
737.0	24862.6389032079	-1888.9305472552187
738.0	25244.956537098205	-1677.7019918392944
739.0	24947.180690009456	-1734.1018932208062
740.0	25225.844436799885	-2136.5251213852703
741.0	25076.676721814187	-2100.1536675723883
742.0	25446.217326295213	-1678.435498801112
743.0	25147.221554626984	-1735.5901103462722
744.0	25425.473651647364	-2139.753218198966
745.0	25276.248250594228	-2103.4856496478037
746.0	25646.568943836926	-1679.7428690657316
747.0	25347.78245328326	-1736.8229907332445
748.0	25625.07941726505	-2143.013558404195
749.0	25509.32742228464	-2032.945529920177
750.0	25978.04963974337	-2038.484763541571
751.0	25548.858252434864	-1738.2664525970622
752.0	25847.196146745453	-1680.207532396411
753.0	25775.34334900144	-2111.500475370493
754.0	25974.94870029522	-2114.787107975419
755.0	25669.827650491705	-1901.1891108891723
756.0	25778.32876036462	-2035.402903612069
757.0	25749.300642849452	-1739.3836325499567
758.0	26538.09908540844	-1653.970136280579
759.0	26410.94997237655	-1671.8048868598682
760.0	26044.58490043155	-2039.5820082522641
761.0	26149.51296103089	-1740.074479014087
762.0	26481.686188631294	-1702.5423196762251
763.0	26501.591351603605	-1835.0837852558961
764.0	26335.82128802978	-1729.4704904352366
765.0	26259.674793152546	-1898.4488961165123
766.0	26784.444289479787	-2031.5470821976726
767.0	26649.710776958713	-1850.0034345266192
768.0	26598.131692166848	-2042.1996683793684
769.0	26773.36859865926	-2127.980681853572
770.0	26724.991222762535	-1982.249414342732
771.0	12969.949964426773	-1553.8053222991227
772.0	12743.187389639754	-1804.67987627836
773.0	12814.601855457258	-1861.3625768828763
774.0	12857.508838405773	-1864.61907034205
775.0	12843.129365928637	-1887.4180078343013
776.0	12989.407118371884	-1902.9747632479812
777.0	12871.559376665515	-1913.2221625960465
778.0	12903.299164290724	-1942.070603309686
779.0	12886.288097988458	-1926.3899915840627
780.0	12907.195890810988	-1914.4238143263804
781.0	12713.490309401159	-1777.038692019257
782.0	12462.405283488777	-1490.2202231249837
783.0	12409.876289416306	-1464.4333452323215
784.0	12434.974535393187	-1496.973762018851
785.0	12501.45675393316	-1451.835759408661
786.0	12553.519749456796	-1450.91677882319
787.0	12463.674891292723	-1525.3947011966775
788.0	12495.263618750114	-1565.3236927108676
789.0	12492.565247844555	-1514.4261179316898
790.0	12537.614433764675	-1608.9185260779798
791.0	12472.985335013625	-1513.2316326000746
792.0	12566.598884860849	-1637.2791393332282
793.0	12696.705142655112	-1448.5141950226744
794.0	12595.726970157792	-1665.4917016792326
795.0	12621.764449353708	-1659.7022296483658
796.0	12624.993605563837	-1693.5553503157182
797.0	12740.923007437368	-1519.6011417283778
798.0	12651.663392325332	-1709.6321594031688
799.0	12681.119259453728	-1737.4688190451145
800.0	12740.35760916746	-1792.8203092282813
801.0	12710.68454344708	-1765.1915786372822
802.0	12728.326127452781	-1790.8632194372942
803.0	12750.176164392105	-1779.9406253869358
804.0	12755.226855103363	-1806.6291805364174
805.0	12810.962680242594	-1824.5217489286908
806.0	12799.78887721354	-1848.0617801276712
807.0	12772.93531397851	-1832.2846125588328
808.0	12796.055033414501	-1822.796642441291
809.0	12787.81972914159	-1846.0746173757059
810.0	12449.11618317946	-1511.2447290453456
811.0	12458.124403061442	-1453.0490741464037
812.0	12695.889979413405	-1751.3459219724757
813.0	12844.603519801713	-1533.7495539478132
814.0	12666.378770723793	-1723.5662146146688
815.0	12709.942464092912	-1730.4381479476244
816.0	12478.581487226986	-1539.2395422774782
817.0	12636.978743760004	-1695.6705641240558
818.0	12690.011765383873	-1666.9246527285923
819.0	12507.159816560326	-1567.7463165485215
820.0	12535.124906563246	-1597.001708853037
821.0	12521.40935736693	-1558.8573737459199
822.0	12549.568465132672	-1611.2034853796456
823.0	12625.540712167058	-1564.6413325675996
824.0	12578.5634280041	-1639.5028394632652
825.0	12655.048563029588	-1507.4562712560335
826.0	12607.699426896825	-1667.6566737723253
827.0	12828.975944725898	-1874.2821903888807
828.0	12422.026434014728	-1482.1511961928747
829.0	12445.968633169177	-1485.9450442271707
830.0	12857.4144918565	-1900.155063959256
831.0	12884.324111522497	-1903.2165915490405
832.0	12437.76154863851	-1475.9463783662704
833.0	12527.269926523108	-1465.2418286072032
834.0	12525.633333603071	-1491.86775910336
835.0	12463.185635804291	-1503.887808768386
836.0	12479.459895866681	-1463.5996189298003
837.0	12520.670245941074	-1582.808692743708
838.0	12530.120125567648	-1569.1541966743432
839.0	12617.679263468497	-1449.6883349214274
840.0	12545.68700693473	-1531.6362891880992
841.0	12631.50304735842	-1669.041328318049
842.0	16793.35069492328	-1957.7628279776118
843.0	16727.538585285914	-1650.4531908426543
844.0	12656.063783250727	-1470.1989403564337
845.0	12792.558721686919	-1447.7355268584834
846.0	12604.197255147024	-1642.1426114421404
847.0	12742.691974595606	-1473.6320319289134
848.0	12663.8146489731	-1698.9920092684595
849.0	12720.869055347985	-1753.4261810801381
850.0	12894.278297464189	-1912.1366644932561
851.0	12964.842811440292	-1942.4494872273292
852.0	12867.490648600979	-1886.645390571456
853.0	16693.96551305166	-1958.8938452482043
854.0	16642.069532252477	-1851.250600297637
855.0	13120.97722305951	-1580.7437692906599
856.0	13111.8765345154	-1888.8607590356348
857.0	16495.271825352378	-1952.3715260832198
858.0	16534.665665112956	-1734.264682751902
859.0	13292.432285613539	-1843.380394346499
860.0	13469.568508388873	-1720.6890809181011
861.0	13304.885671664952	-1620.422788291103
862.0	13401.426929103744	-1732.142957373556
863.0	13496.385777893614	-1815.792453940486
864.0	13603.5270888019	-1716.9497726761026
865.0	13700.664696647444	-1821.2241512380588
866.0	13788.897130370897	-1757.6598019260782
867.0	13902.639449112366	-1826.2607239563165
868.0	13986.03454817154	-1761.793460397582
869.0	14103.081436572873	-1833.1295608439416
870.0	14313.372155939147	-1625.5644988191834
871.0	14302.704658959578	-1837.7843707347527
872.0	14502.14680494183	-1851.7220356412743
873.0	14534.305652984716	-1644.4142025026697
874.0	14701.459931185234	-1860.6774153103552
875.0	14730.514223393364	-1643.28427995719
876.0	14900.783664990238	-1869.3809064578857
877.0	14928.409388774797	-1653.201945560694
878.0	15000.452548372186	-1873.4407694361782
879.0	15044.541642527853	-1769.2940124230856
880.0	15200.061967156647	-1881.661457127445
881.0	15305.726966448769	-1669.361231457228
882.0	15477.113571953705	-1622.17252946617
883.0	15399.736451490096	-1886.2042032319014
884.0	15678.5304930973	-1632.9596978741756
885.0	15599.600397615783	-1896.1350280048534
886.0	15804.556399071887	-1809.972584253673
887.0	15899.23763309438	-1913.9216892986785
888.0	15856.94699531463	-1768.1244047501993
889.0	15946.29111679948	-1649.1433604912506
890.0	16223.104136193857	-1588.2877637198792
891.0	16209.786412798436	-1837.086234966019
892.0	16153.150171981717	-1663.217839468852
893.0	16325.676430709267	-1645.0829744640585
894.0	16385.52344711899	-1880.154587514847
895.0	16525.656739740607	-1640.9361728194801
896.0	16579.436993546984	-1887.4548142855838
897.0	16921.45486756867	-1653.507580444595
898.0	16874.67992169244	-1840.531012802968
899.0	16773.814058220032	-1889.9177349172485
900.0	17098.747095862735	-1891.8617926125917
901.0	16994.051473890035	-1949.5971099825108
902.0	17297.91504057077	-1892.168894302399
903.0	17192.61984253602	-1963.7498886884025
904.0	17364.512014184842	-1893.5076883126221
905.0	17492.139037978417	-1969.7734793532718
906.0	17697.613814059518	-1900.4271529950856
907.0	17591.931440020257	-1971.867697536148
908.0	17811.66709289326	-1784.2281847998686
909.0	17891.386628614826	-1978.2784810456826
910.0	18097.278062736736	-1909.5631877912317
911.0	17991.179199093163	-1980.4758117303616
912.0	18293.795118793358	-1912.0528390657557
913.0	18190.763417756367	-1984.8818601503742
914.0	18489.354942200673	-1918.1909619443952
915.0	18390.34684764076	-1989.2926441542302
916.0	18690.28313414392	-1994.1788979980718
917.0	18706.671010964692	-1779.510610517241
918.0	18790.055736591574	-1996.3204102118916
919.0	18868.74494156023	-1895.8025858539459
920.0	19088.071474630065	-1998.2600346047439
921.0	19001.81525576284	-1896.1893271669117
922.0	19187.990237479375	-2001.0816562503044
923.0	19268.04454506744	-1902.6476975550656
924.0	19486.953909184074	-2003.3941508607538
925.0	19401.28572549602	-1904.5612062179705
926.0	19586.74163094269	-2005.299612731919
927.0	19667.611211876963	-1909.620672617977
928.0	19786.36397960145	-2009.0204019970597
929.0	19867.459906852044	-1913.3697625530895
930.0	19985.996250600583	-2012.6682549023026
931.0	20067.280958173902	-1917.0345319391818
932.0	20185.689074520673	-2016.4767522152463
933.0	20267.234332695913	-1920.9044077615454
934.0	20385.418195653867	-2020.357994230161
935.0	20467.111467999635	-1922.6406848978106
936.0	20585.182213692828	-2023.0077132936897
937.0	20667.082933335812	-1925.1958329021884
938.0	20884.878386200104	-2041.6544780665574
939.0	20798.34724541957	-1923.0261526521147
940.0	21100.653826042108	-1978.0844222536653
941.0	20984.65379258587	-2043.209694660687
942.0	21184.439390394047	-2046.2440315151368
943.0	21300.07950077599	-1981.5015051742805
944.0	21483.750970718465	-2050.787413787901
945.0	21431.2494789872	-1870.08748661285
946.0	21683.324083239873	-2053.7396562853733
947.0	21631.973064897556	-1872.153039665518
948.0	21783.114874492927	-2055.2449646713353
949.0	21899.698824220006	-1989.441685398692
950.0	22098.992414707576	-1992.0780019811427
951.0	21982.67999842505	-2058.149009587633
952.0	22295.180240192072	-1994.8100794943118
953.0	22182.26703273955	-2061.1443308936537
954.0	22467.076212855533	-1953.4486859597916
955.0	22381.989230393734	-2063.843048250182
956.0	22681.303453461293	-2063.5659635407715
957.0	22748.062953197394	-1821.553797358054
958.0	22937.9303885353	-1840.3894073993797
959.0	22880.77108997195	-2071.8442218275745
960.0	23080.523980146114	-2069.5048556378533
961.0	23157.121999223542	-1840.90388248839
962.0	23280.134014905605	-2072.4782315433695
963.0	23356.50457809445	-1828.1929113880778
964.0	23555.33742373655	-1829.7940121174354
965.0	23479.666162317342	-2075.697767135915
966.0	23679.378664602384	-2078.4758042580106
967.0	23756.985709413828	-1833.0972412034291
968.0	23878.905428622766	-2081.747887701165
969.0	23959.388176620316	-1835.0055871771776
970.0	24078.596372099593	-2084.55688903989
971.0	24158.174671033936	-1833.6065131771586
972.0	24355.84715029079	-1835.6953252049982
973.0	24278.137160063077	-2087.8056334651324
974.0	24556.053632498515	-1839.2571122985046
975.0	24577.65916321808	-2092.2589763340306
976.0	24677.378530115708	-2094.042169176171
977.0	24756.348410178314	-1840.1957571397845
978.0	24877.01230780072	-2097.1609880987176
979.0	24955.780845216635	-1840.6515616058896
980.0	25176.480383423976	-2101.7374386022043
981.0	25155.40982361344	-1844.0523201993049
982.0	25355.919973460885	-1844.8365623388981
983.0	25376.074257076634	-2105.10244762872
984.0	26174.554247076492	-2118.0794788453463
985.0	25872.810988806417	-1901.2534748790265
986.0	25475.93564734727	-2106.5819674376694
987.0	25559.212189159927	-1849.5161197341815
988.0	25762.205412779167	-1849.5802072362778
989.0	25675.54109544736	-2109.85934124997
990.0	25875.14596714948	-2113.1431419006444
991.0	25961.669383698314	-1851.5246057583033
992.0	26174.630556618165	-2039.4395220902497
993.0	26074.751540605506	-2116.432550295273
994.0	26343.212638577545	-1838.2340805348097
995.0	26473.962140141102	-2123.0298437283777
996.0	26274.335900683043	-2119.8291612024354
997.0	26374.138711188123	-2121.479529862338
998.0	26575.322905659694	-1894.246249666383
999.0	26517.688305910127	-1764.2781344088914
1000.0	26595.473618846492	-1681.3598006061231
1001.0	16707.69348081476	-1891.7583479203076
1002.0	16803.178126715702	-1818.0438175873048
1003.0	12501.438313392826	-1497.4482482592168
1004.0	12481.078048246382	-1482.5861772841993
1005.0	26554.556847860473	-1988.0474349374574
1006.0	16636.73007848821	-1777.2579253569227
1007.0	16513.497076630443	-1885.1374163162793
1008.0	16339.626131587953	-1737.868135382513
1009.0	16319.530837057266	-1876.7936759150969
1010.0	15121.63164199628	-1659.407769661692
1011.0	15113.387822240802	-1810.3714767161425
1012.0	15033.371459238539	-1696.721386256501
1013.0	14848.886026760534	-1760.5923861060182
1014.0	14838.653676839298	-1687.224632576379
1015.0	14654.332801451137	-1752.2020996916606
1016.0	14643.572244989877	-1678.603009479976
1017.0	14478.699432388295	-1715.0878214752659
1018.0	14124.616772205154	-1615.2372548212752
1019.0	14048.23120683257	-1725.9906474448587
1020.0	13930.517346252707	-1613.0249562298807
1021.0	13919.085336194492	-1759.6900217197835
1022.0	13733.121793993212	-1620.1298046045406
1023.0	13721.023066893802	-1755.1426826449795
1024.0	26300.601412242893	-2040.2741584603348
1025.0	26423.4763049506	-1988.1854374986185
1026.0	26423.36119090233	-1881.9193547381135
1027.0	25844.86377199834	-2036.4999684950956
1028.0	26068.849169131794	-1901.9476175132434
1029.0	12852.469159477756	-1699.5917045342703
1030.0	12693.920955275733	-1531.7406357217387
1031.0	12669.99439353787	-1616.2390409408406
1032.0	12559.18685268126	-1548.9315324012925
1033.0	12505.629563611283	-1537.658320476634
1034.0	12588.271808069818	-1586.2805104542974
1035.0	12740.273743489024	-1770.7418636028226
1036.0	12900.32551783868	-1569.6861105989162
1037.0	12711.010599941883	-1744.2046067083168
1038.0	12765.745401698414	-1794.8112917578426
1039.0	12673.617913785369	-1708.2765131848773
1040.0	12738.442213257227	-1757.0040570503982
1041.0	12647.89697837794	-1684.1173363622045
1042.0	12692.052978492558	-1725.728114667394
1043.0	12687.29312799919	-1708.3883971161176
1044.0	12645.094684611038	-1669.3667022177124
1045.0	12687.853081972533	-1562.581839635799
1046.0	12631.823138711472	-1612.9615973642678
1047.0	12662.738697946823	-1685.3420538964535
1048.0	12657.201577261787	-1638.2992827478902
1049.0	12620.873852818602	-1646.0803975461538
1050.0	12576.508210918773	-1615.6537383281277
1051.0	12560.694905856855	-1600.6037632892821
1052.0	12599.83052035394	-1625.5013266282906
1053.0	12544.022158409673	-1568.6554426037953
1054.0	12575.668745240828	-1602.7927652182595
1055.0	12615.387747502667	-1517.8249449955613
1056.0	12579.10484947551	-1553.1130600569188
1057.0	12560.139744783983	-1585.9464516123135
1058.0	12583.575125269643	-1498.4263608986323
1059.0	12609.077552673489	-1543.26087271701
1060.0	12550.606860792073	-1508.4219884938811
1061.0	12521.811544462429	-1541.0633764621787
1062.0	12495.65843334631	-1528.6548734845062
1063.0	12782.03592671477	-1768.4259394525216
1064.0	12794.876264599543	-1809.1899934741093
1065.0	12763.524491459453	-1779.9823036584396
1066.0	12792.988515148461	-1778.855136356008
1067.0	12780.956332471067	-1808.7799850165295
1068.0	12840.282669942513	-1862.058282468647
1069.0	12954.503491006144	-1922.1446598778086
1070.0	12929.39389319736	-1937.1116345573876
1071.0	12922.085697920074	-1886.555790702748
1072.0	12824.549253988569	-1808.0280071892928
1073.0	12821.692314673952	-1846.661401502796
1074.0	12882.70233386798	-1888.1743461420156
1075.0	12811.848785179745	-1837.948866787657
1076.0	12835.665175849581	-1845.962128387285
1077.0	13045.116404626964	-1691.9757204668294
1078.0	26094.00230613505	-1995.7274663672263
1079.0	26250.23671818295	-1994.6715299349428
1080.0	25642.397576061154	-2035.1394882895656
1081.0	25897.30579732859	-1994.982524990571
1082.0	25456.462920857015	-1989.5829451270154
1083.0	25694.72375900931	-1993.8312636376158
1084.0	25261.282326262284	-1894.1777732979801
1085.0	25464.7087831979	-1897.698737543885
1086.0	25061.90804861851	-1891.6854938013414
1087.0	25254.0478258095	-1985.3379153747653
1088.0	24855.528537736303	-1979.3254014169052
1089.0	25107.282731768235	-2025.4961221427384
1090.0	24708.836640455684	-2019.3752304605102
1091.0	24907.72028443228	-2021.4988488699662
1092.0	24508.670535375742	-2016.6278798154606
1093.0	24663.08526421076	-1888.6783876335612
1094.0	24258.5666854283	-1969.6132762630562
1095.0	24462.792786454276	-1885.4271593732592
1096.0	24062.420376999067	-1968.2266193740918
1097.0	24308.90203573217	-2012.6965255388338
1098.0	23913.13331213705	-2008.3000053564447
1099.0	24111.881047111932	-2008.9579146070325
1100.0	23658.04824942203	-1963.2679233567694
1101.0	23867.653478535358	-1880.978762108424
1102.0	23510.307518744958	-2001.3345666377118
1103.0	23664.260378512136	-1877.1923330183217
1104.0	23313.193654612423	-1997.7162617230272
1105.0	23459.768349704813	-1959.0864278823858
1106.0	23067.538085620312	-1961.0392836959345
1107.0	23269.703935453126	-1875.6004368575097
1108.0	22840.675837668594	-1956.8656340898299
1109.0	22964.03406333186	-2004.8327906313036
1110.0	22708.015104958642	-1989.1430487384957
1111.0	22844.554672167927	-1872.4540197476156
1112.0	22515.49875216506	-1915.874356061929
1113.0	22656.632420404745	-1950.0833986400987
1114.0	22361.721566080243	-1995.6777469972665
1115.0	22227.92852839691	-1955.387733902083
1116.0	22032.145111934315	-1952.7480188507845
1117.0	22165.52472090852	-1993.1907613430838
1118.0	21832.615614752736	-1950.2235917235491
1119.0	21966.235641048028	-1990.4318972518868
1120.0	21566.692997618225	-1985.0436704919114
1121.0	21766.454622080284	-1987.7361846200008
1122.0	21366.615664159897	-1982.519493250605
1123.0	21699.93227417242	-1986.728230641109
1124.0	21232.231029188148	-1942.2494842633023
1125.0	21500.156601089828	-1984.0256769154832
1126.0	21037.005251149083	-1939.3489067983817
1127.0	21167.190222483947	-1979.102411560365
1128.0	20905.104752527892	-1975.3454249474464
1129.0	20971.612238692385	-1976.377002933467
1130.0	18592.65923411139	-1800.9205394759217
1131.0	18566.321358778998	-1880.9936509922761
1132.0	18617.743680554402	-1921.3922542773769
1133.0	18375.422169546695	-1874.584430225358
1134.0	18400.955971866275	-1794.398138277497
1135.0	18163.80607593681	-1911.0301320907292
1136.0	18216.19333430738	-1871.0909596147806
1137.0	17964.67153117662	-1906.7140180671224
1138.0	18020.125773957097	-1868.686026994031
1139.0	17764.180547357904	-1901.8424195953285
1140.0	17820.117665935508	-1863.8831160878024
1141.0	17563.904206409254	-1898.769876447613
1142.0	17618.972924194215	-1860.2519037932743
1143.0	17418.963153909546	-1856.1131500496558
1144.0	17410.087396447485	-1776.4573980562811
1145.0	17165.66977679598	-1891.197402130431
1146.0	17220.383685387562	-1852.6092966541753
1147.0	17033.63318036395	-1878.3049317622201
1148.0	16163.35022355416	-1788.0131968660116
1149.0	16103.711933177065	-1846.5940308348156
1150.0	15879.53501036758	-1646.002649757702
1151.0	15956.906287392854	-1773.3616536870602
1152.0	15655.949110228372	-1755.1506188478318
1153.0	15756.39734240401	-1761.869418158387
1154.0	15454.548819018188	-1745.0122628895344
1155.0	15555.796804414553	-1749.6304625782934
1156.0	15229.724629596414	-1771.6908358073833
1157.0	15352.7723189877	-1746.3202956603102
1158.0	14233.250198998343	-1726.9823458246185
1159.0	14360.35811732559	-1703.1965882853674
1160.0	13346.757431524573	-1702.5124712625286
1161.0	13177.345074353676	-1699.1454747979424
1162.0	13092.185460889124	-1762.773288599712
1163.0	13221.224999120439	-1755.9011003605876
1164.0	13198.632327809615	-1635.3423605678065
1165.0	13095.480104369162	-1846.9012787921183
1166.0	12901.292918695763	-1875.9293836166416
1167.0	12847.070089819194	-1829.7038123299553
1168.0	13053.628084856175	-1844.9284404699454
1169.0	12951.43637417062	-1856.3885235710713
1170.0	12963.435540882665	-1901.6226161601735
1171.0	13002.641625453072	-1876.5953224265425
1172.0	13035.273007057483	-1597.9841679743447
1173.0	12988.7937470446	-1817.0236889216746
1174.0	13027.951837661034	-1810.5308230900137
1175.0	12755.158562418395	-1744.9164066876358
1176.0	12787.426602870191	-1548.4695753654094
1177.0	12726.297385552129	-1717.9967355201218
1178.0	12890.92488611539	-1614.423762746944
1179.0	12920.973623158528	-1905.7553886061626
1180.0	12936.367918688959	-1921.226070708369
1181.0	13101.930601188093	-1710.0335297346057
1182.0	12949.791191616265	-1670.667447072731
1183.0	12577.556123129536	-1574.154065394001
1184.0	12612.170151571452	-1608.2868006013116
1185.0	12771.230070015152	-1653.3444900837549
1186.0	12960.408139884816	-1791.9363358326355
1187.0	12946.412043327022	-1881.5044290873193
1188.0	12981.694378807451	-1850.1272698224868
1189.0	12900.249277134126	-1854.598986266424
1190.0	13013.685092382288	-1652.340690403149
1191.0	13040.05002334649	-1772.0677438415794
1192.0	12968.770119642344	-1748.701174817487
1193.0	12813.417533910477	-1797.29983091342
1194.0	12926.066387202032	-1840.1094878362826
1195.0	12813.052216557866	-1780.7307973532213
1196.0	12606.283693909363	-1586.619964967805
1197.0	12652.07400699782	-1572.4430933991189
1198.0	12636.160105165536	-1634.1139094952603
1199.0	12673.123855383581	-1666.5816259995293
1200.0	12782.350219440565	-1586.269844192698
1201.0	12660.35982053316	-1655.2571394730264
1202.0	12698.203692315452	-1690.448324781084
1203.0	12693.31034142009	-1616.161373486185
1204.0	12800.63020614422	-1734.2562520611755
1205.0	12719.318464268035	-1695.3466299048578
1206.0	12780.459715147155	-1751.6994113742912
1207.0	12846.407111706118	-1628.7502368157068
1208.0	12749.016697327947	-1724.2809853069004
1209.0	12860.114629094569	-1765.4865778495307
1210.0	12841.788212333602	-1809.2790751607874
1211.0	12704.033648039434	-1644.3166810191112
1212.0	12841.233989584523	-1672.1983026176815
1213.0	12652.469975880143	-1599.0965225622804
1214.0	12743.771851934434	-1599.0193710937983
1215.0	12857.9305350645	-1878.2149895108578
1216.0	12870.575330151716	-1830.3077578401837
1217.0	12749.41101198882	-1631.7827673216132
1218.0	12711.564998737076	-1589.1576013443052
1219.0	12880.871273126175	-1805.3963782157286
1220.0	12876.396584645363	-1849.1268617709168
1221.0	12834.594402654724	-1761.101079170332
1222.0	12767.126628680737	-1705.8140515449238
1223.0	12735.020354707825	-1677.5825819383008
1224.0	12793.438984768252	-1709.0063136125434
1225.0	12795.42907797089	-1651.8589495852727
1226.0	12727.927465410801	-1650.076305105046
1227.0	12760.109207344714	-1681.7657537915882
1228.0	12829.046962657165	-1736.1158157259463
1229.0	12927.93878467908	-1808.7608809986589
1230.0	12882.326163904096	-1696.9486658492697
1231.0	12860.999655276488	-1791.177163657411
1232.0	13009.253912487584	-1735.3254486580918
1233.0	12884.424193523346	-1737.8582757201445
1234.0	12908.654317438826	-1749.1491559578687
1235.0	12904.216370859729	-1790.9966726455725
1236.0	12812.188387450688	-1617.5476999220307
1237.0	12810.620571387963	-1683.4724753607254
1238.0	12915.608768420134	-1655.228789863918
1239.0	12940.738711015705	-1723.6782032958065
1240.0	11896.068900321623	-1387.2232185038213
1241.0	12356.51776250716	-1474.884929335909
1242.0	12358.186048573078	-1486.616879346844
1243.0	12372.351952590887	-1501.8615574800253
1244.0	12386.536138934898	-1516.655539633648
1245.0	12443.460716764748	-1574.6163559636925
1246.0	12251.85205963878	-1710.6349745965197
1247.0	12309.247370439198	-1814.630993390114
1248.0	12516.068726671476	-1645.450480682877
1249.0	12405.813213121584	-1823.9598151924572
1250.0	12486.573972267486	-1830.95102720238
1251.0	12514.35554090928	-1779.0093714268112
1252.0	12604.402255051871	-1728.952405709023
1253.0	12554.453761312448	-1836.634449942642
1254.0	12615.27975442548	-1820.233101783533
1255.0	12705.295162758035	-1813.6378432198546
1256.0	12675.556866991423	-1786.1928366269165
1257.0	12660.76464929049	-1772.3863178641652
1258.0	12719.520393673338	-1827.9695836305646
1259.0	12735.300097417887	-1864.722380368711
1260.0	12763.705318408136	-1866.7970240875377
1261.0	97.76004906409584	-1772.8871942809012
1262.0	231.65708574282357	-1692.2057315982522
1263.0	572.1360703696388	-1696.1944507827222
1264.0	879.3262966624271	-1698.8897322526202
1265.0	1176.1444962722387	-1701.229417579526
1266.0	1325.5856971735993	-1442.6631554259277
1267.0	1620.1998868572446	-1442.8070156879485
1268.0	1914.7927639714155	-1442.832866535484
1269.0	2209.4063835797665	-1444.2850409615746
1270.0	2504.033584290473	-1444.3651154046422
1271.0	2798.60501469167	-1444.4434182328923
1272.0	3093.2156181600244	-1444.5238012565778
1273.0	3387.7811374612697	-1444.6023530506152
1274.0	3682.396132558013	-1444.683308063399
1275.0	3976.951486053083	-1444.79044793305
1276.0	4271.585783415171	-1444.816090717897
1277.0	4566.126717040934	-1444.951597987498
1278.0	4860.767657133507	-1444.9774717380108
1279.0	5155.301397680681	-1445.112727816468
1280.0	5449.784837249822	-1443.8607068796334
1281.0	5744.414636600969	-1443.8991240868997
1282.0	6038.9390081874735	-1444.035026528167
1283.0	6333.479687454658	-1444.119979995745
1284.0	6628.049309249062	-1444.2075385882038
1285.0	6922.628672286982	-1444.2954507564339
1286.0	7217.208658207867	-1444.3836606985076
1287.0	7511.788834513706	-1444.4721643051141
1288.0	7806.3675206878	-1444.560437695339
1289.0	8101.177137494156	-1445.9368690785288
1290.0	8395.878582644002	-1445.9593710163406
1291.0	8690.456254969753	-1446.06953107426
1292.0	8985.04312920763	-1446.1533244124823
1293.0	9279.630366357334	-1446.2378813693392
1294.0	9573.956730864209	-1445.0711906545218
1295.0	9868.518260503448	-1445.1836840467402
1296.0	10163.101473478582	-1445.2742801483103
1297.0	10457.900744868857	-1445.3648547316936
1298.0	10753.50699089161	-1443.7509107957205
1299.0	11042.7535345387	-1441.0670139213992
1300.0	12690.344164243475	-1800.0048954516471
1301.0	12734.559748862232	-1841.5332227545694
1302.0	12345.316633174536	-1460.7557507635408
1303.0	11934.74733159967	-1526.7488556930748
1304.0	12412.510870044242	-1533.8726061941043
1305.0	12484.25906255628	-1605.4535130843053
1306.0	12542.666874403372	-1661.6014084938986
1307.0	12586.83418436119	-1703.2912273792115
1308.0	12631.175518888871	-1744.778808597585
1309.0	12609.65598631365	-1843.8431132590704
1310.0	12675.172992613681	-1861.0256835701664
1311.0	12709.673641316433	-1853.6946002923912
1312.0	12753.927991578277	-1857.503609948709
1313.0	427.17718387101496	-1776.6377473103068
1314.0	98.20095678501825	-1436.3894865010204
1315.0	731.5191808831984	-1777.2081154583273
1316.0	1027.6475573560904	-1779.6652307731608
1317.0	1321.6175276852966	-1779.8800027781892
1318.0	1615.3499019270969	-1780.2036479333046
1319.0	1909.060963599423	-1780.4092836739358
1320.0	2202.7927677659286	-1782.0412429931212
1321.0	2496.53815303479	-1782.3011023292838
1322.0	2790.227767994142	-1782.5591900506295
1323.0	3083.9565560206515	-1782.8193579674098
1324.0	3377.6402598800523	-1783.0776946545427
1325.0	3671.3734395349497	-1783.338434560421
1326.0	3965.0469775881757	-1783.6253593231677
1327.0	4258.799459508419	-1783.8307870011097
1328.0	4552.458577692335	-1784.1460791638056
1329.0	4846.217702343064	-1784.3517378074137
1330.0	5139.869627448393	-1784.6667787789659
1331.0	5433.471251575688	-1783.5945427352262
1332.0	5727.219235484991	-1783.8127448355879
1333.0	6020.86179162965	-1784.1284321699504
1334.0	6314.520655454988	-1784.3931705306234
1335.0	6608.208461807549	-1784.6605140161773
1336.0	6901.906009403622	-1784.9282110775023
1337.0	7195.604179882663	-1785.1962059126715
1338.0	7489.302540746656	-1785.464494412373
1339.0	7782.999411478904	-1785.732552695693
1340.0	8076.927212843416	-1787.2887689719782
1341.0	8370.746842551416	-1787.4910558028848
1342.0	8664.442699435322	-1787.7810007538992
1343.0	8958.14775823135	-1788.0445789852167
1344.0	9251.853179939208	-1788.3089208351685
1345.0	9545.29772900424	-1787.3220150134468
1346.0	9838.977443201637	-1787.6142932987598
1347.0	10132.678840734923	-1787.8846742934254
1348.0	10426.596296683352	-1788.1550337699039
1349.0	10721.80952884325	-1786.720978467187
1350.0	11017.026111230998	-1784.218320680235
1351.0	11299.231548745302	-1777.8497998022851
1352.0	11789.00746175356	-1807.9415207634454
1353.0	11566.419661625621	-1804.8364016428159
1354.0	11411.805570427752	-1485.3425643313506
1355.0	12080.061448117716	-1390.1632842727922
1356.0	11687.182912534014	-1621.5211327926397
1357.0	11763.5791545011	-1560.2319612476178
1358.0	11972.675233863903	-1826.411140236196
1359.0	11944.061040256898	-1410.99862712455
1360.0	12336.107075671707	-1458.2926120780037
1361.0	12125.822700173178	-1833.8152773846498
1362.0	12317.160518148308	-1437.0283041612429
1363.0	12288.301162252717	-1396.1598834823264
1364.0	12260.630244976028	-1363.7318332661368
1365.0	12233.27026898338	-1361.3271435650158
1366.0	12210.269472149172	-1363.5293786971454
1367.0	12279.772122648297	-1394.1093046502738
1368.0	12180.951834763502	-1365.6096999681731
1369.0	12307.716982534426	-1426.3480017442032
1370.0	12146.48757068897	-1367.2866165866346
1371.0	12326.63691442002	-1447.6360263494562
1372.0	11794.546767967644	-1400.0787389773566
1373.0	12103.372138341509	-1370.7669212514
1374.0	12426.736149888378	-1548.3554691778672
1375.0	12252.916525283574	-1840.2571968677755
1376.0	12370.272122450135	-1489.8953707178352
1377.0	12441.01440982459	-1562.7235253875751
1378.0	12384.356159561721	-1504.679893522725
1379.0	12398.40876320761	-1519.3429098102633
1380.0	12446.549078307347	-1600.17295474642
1381.0	12469.775959676002	-1591.2748182897258
1382.0	12414.839628937507	-1545.8163102775043
1383.0	12433.018432228206	-1599.2276829359178
1384.0	12429.128653283638	-1560.2673167032808
1385.0	12498.796108243938	-1619.566207020687
1386.0	12455.358674171051	-1577.0291155518744
1387.0	12513.381739432274	-1633.6231730602442
1388.0	12457.861423080169	-1588.913556981044
1389.0	12358.910314993094	-1845.2960860526616
1390.0	12314.717839597863	-1763.9565497265523
1391.0	12505.104342620229	-1656.8961368325329
1392.0	12491.378907558812	-1656.513768755728
1393.0	12472.336082518295	-1603.1495166483955
1394.0	12557.353596001989	-1675.5259104936802
1395.0	12501.454373154453	-1631.4108031748385
1396.0	12572.091289612306	-1689.4332897030424
1397.0	12527.998662774793	-1647.6273026352528
1398.0	12447.372284545623	-1849.696899770286
1399.0	12519.788242931994	-1670.9263283561343
1400.0	12530.7220162078	-1659.452801049965
1401.0	12601.59486915807	-1717.1355291619966
1402.0	12560.127384343768	-1687.3473306217484
1403.0	12521.225229434423	-1852.379675447083
1404.0	12549.233323921673	-1698.8842705341901
1405.0	12589.624537886799	-1715.0987581837333
1406.0	12594.660937905099	-1754.1982160702248
1407.0	12645.969778160388	-1758.582831887713
1408.0	12616.38518938308	-1730.971105033881
1409.0	12583.137665070746	-1855.4572173464196
1410.0	12638.21418669074	-1783.6902547430566
1411.0	12633.986173688203	-1756.5921241644812
1412.0	12654.8746509704	-1849.3585496788457
1413.0	12693.169901286927	-1850.0473162101741
1414.0	12663.567466099621	-1784.208322706576
1415.0	12678.356890113515	-1798.0183452828471
1416.0	12632.745990820003	-1859.652131455265
1417.0	12648.777095825579	-1770.3999034051628
1418.0	12657.172078279045	-1797.868936709581
1419.0	12707.730780034575	-1825.7687449603015
1420.0	428.49990703378245	-1439.9602546373308
1421.0	232.0979934637459	-1523.911931485038
1422.0	733.7237194878111	-1440.350837892256
1423.0	573.017885811484	-1527.8107582229604
1424.0	1030.7339114025478	-1442.6281683139944
1425.0	880.6490198251946	-1530.4161472463109
1426.0	1177.9081271559287	-1532.6659401266688
1427.0	1472.7712322555708	-1532.7822628473095
1428.0	1470.566693650958	-1701.4356327467142
1429.0	1767.3754286983324	-1532.889449303553
1430.0	1764.7299823727974	-1701.632711649505
1431.0	2061.9790550658	-1534.3049499238657
1432.0	2058.8927010193424	-1703.1381047163657
1433.0	2356.617005029803	-1535.7746741397102
1434.0	2353.0897432624224	-1704.6977213787575
1435.0	2651.2127657866513	-1535.870526757715
1436.0	2647.244596298349	-1704.8834664433098
1437.0	2945.7919293011487	-1535.9666879563372
1438.0	2941.3828520919233	-1705.0695200884795
1439.0	3240.3651817156933	-1536.0630981207469
1440.0	3235.5151967855454	-1705.2558226994367
1441.0	3534.9428257586274	-1536.1600802742548
1442.0	3529.6519331075574	-1705.4426972994925
1443.0	3829.5103039953865	-1536.2856505033762
1444.0	3823.778503623394	-1705.6581599751614
1445.0	4124.09708449749	-1536.355908504561
1446.0	4117.924376404576	-1705.8183104228938
1447.0	4418.6694451302865	-1536.4545339056956
1448.0	4412.055829316449	-1706.0068282705759
1449.0	4713.248448493567	-1536.5533902724962
1450.0	4706.193924958807	-1706.195577083924
1451.0	5007.820258778259	-1536.651995448153
1452.0	5000.324827522577	-1706.3840747061283
1453.0	5302.234568539519	-1535.472705936462
1454.0	5294.2982295629145	-1705.2946776409847
1455.0	5596.744937104752	-1534.1965775535807
1456.0	5588.3676904072245	-1704.108441704651
1457.0	5891.29623768735	-1534.3083725488011
1458.0	5882.478083268899	-1704.310129146419
1459.0	6185.758418185983	-1534.4667038043328
1460.0	6176.49935604661	-1704.5583528484985
1461.0	6480.265848892518	-1534.5766912110566
1462.0	6470.565879032222	-1704.7582327017697
1463.0	6774.811963369787	-1534.689637318432
1464.0	6764.67108578857	-1704.961071255693
1465.0	7069.368441973537	-1534.8032347754227
1466.0	7058.786656671397	-1705.164561159231
1467.0	7363.925733845207	-1534.9174236707895
1468.0	7352.903040822144	-1705.3686425011456
1469.0	7658.481725970084	-1535.0316760143078
1470.0	7953.267158595481	-1536.4338561344096
1471.0	7647.018125226098	-1705.5727872912112
1472.0	8248.175350196629	-1537.7702648020975
1473.0	7941.362650130571	-1707.0648598578603
1474.0	8542.851597317172	-1537.840402144515
1475.0	8235.829934010797	-1708.491160972096
1476.0	8837.413273525739	-1537.9718308873441
1477.0	8530.065273410417	-1708.6511907610611
1478.0	9131.984514558264	-1538.0776565291096
1479.0	8824.186041898063	-1708.8725119504377
1480.0	9426.295245859792	-1536.932998117836
1481.0	9118.31637520966	-1709.0682300387507
1482.0	9720.580269650853	-1535.8162761419235
1483.0	9412.186198790267	-1708.0134640740246
1484.0	10015.12214191017	-1535.9568409823987
1485.0	9706.030314860407	-1706.9866345446599
1486.0	10309.901755920522	-1536.0754870140393
1487.0	10000.131279398804	-1707.2170918316824
1488.0	10606.193204557485	-1534.4896967482973
1489.0	10294.46998568823	-1707.4256303098707
1490.0	10903.294978054775	-1530.1307854789638
1491.0	10590.32052660427	-1705.9297324906763
1492.0	10887.470193959629	-1701.6608174080518
1493.0	11299.732234481766	-1434.5149011804742
1494.0	11173.496026596666	-1692.459570734538
1495.0	11183.398665809224	-1520.8382959047894
1496.0	12693.316597651827	-1811.6424699428173
1497.0	12667.030880654196	-1807.076656501099
1498.0	12741.948285169468	-1855.4475715934898
1499.0	12722.25478748048	-1839.8028713559058
1500.0	12715.3304149466	-1864.6997604662756
1501.0	12139.21602093534	-1705.4241160024687
1502.0	12346.04381611349	-1471.2909298273098
1503.0	12019.36643049188	-1398.0927328574326
1504.0	12053.589579920777	-1789.5959953000468
1505.0	12333.302884273216	-1475.0810002916571
1506.0	12297.557468156798	-1406.923319292386
1507.0	12404.215257827813	-1570.5969526348165
1508.0	12400.645184314972	-1531.283682719927
1509.0	12476.71875744323	-1642.4514418703648
1510.0	12486.871030642133	-1617.3131773140374
1511.0	12535.569830123355	-1698.5147317886474
1512.0	12545.406629058765	-1673.4158428594812
1513.0	12579.84874693442	-1740.3134430234002
1514.0	12574.876071433182	-1701.2422253207671
1515.0	12619.196422602108	-1742.783648278155
1516.0	12624.1532000885	-1783.9379911807648
1517.0	12607.346807691647	-1802.4333160943027
1518.0	12684.468489616467	-1824.4406959686187
1519.0	12654.183204505242	-1830.7012350311209
1520.0	12693.961433812212	-1833.9547486034255
1521.0	11898.499254067528	-1675.5658036744271
1522.0	11445.126801744109	-1712.763026420265
1523.0	11687.215514022782	-1742.5741890739507
1524.0	11665.593077108206	-1405.5871326054964
1525.0	11499.59607835197	-1405.61976408586
1526.0	11471.226687765828	-1591.8608147280847
1527.0	11592.48694615857	-1562.8811336693252
1528.0	12048.7298374978	-1374.3337416896247
1529.0	11853.787585333272	-1432.4144988172764
1530.0	11593.092067385556	-1456.3756228625055
1531.0	11741.384197848305	-1450.803471867294
1532.0	11880.611932273297	-1515.9205761899939
1533.0	11886.229413043433	-1763.9141825012305
1534.0	12089.403222668576	-1426.3724498764504
1535.0	11980.479708922916	-1378.6831694500268
1536.0	12029.611530725888	-1443.6459446193332
1537.0	12335.21548837831	-1449.4794085725916
1538.0	12061.397088165342	-1720.9284877891625
1539.0	12138.308250685579	-1410.3371800264804
1540.0	12193.407175685015	-1803.2829923021163
1541.0	12316.28109459482	-1428.2968925565367
1542.0	12269.802571407468	-1374.5811945400983
1543.0	12258.561475212948	-1389.7613198631004
1544.0	12251.986780317013	-1360.1108268756525
1545.0	12271.544157552065	-1402.2754560179162
1546.0	12243.556439014143	-1366.464584187613
1547.0	12288.74098281763	-1423.3832929687478
1548.0	12223.12656194512	-1369.8876539190903
1549.0	12165.65230000703	-1377.939890639509
1550.0	12252.420352262661	-1382.538507983758
1551.0	12278.999352289296	-1385.3876621519287
1552.0	12261.289381761888	-1372.4876911974104
1553.0	12230.000068255018	-1383.5609837579652
1554.0	12270.487328579393	-1383.31893398951
1555.0	12197.11885141513	-1374.1757943441382
1556.0	12307.90605419011	-1444.6754787378252
1557.0	12276.636885953447	-1419.2478810117273
1558.0	12200.323919578228	-1394.0263563049105
1559.0	12306.882423033176	-1417.6156346662563
1560.0	12289.071720325255	-1404.895020991323
1561.0	12291.156204615238	-1436.5457841733305
1562.0	12298.34765826697	-1415.6413325812428
1563.0	12229.640055158367	-1413.1150012849876
1564.0	12128.081732962397	-1383.1056032077686
1565.0	12310.698680175372	-1458.011281113995
1566.0	12325.731111485211	-1438.9179167157142
1567.0	12243.33087417393	-1380.1364073644452
1568.0	12670.170046748797	-1821.8614326957004
1569.0	12637.678312466676	-1817.3848053320028
1570.0	12181.279723137452	-1412.6890577016236
1571.0	12095.9976779816	-1620.398876414318
1572.0	12327.158427746888	-1466.2301515767756
1573.0	12277.757813571245	-1409.4776223231593
1574.0	12280.416078472335	-1447.4710329201853
1575.0	12220.348046622166	-1397.0532704967927
1576.0	12258.845533826616	-1399.9961993931613
1577.0	12260.243309601274	-1424.309210008857
1578.0	12345.661645136192	-1495.0690784535336
1579.0	12301.597439565827	-1437.5361908637724
1580.0	11955.91512459492	-1467.018186941086
1581.0	11992.752583132562	-1669.3952538985084
1582.0	11843.56607156046	-1593.0133057303974
1583.0	12023.46565789234	-1533.306305753161
1584.0	12214.689462804456	-1432.21960775104
1585.0	12162.775120217886	-1405.1686864121873
1586.0	12068.316712282669	-1456.0961190551834
1587.0	12138.619095175585	-1465.0689144813039
1588.0	12122.940430615548	-1434.2076636737695
1589.0	12302.152025598078	-1486.1360261579966
1590.0	12360.260438363423	-1512.489588401756
1591.0	12320.858947068375	-1459.0822161711546
1592.0	12608.339252137519	-1754.4093038973815
1593.0	12643.806352335081	-1799.3372832050643
1594.0	12558.015431034451	-1807.7747777764662
1595.0	12622.732504751153	-1768.6569321196394
1596.0	12586.698987081909	-1797.1626031298538
1597.0	12609.06467948723	-1768.4692721719696
1598.0	12564.106282395185	-1712.6656114380976
1599.0	12580.362660467747	-1768.812401955217
1600.0	12593.53517403848	-1740.5538611261402
1601.0	12486.834542137614	-1795.70037985215
1602.0	12578.745496676538	-1726.6752166280194
1603.0	12570.486418887507	-1759.551615286682
1604.0	12589.837554214842	-1778.4796182686462
1605.0	12554.245679730266	-1760.5130647066487
1606.0	12565.185354112933	-1726.291071940828
1607.0	12488.20896077792	-1733.8191074355288
1608.0	12524.447427183075	-1732.2484346312615
1609.0	12550.427440152214	-1712.3936157328144
1610.0	12410.187645067583	-1781.1950776705778
1611.0	12534.516923602221	-1684.867724242007
1612.0	12511.176462900019	-1703.3179027151089
1613.0	12520.843395671027	-1684.5268171825935
1614.0	12461.24783193809	-1614.7217580276936
1615.0	12506.100505447741	-1670.5464860910781
1616.0	12416.700100333597	-1704.4254760302886
1617.0	12471.026567012776	-1668.0701582198942
1618.0	12490.415925332241	-1642.855742720666
1619.0	12417.920551398185	-1571.3881134980068
1620.0	12475.83212766364	-1628.7534726178876
1621.0	12452.007286361748	-1771.681514898177
1622.0	12490.74113461354	-1687.5918647332246
1623.0	12451.51587970842	-1649.42995015631
1624.0	12462.13190899758	-1628.4660497674538
1625.0	12389.259079645883	-1542.343710657415
1626.0	12447.375364322974	-1614.1064574343998
1627.0	12375.089162022361	-1527.632393481389
1628.0	12386.380457973608	-1635.7721144834986
1629.0	12432.432819594726	-1585.55552558236
1630.0	12404.756783359087	-1598.6000471846828
1631.0	12418.778410769113	-1584.7834918009687
1632.0	12403.526838762393	-1556.9369969397274
1633.0	12198.992988202617	-1743.5593384308193
1634.0	12149.029689078236	-1655.8191821912317
1635.0	12368.755216097756	-1751.8569048672207
1636.0	12203.214178187189	-1639.861401971798
1637.0	12414.204204181287	-1608.2638083907032
1638.0	12389.811975200037	-1556.0533207938151
1639.0	12356.197786115541	-1552.0722315846835
1640.0	12375.57568162598	-1541.3797915954926
1641.0	12346.158325845827	-1541.9017953737964
1642.0	12331.252427229998	-1487.1271989069462
1643.0	12360.817668421718	-1526.2847782921965
1644.0	12316.78176388224	-1493.4222794102059
1645.0	12345.656204785782	-1508.9756007462556
1646.0	12017.539504805929	-1618.470576334901
1647.0	12002.578893494945	-1480.2559410284632
1648.0	12550.047865213573	-1740.8907477561754
1649.0	12539.973978136579	-1785.4256257305894
1650.0	12521.008640117567	-1712.6588158991226
1651.0	12328.960588799642	-1520.6216418783597
1652.0	12261.607280322552	-1439.3698707127323
1653.0	12314.495365802293	-1513.0102000888974
1654.0	12374.588739302895	-1571.6316824664361
1655.0	12379.05733434832	-1591.1261878280459
1656.0	12290.3898149395	-1719.7279676396486
1657.0	12328.905479801388	-1539.7526466154598
1658.0	12367.819145702031	-1616.7053820214371
1659.0	12354.657948238302	-1568.6145123192273
1660.0	12431.550066886295	-1629.5536157400502
1661.0	12394.968989310883	-1589.207781850514
1662.0	12411.909552823747	-1624.6562385068557
1663.0	12377.468706526814	-1718.0848561512942
1664.0	12461.241703084086	-1658.7014447387303
1665.0	12414.719043478735	-1672.5620311965858
1666.0	12356.756318335	-1686.0159100606613
1667.0	12434.80650521225	-1651.1328167222002
1668.0	12459.674974494674	-1738.8457775563866
1669.0	12444.879449669994	-1709.6955028572747
1670.0	12494.761939326789	-1706.762792530796
1671.0	12469.39263123999	-1685.4979049388455
1672.0	12508.062271416658	-1749.9638363519805
1673.0	12540.202733419399	-1731.6136957194105
1674.0	12295.076746572255	-1519.8050406588764
1675.0	12300.317965526498	-1469.9191618826956
1676.0	12087.807626207024	-1498.5617758251583
1677.0	12186.353257827483	-1434.8205783595583
1678.0	12287.352503969858	-1502.344079026978
1679.0	12069.989209047642	-1539.161966114006
1680.0	11983.041128499173	-1571.2470732424154
1681.0	12124.572801152966	-1499.6993574539595
1682.0	12149.948727961948	-1527.700204578323
1683.0	12307.035204389884	-1554.9654447471785
1684.0	12108.02285283015	-1579.0310336826776
1685.0	12248.66561349362	-1412.2596946955343
1686.0	12247.062692396988	-1449.042669526001
1687.0	12283.639298725839	-1463.9242010335902
1688.0	12151.21719679851	-1566.4316905181938
1689.0	12249.773391522403	-1580.2034745891542
1690.0	12186.97273679095	-1482.5023724987784
1691.0	12385.93351030264	-1662.0987061910785
1692.0	12333.042677167803	-1586.0675849329525
1693.0	12169.797564624963	-1461.6479991730967
1694.0	12268.600420211556	-1477.5422462279673
1695.0	12250.832612032487	-1470.7618769278308
1696.0	12287.671694158098	-1542.6292805800574
1697.0	12323.714803247582	-1675.5593766896839
1698.0	12341.735279586108	-1614.6639492735524
1699.0	12205.470736310928	-1533.451026959225
1700.0	12307.416182182415	-1579.5051947508184
1701.0	12280.081186102581	-1628.4993491709802
1702.0	12260.634745338713	-1549.1953577792526
1703.0	12270.479565383996	-1499.7452599460541
1704.0	12318.99865256898	-1638.4237608687997
1705.0	12230.912555316814	-1484.786875296639
1706.0	12223.979209800236	-1447.7665124612247
1707.0	12189.714039604112	-1570.7795812294037
1708.0	12246.259581480459	-1656.5419719487354
1709.0	12277.19131813432	-1598.177147393599
1710.0	12209.617856197396	-1593.845106389598
1711.0	12251.166859167008	-1523.7722987771476
1712.0	12229.367657278897	-1515.5942834278687
1713.0	12212.818176989247	-1471.2218563954245
1714.0	12181.170194150553	-1513.924134931349
