1.0	26603.42176286208	-1572.2398742734752
2.0	26209.931858563523	-690.1231843003869
3.0	26355.12082399371	-779.9791594538921
4.0	26560.053168191454	-697.5622069333517
5.0	26641.587217516775	-1628.3675479480023
6.0	26405.1163327312	-1159.0476684564646
7.0	26543.983461838583	-1464.6621425983558
8.0	27214.285481413797	-1585.1259287646942
9.0	27329.298120435484	-1484.511218537805
10.0	28205.97676575212	-1491.040425322668
11.0	28429.03479715463	-1325.3031211469222
12.0	28863.21988589942	-1331.6777228079566
13.0	29285.447808437104	-1329.9538488294872
14.0	29718.82170808183	-1313.1847065533188
15.0	30167.74179353724	-1314.589209779427
16.0	30619.773624292124	-1317.2223006174083
17.0	31071.96922877157	-1321.2846092533953
18.0	31523.308013587917	-1326.1075107023153
19.0	31971.191936127714	-1333.145217638239
20.0	36259.91708109699	-1550.231823563241
21.0	36492.43370911561	-1380.6825550558235
22.0	36942.79934331572	-1382.3351485448165
23.0	37394.414831752016	-1384.844386724837
24.0	37847.97219739197	-1387.113254389431
25.0	38309.67530404109	-1388.8632558439033
26.0	44850.46363485211	-1589.2454386967356
27.0	44637.27613011133	-1403.5548859048768
28.0	44843.743062951624	-868.1295107871264
29.0	41027.718505925644	-846.4220191175192
30.0	39117.210902089304	-838.2160603041453
31.0	43834.41458552226	-857.6247952315725
32.0	26998.67217510052	-718.7748672151694
33.0	33051.589300405096	-806.4783488039375
34.0	26751.349428934616	-1600.50103334753
35.0	33518.23796943981	-808.9637588767332
36.0	27427.40028939562	-736.0899749775864
37.0	27876.678487533238	-735.5957377293807
38.0	33985.39358702864	-811.554006860867
39.0	27618.651817725975	-1442.2017858538377
40.0	34452.621891110415	-814.1220224686357
41.0	28311.322336204834	-803.5015172580341
42.0	34919.81305743461	-816.6330169329644
43.0	28933.659932770675	-987.0809848230907
44.0	35386.642682032085	-819.1154741596682
45.0	29358.093760641146	-795.0242585158934
46.0	35851.55727770298	-820.4294504952437
47.0	29818.917817912832	-797.2691474666002
48.0	30282.504001945887	-799.2961681234265
49.0	30746.44163783848	-801.8122056016651
50.0	31210.195358939134	-804.6351268793388
51.0	31673.280461195012	-807.5525632203639
52.0	32133.58195019173	-812.3397218519962
53.0	32588.74972102443	-802.4372619705833
54.0	32411.155947077244	-1327.5390945725105
55.0	33095.4059989452	-1503.2134172853155
56.0	33307.637811586355	-1327.4528280661357
57.0	33765.935768061194	-1332.1189468902132
58.0	34224.815187387714	-1336.7457949207135
59.0	34683.7323628992	-1341.1038893210923
60.0	39592.35418042972	-840.6033454925655
61.0	40075.7830049856	-854.5330220487502
62.0	35142.25345710922	-1345.1767579912002
63.0	35598.50002331794	-1347.8713740534656
64.0	40558.63811311001	-844.5647153091622
65.0	36310.32303387438	-836.9899823983602
66.0	36772.80090037087	-838.0388780871023
67.0	37236.18215541458	-840.1762232746729
68.0	37699.90910212251	-842.1884146658869
69.0	41495.45294379726	-848.102397657087
70.0	38165.23166597032	-844.173393614945
71.0	38637.10379873376	-845.7360755237029
72.0	41962.71672219923	-849.9243172594239
73.0	38786.16293395256	-1381.0575504482338
74.0	39265.92228433528	-1374.044386019078
75.0	42429.92022384884	-851.7838351064905
76.0	39917.835632702736	-1572.022685671937
77.0	40216.908963479895	-1573.5910964623017
78.0	42897.18683643199	-853.6750713123266
79.0	40686.323609450475	-1563.8442127717638
80.0	41141.9631945536	-1565.9181068221242
81.0	43364.98076461563	-855.5299816305497
82.0	41596.2579718622	-1567.8107590590098
83.0	42050.081934864174	-1569.841137574768
84.0	42503.84393458386	-1571.9058001415879
85.0	42957.67036683018	-1573.9993909640252
86.0	43868.01735408753	-1578.3474653787023
87.0	43412.02451329498	-1576.0543695552497
88.0	44318.041684114076	-860.3977378222999
89.0	44103.43901754016	-1394.9643924845902
90.0	26481.576677737652	-1329.865529155434
91.0	26698.56664732879	-1651.4419963538073
92.0	26316.471500513682	-940.2956539559458
93.0	26848.94000128846	-829.3714954900314
94.0	26441.42533914244	-1025.1518379943311
95.0	26615.240248887567	-1508.6990611267217
96.0	26997.10775997222	-1611.1893599379794
97.0	26508.4515889483	-1225.6322345811361
98.0	26563.43819474419	-1381.7576767263747
99.0	26672.259545740566	-1367.4921610347471
100.0	26642.88373756116	-1190.2973491603454
101.0	26700.82615500642	-1456.6876105292577
102.0	27209.057078553302	-1034.2927261233137
103.0	27482.7508911039	-1551.4857736199167
104.0	27990.255622016713	-1381.8232728346823
105.0	27545.284913132764	-1222.2102760590435
106.0	28491.188385017453	-981.0661659245752
107.0	28640.29402399833	-1483.4555887693002
108.0	28772.887658732405	-794.6218955620874
109.0	29074.963359038014	-1499.2668725084613
110.0	29206.35216058265	-986.1416991196689
111.0	29509.56277023353	-1480.8099016637664
112.0	29646.448346343896	-971.2112131152641
113.0	29956.94519668452	-1480.3612009471262
114.0	30102.087776503482	-973.4706497369556
115.0	30407.09085798777	-1481.6357938971269
116.0	30560.840785283992	-976.0012348861792
117.0	30857.5823744861	-1484.9901599300395
118.0	31019.76133113209	-979.3277206562501
119.0	31307.88192682307	-1489.6439208896918
120.0	31477.829343343474	-983.0556052891073
121.0	31757.505944116263	-1495.0019589958877
122.0	31932.445123450914	-988.747727275923
123.0	32204.34113781058	-1502.656353746522
124.0	32828.38011120341	-973.7461070064006
125.0	35814.599991347786	-1532.3191005166339
126.0	36978.08684525299	-1024.9333407210813
127.0	36520.998534857936	-1023.75957283061
128.0	36708.94857269128	-1552.3636681360513
129.0	37158.88524936984	-1555.352013509221
130.0	37436.424235859486	-1027.0704043140242
131.0	37609.16896013694	-1558.0205497976751
132.0	37896.70293527007	-1029.0551016684549
133.0	38061.04941139714	-1560.504512639395
134.0	38365.126820736165	-1030.5902895404295
135.0	38519.47997028124	-1562.4461090316224
136.0	38848.335245710005	-1022.6204832437883
137.0	40389.332138724036	-1391.313694680907
138.0	41327.10004034854	-1382.9320183679213
139.0	38986.14605840634	-1555.2222333008597
140.0	43164.13295135584	-1389.9735761228476
141.0	27211.742323763658	-843.726435104602
142.0	27047.33077511594	-1398.2110906839032
143.0	26596.814700950137	-976.5759596513223
144.0	32646.03853139387	-1495.8987748447444
145.0	26828.663085957724	-1641.1255519610058
146.0	27088.375015267706	-1532.9900142650295
147.0	27060.880902316432	-1125.5269754435515
148.0	26898.499811752565	-1574.663695854492
149.0	26858.750718676845	-1475.7367430210227
150.0	33289.097548473634	-978.2601309267089
151.0	33548.5829766617	-1508.9520869085761
152.0	27644.06409051892	-858.633943935325
153.0	27276.070091125734	-1328.7803604685105
154.0	28063.66769500844	-924.0521276282069
155.0	27800.193529213804	-1537.0670698157055
156.0	33754.13102395202	-981.3233159977971
157.0	34002.26938404804	-1514.6263260701387
158.0	27678.62090306247	-1094.9950418774108
159.0	27942.04990045859	-1159.7427546911822
160.0	34219.74413447747	-984.4691066038581
161.0	34456.032513181555	-1519.9669564164694
162.0	34685.392793738305	-987.535643690114
163.0	34909.76331018989	-1524.8613981598382
164.0	35613.61618263805	-992.3005829717425
165.0	35150.64277351484	-990.5166223953047
166.0	35363.13720630636	-1529.3464008372866
167.0	36068.52572333519	-1008.1626182245931
168.0	36046.6845963001	-1364.4814771642602
169.0	32379.143572135177	-981.619953040301
170.0	32853.65654663079	-1321.288478348352
171.0	39334.814816260805	-1015.4752802268091
172.0	39447.848163952345	-1557.859893687663
173.0	39824.61610801196	-1029.7797689855724
174.0	39749.0026234601	-1388.4672113884008
175.0	40322.12922954711	-1031.7286658163277
176.0	40865.77650650554	-1381.2996584972777
177.0	40805.29391934201	-1021.6051898992554
178.0	41273.337938884106	-1023.1303992613384
179.0	41786.60827061304	-1384.5269667127416
180.0	41739.56534401254	-1024.6202244174017
181.0	42245.58409898342	-1386.2992669009675
182.0	42205.261812918965	-1026.2891888809636
183.0	42704.56254067715	-1388.1393569631182
184.0	42670.96111600658	-1028.0274699480249
185.0	43137.250845628216	-1029.7611434862426
186.0	43605.70778357333	-1031.6983944196468
187.0	43625.86942652506	-1392.0103497077416
188.0	44630.55555821084	-1043.0459201952676
189.0	44089.997891926614	-1034.553677625555
190.0	44338.2033816281	-1581.3174183909439
191.0	27356.15595720094	-1175.763405755828
192.0	26916.314426744724	-1377.483483523384
193.0	26925.77142750504	-1121.7414805754051
194.0	26760.89873058676	-1496.5280306697339
195.0	26853.887388769665	-1270.1030450856076
196.0	27120.01321195228	-1294.6161471142732
197.0	26848.768321672836	-1016.7431190651332
198.0	26724.830177346874	-1280.2651280430157
199.0	26676.793206519123	-809.3028230923968
200.0	26694.937843151754	-1075.1369046926654
201.0	12378.257056038847	-1444.3020953832045
202.0	20447.641572705365	-1524.6383001766405
203.0	25599.189131402603	-698.4158087873049
204.0	25856.19445948227	-1547.9900279033827
205.0	26425.444093580376	-1556.6011089214007
206.0	26381.188722185136	-1388.646126115321
207.0	12386.30589023293	-1436.8396930738775
208.0	12407.205206839715	-1431.2402198100433
209.0	12435.052189052707	-1424.0363243220954
210.0	12471.730069848918	-1415.4205928536692
211.0	12612.59229369836	-1407.7039328204974
212.0	12645.480154206061	-1377.2785420909856
213.0	12574.173887125871	-661.6566318753356
214.0	12840.528200275281	-1342.176678970359
215.0	12822.581225867621	-1262.094292420007
216.0	13219.529181652482	-1341.9186250278815
217.0	13108.08434939204	-1166.399609383044
218.0	13777.691913076027	-1347.8944704340072
219.0	13679.143013475586	-905.9284417638986
220.0	14338.496988700861	-1358.389343807083
221.0	14299.824032459395	-782.8378267947534
222.0	14441.437965888714	-1111.8592524438227
223.0	14661.272612001187	-1120.7419361213051
224.0	14891.371668603495	-757.816244547202
225.0	15266.761547173182	-1409.0934089725988
226.0	15200.00137898357	-733.3895761164171
227.0	15505.328539837697	-729.6496544342489
228.0	16048.588735749227	-1458.1598952438355
229.0	15850.974747131033	-1438.1502700028095
230.0	16248.93402680633	-1461.6817093207935
231.0	16448.359910618467	-1472.3853747259307
232.0	16862.14551825001	-651.270866795545
233.0	17012.210714557106	-737.1029545975695
234.0	17447.695708346204	-1470.4432323701103
235.0	17350.540025639373	-1244.56412866009
236.0	17616.201897276726	-739.698796976746
237.0	18047.678752462	-1482.346781023477
238.0	17951.642049974485	-1255.6864078107744
239.0	18218.845123357733	-743.1801792880601
240.0	18647.468714359085	-1491.7960850992258
241.0	18550.850395005575	-1264.0803671269648
242.0	18821.355731902066	-747.6959452724836
243.0	19247.61073022487	-1501.5030205312723
244.0	19151.231937513603	-1273.4840530568756
245.0	19423.929543141963	-752.5573839078271
246.0	19847.71796939937	-1513.3926927438872
247.0	19752.03764893498	-1285.799543205656
248.0	26031.778062538677	-777.3650837202345
249.0	20351.569576388254	-1296.7898968865156
250.0	20629.119331427402	-766.2781809165945
251.0	21047.348365418307	-1534.95905425279
252.0	20950.52091900885	-1307.6588428017083
253.0	21231.56329548674	-771.0183215572137
254.0	21647.029674127552	-1542.2725386524482
255.0	21549.277572691142	-1315.5193459231232
256.0	21833.962446558693	-775.6218333455257
257.0	22246.775825212084	-1546.389304847765
258.0	22147.98942854072	-1320.0932563194995
259.0	22436.64697094477	-778.1806848007303
260.0	22846.722605717998	-1548.436825350618
261.0	22737.948918082762	-778.177612405187
262.0	23039.126199439313	-779.2898550781364
263.0	23446.699398690693	-1548.8704804703004
264.0	23340.568418001796	-780.4077255090912
265.0	23641.82141143006	-781.3520337717374
266.0	24046.78103351197	-1548.881536849816
267.0	23942.996313461994	-781.4324185744381
268.0	24244.71820104144	-782.3870885373389
269.0	24646.92301217574	-1549.576612797423
270.0	24548.925379310767	-784.7189276424269
271.0	24853.023606732564	-784.5107838114294
272.0	25447.42315667935	-788.5440477604443
273.0	26149.521222015464	-1022.0206599903258
274.0	26265.852732582174	-1240.9521967135786
275.0	25983.696216172157	-1460.082652341934
276.0	26536.295089495597	-1594.6873036072536
277.0	26257.032185153283	-1569.7980978295436
278.0	26494.00246996338	-1528.05426502689
279.0	11748.022485905632	-551.2704524633928
280.0	12286.752448632671	-1354.4429790220272
281.0	12305.742630346174	-1367.4376935613616
282.0	12337.961070295272	-1408.9994814175998
283.0	12358.732015205067	-1430.5299117561638
284.0	12348.323583377627	-1419.796656787914
285.0	12369.075158550855	-1441.1889677328202
286.0	11754.26658549464	-554.7011236337573
287.0	11761.377901869791	-551.3350745867926
288.0	11768.829324540566	-588.1382240467434
289.0	11783.641444556015	-605.7085384471894
290.0	11829.386551155612	-557.9030921649918
291.0	11796.623902751431	-641.1961600835106
292.0	11845.643896004765	-570.0595220227873
293.0	11833.964883131192	-660.0925521786381
294.0	11824.996482481461	-693.966923758683
295.0	12296.89106319265	-1365.442630322008
296.0	11840.246483700294	-711.2095977839454
297.0	11847.46568205139	-724.3269221905888
298.0	11854.735242813678	-737.4208893495376
299.0	11890.790729584945	-717.4192022674124
300.0	11869.248821857705	-763.5809189276911
301.0	11883.114289723728	-798.7533969321279
302.0	11890.483827397484	-811.7711603533189
303.0	11920.447969310306	-863.633002548187
304.0	11912.9034371905	-850.7139998003317
305.0	11936.2729771197	-880.3133655803655
306.0	11951.727402691155	-905.8781638150558
307.0	11958.00272642002	-880.4576476393128
308.0	11983.219759076143	-965.5200810458322
309.0	11998.511334604804	-943.378717632481
310.0	11943.469140256244	-902.1580166962158
311.0	12016.56451972034	-1006.084545119444
312.0	11905.359675059563	-837.7684764348929
313.0	12033.807737609923	-1039.6069474302926
314.0	12384.778295918071	-640.402823471016
315.0	12069.140691393286	-1087.8888415615813
316.0	11875.765700765847	-785.6880333710028
317.0	12087.150986883518	-1111.834079549858
318.0	12078.135127253954	-1099.884115556374
319.0	12104.832136764237	-1126.5134427851729
320.0	12113.989511153579	-1138.3828976107634
321.0	12123.151453141994	-1150.2343433060657
322.0	12141.551615128117	-1173.7549174923888
323.0	12150.847045767952	-1185.516398030619
324.0	12160.171773685928	-1197.193101430715
325.0	12178.884962355223	-1220.5004986129395
326.0	12236.154330020283	-1289.496504543785
327.0	12255.706424437793	-1312.0727973715377
328.0	11775.66813531881	-601.4334031710761
329.0	11803.661518200699	-654.3926642911879
330.0	11832.195517296546	-707.0755397071874
331.0	11897.90610032359	-824.753686141858
332.0	11928.053928672854	-876.5068233804959
333.0	11959.257710853975	-927.5718353011571
334.0	11762.56157637752	-573.997995783949
335.0	12327.61496661696	-1398.161075896978
336.0	12042.522163145766	-1051.7450595961784
337.0	11975.27824064332	-952.9439343772507
338.0	11991.446230227315	-977.9890521938136
339.0	11782.771395915881	-574.5037178779172
340.0	12025.1525844012	-1027.390004866393
341.0	12008.115801333797	-1002.8119011436335
342.0	12132.89620283463	-1171.0478336452215
343.0	12096.20735785173	-1123.703069191387
344.0	12060.154713206446	-1075.9084081098656
345.0	11789.608769840539	-627.9495292567534
346.0	12317.320877990554	-1387.3062812403234
347.0	12227.405805531627	-1287.1230971319467
348.0	16846.290861914473	-1464.860858366703
349.0	11810.751966692222	-667.5753349898105
350.0	12266.709113462928	-1332.2417181060966
351.0	12246.932006661344	-1309.7954602145007
352.0	12208.11259793934	-1264.2460598641853
353.0	12170.191090469263	-1217.9240424923073
354.0	11888.493801827017	-576.9671262290459
355.0	12276.747691527336	-1343.3694498666166
356.0	11861.140930918249	-759.5398296750064
357.0	12019.251815068199	-595.0764415660628
358.0	11967.427401605555	-940.1477096045434
359.0	12051.345953169026	-1063.7956894652204
360.0	16646.202707170505	-1466.4203739718887
361.0	12548.20176646126	-1417.177156197212
362.0	12788.822975269572	-1386.0836889581435
363.0	13050.56348278241	-1361.5250544034109
364.0	13407.372771204004	-1331.0128579432615
365.0	13591.107512660195	-1354.7910809277357
366.0	13964.995371149185	-1337.3525573310908
367.0	14151.46158723456	-1353.5794502738593
368.0	14527.193915207945	-1366.8309448576172
369.0	14897.153210269067	-1400.5906753880947
370.0	15081.842023075444	-1400.3824043664788
371.0	15453.315054163579	-1420.6946445284245
372.0	15649.988825565788	-1426.5651054124992
373.0	15809.788805041282	-733.8135503689882
374.0	16108.182384451786	-927.9317745858589
375.0	16375.125169040892	-1265.8085362976483
376.0	17046.62938203062	-1465.3594065733375
377.0	17247.29992814527	-1466.9582000411076
378.0	17647.776202797104	-1474.05995669583
379.0	17847.807374079803	-1478.660477238164
380.0	18247.519287898827	-1485.3456703531303
381.0	18447.49064406956	-1488.948401502702
382.0	18847.455309722656	-1494.8266641478556
383.0	19047.51738776723	-1498.0146262691353
384.0	19447.670384188157	-1505.6456748006965
385.0	19647.726783510687	-1509.4639224072882
386.0	20047.709028520287	-1517.352157659293
387.0	20247.693725921195	-1521.0447489670878
388.0	20647.5749004852	-1528.4934675824234
389.0	20847.473551422183	-1532.1871463961807
390.0	21247.228533712707	-1537.9678525528723
391.0	21447.12200130906	-1540.2942393186447
392.0	21846.949236176646	-1543.932615721722
393.0	22046.881024205093	-1545.30283416592
394.0	22446.80267678524	-1547.2572721694478
395.0	22646.724808328985	-1547.9377456674454
396.0	23046.694776459408	-1548.5070542428668
397.0	23246.68337787491	-1548.732365260541
398.0	23646.72056571992	-1548.974208927937
399.0	23846.75296761569	-1548.8178698880365
400.0	24246.812547914375	-1548.9780154911452
401.0	24446.87656978214	-1549.143940011386
402.0	24847.004998356493	-1549.6551293749274
403.0	25047.105887748785	-1549.8361510660231
404.0	25736.622460022423	-786.9685196667486
405.0	25448.1789648803	-1550.738306585342
406.0	25649.233525367945	-1556.4787542220045
407.0	25247.566620798458	-1550.1124529439774
408.0	25847.914621376185	-1055.2049908872061
409.0	26189.966427720403	-1481.1765527120126
410.0	26363.616202128494	-1503.738827052999
411.0	25998.519469935865	-1293.2987487920916
412.0	12476.719866953674	-600.348926875164
413.0	12397.555049982808	-1441.253792835421
414.0	12375.412316939563	-1421.3981903526176
415.0	12421.923036649541	-1436.816646199536
416.0	12217.745277109925	-1275.7262125231762
417.0	12454.954692482432	-1431.6169297620174
418.0	12198.579567520637	-1252.7609774510822
419.0	12352.13292427817	-1389.0934320250806
420.0	12189.074113773526	-1241.1815936177752
421.0	12496.46258703385	-1425.1237294074253
422.0	12393.221599094302	-1389.0416260765094
423.0	12294.386747740335	-1327.5992457531247
424.0	12630.13548880381	-1220.770912991659
425.0	12517.268985469813	-1404.7651190241215
426.0	12754.32108260491	-1241.2861677779917
427.0	12648.035633734946	-830.5282458719745
428.0	12691.846370698722	-1397.5362430965579
429.0	12690.906157739933	-612.6273955268856
430.0	12629.466704724937	-1324.6660547438605
431.0	12951.968195753236	-631.5293338330956
432.0	12907.03118821325	-1373.6135034720098
433.0	12957.591129920858	-941.1266466442521
434.0	12812.03461362543	-691.8699279111383
435.0	13243.639408628216	-658.7534193025292
436.0	13129.06941160518	-1291.6898399888846
437.0	13537.549517811232	-649.8860412034023
438.0	13091.723206822671	-736.8835748477077
439.0	13383.583844040304	-754.0436717816982
440.0	13850.520703288517	-656.9008374382475
441.0	13286.520931151486	-1080.377613169038
442.0	13555.371444293094	-1143.0678637931844
443.0	14150.908221384738	-672.7531075962889
444.0	13689.9037326455	-750.9666105606599
445.0	14001.833672522771	-772.6056640043024
446.0	13867.304278639365	-1085.1150463345955
447.0	14313.678537669644	-1003.3803806258717
448.0	14060.08145729357	-1272.647473203588
449.0	14449.939826921383	-668.3610131779427
450.0	14745.324101548782	-670.4623044800368
451.0	14712.449262301321	-1377.387147686035
452.0	14435.923970001111	-1293.3299439655718
453.0	14592.811148927203	-779.319010729257
454.0	14992.022842069075	-1343.0076451300242
455.0	15049.929110293915	-648.0862599451317
456.0	14787.664383448284	-1072.4582735049905
457.0	15197.994616638913	-894.9596548064625
458.0	14967.826122846063	-1218.2340476202116
459.0	15355.382575625097	-647.263648998496
460.0	15553.003929565617	-1359.0353957431746
461.0	15656.68503484428	-645.5743512122076
462.0	15324.682752473995	-1130.783513587324
463.0	15805.029953849944	-895.7296504707587
464.0	15952.739717973482	-1384.711915387342
465.0	15537.784980810653	-1217.1567245009992
466.0	16259.736704309156	-660.3224944414925
467.0	16150.93593782484	-1398.0898183422116
468.0	16560.689864947297	-659.2306849761134
469.0	16350.841003716	-1404.8105355447954
470.0	16746.073636272904	-1397.3676946951582
471.0	17163.948085419976	-655.1604983247001
472.0	17465.825012088142	-652.9249830265077
473.0	16838.698906597532	-985.7291888684916
474.0	17147.465830403347	-1397.865875559283
475.0	17314.461444699	-737.529057879288
476.0	17749.12945405723	-1408.2315438123662
477.0	17767.117301693932	-658.5582503714021
478.0	18068.727267384864	-656.391684640257
479.0	17751.727430640698	-1259.790692971813
480.0	17917.67538887721	-741.9374856412511
481.0	18348.578928246687	-1418.5563121598118
482.0	18369.71579987069	-661.0289569674552
483.0	18671.49453431434	-659.7530520101444
484.0	18350.994672969606	-1260.807258183305
485.0	18520.183626590966	-745.3135337087033
486.0	18948.532695951857	-1427.7794470084284
487.0	18972.316668878033	-664.6393814804798
488.0	19274.213732816268	-663.2424537967222
489.0	18950.902464857933	-1270.0199320283289
490.0	19122.646166707756	-749.9573341098172
491.0	19548.966026177888	-1439.602013453198
492.0	19575.028809008476	-668.4674442277338
493.0	19877.05579915259	-668.3617333412989
494.0	20149.003758740942	-1451.1205877231466
495.0	19551.76180434681	-1283.6298000176218
496.0	19725.342845782052	-756.4486505031597
497.0	20177.51560411211	-672.9717855180521
498.0	20151.349671447595	-1299.4289681585924
499.0	20479.9602746595	-673.5902951177919
500.0	20026.40087718945	-759.7249788442338
501.0	25892.750364923588	-693.4934969301995
502.0	20327.87658900012	-763.7255276714828
503.0	20748.670578341833	-1462.234503680835
504.0	20780.187110235638	-676.752451712408
505.0	21082.761957343766	-677.9240319971567
506.0	20751.01276376256	-1310.4461881038442
507.0	20930.492250415435	-769.3839048467152
508.0	21347.953696999462	-1471.168852850404
509.0	21382.686919003183	-679.6148813721506
510.0	21685.483731772867	-682.120555852594
511.0	21349.758739747067	-1313.41752122682
512.0	21532.856306219608	-773.9868324634067
513.0	21947.37623495092	-1476.6581020063807
514.0	21985.221823038508	-682.4778952035139
515.0	22288.430754555873	-684.5341074774029
516.0	21948.441931112422	-1318.8685429987163
517.0	22135.48070564546	-776.8073720210906
518.0	22587.816852034055	-685.0792209323976
519.0	22861.73381188945	-1052.3750698746305
520.0	22547.542037759264	-1321.7846174109243
521.0	22891.161465390105	-685.759048031104
522.0	23190.422897086843	-687.4194765545909
523.0	23462.279900464822	-1053.4703237481729
524.0	23146.951021675734	-1322.5316738961683
525.0	23494.03244764883	-688.1049314113029
526.0	23793.104654211336	-689.5917977664814
527.0	24063.050996774502	-1053.402620478358
528.0	23746.88845910553	-1322.6849003533807
529.0	24096.636113377008	-689.4133291632478
530.0	24396.25530548702	-691.7744806786263
531.0	24647.468252936644	-1234.3352856586905
532.0	24347.11313676095	-1322.8466394430445
533.0	24702.27205534258	-692.97318121758
534.0	25151.44508557803	-784.1506017192565
535.0	25001.782296605048	-692.794349796873
536.0	25556.500142415534	-1069.799300385236
537.0	24800.6465774253	-1055.90554729189
538.0	24947.641991571927	-1323.446198760929
539.0	25596.85857622496	-1339.105829676193
540.0	25302.12229788428	-693.8410120746512
541.0	26135.211460495204	-1188.781372285825
542.0	26010.016749470644	-948.9460649081198
543.0	25738.171841861174	-1335.4844462502813
544.0	26074.449268190267	-1533.367643703028
545.0	26268.800033246767	-1366.3173597981374
546.0	12398.444687961683	-1417.9392724550223
547.0	12307.092403230607	-1376.4117199808336
548.0	12326.187733735334	-1389.2013867886556
549.0	12322.023221313319	-1367.3108216893372
550.0	12357.232081555645	-1421.583397702126
551.0	12368.552947627111	-1414.3688205561157
552.0	12367.564240404688	-1432.2021822036306
553.0	12346.852778526498	-1410.8469594764065
554.0	12354.922229809565	-1402.386166225393
555.0	11754.258875471278	-562.2360192193499
556.0	11777.065481801348	-554.5509882460155
557.0	11810.542933607832	-582.5763088322559
558.0	11762.700423200184	-565.4326252375673
559.0	11782.58654885467	-614.7165396079097
560.0	11807.766741972426	-627.2012767476463
561.0	11800.382178752734	-556.2115023736145
562.0	11790.614795001891	-618.9530570962794
563.0	11817.84040872514	-680.7667714844644
564.0	11866.830911828509	-560.449652395151
565.0	11945.25787476595	-585.171418434209
566.0	11830.612906708522	-625.0439736340286
567.0	11825.880888395717	-684.9494055277236
568.0	12295.57384295179	-1356.4707577965985
569.0	12462.217527436345	-1389.8203250297927
570.0	11839.370287745764	-720.2321467444044
571.0	11980.763453010471	-568.8868474541428
572.0	11846.633813657281	-733.3292581116293
573.0	11879.682383439738	-757.712154895924
574.0	11865.204667674718	-731.9157326722701
575.0	11853.88125373218	-746.4502940798233
576.0	11850.430654174566	-706.0198865465833
577.0	12114.176913250843	-607.5924302443459
578.0	11893.946411761288	-783.4100022796598
579.0	11868.435083874494	-772.6125561483387
580.0	12014.587272677141	-635.5414330644156
581.0	11876.563788093108	-776.6428126778446
582.0	11891.24993336134	-802.7457881423403
583.0	11906.05651789186	-828.7075143442013
584.0	11921.098163755509	-854.6018395944362
585.0	11908.552560502174	-808.3686988919684
586.0	11935.73188053634	-889.3558050329884
587.0	12171.769335922247	-581.794266752298
588.0	11951.2786066161	-914.9251898808958
589.0	12307.1532598723	-590.5817805065291
590.0	11999.742210134695	-990.44380904566
591.0	11931.482389467228	-848.3213686197723
592.0	11999.843688030227	-981.385929039319
593.0	11943.967432011481	-893.1167335142782
594.0	11961.540451959625	-899.0265049123706
595.0	12016.598975365712	-1015.1439097114107
596.0	11913.556777581733	-841.6881040393179
597.0	11921.6638701192	-832.6134426900068
598.0	12032.423732469446	-1008.0303026711803
599.0	12085.629026879258	-1070.1420338016233
600.0	12033.645836285616	-1030.54791458619
601.0	12234.611222906095	-622.4787471333399
602.0	12026.773603192421	-999.8767742404931
603.0	11883.904063177912	-789.7137603294627
604.0	12077.752096239294	-1090.8087546187646
605.0	12086.741147664654	-1102.7834086048153
606.0	12130.998837755329	-1129.6992335370203
607.0	12105.349681149355	-1135.5822508751535
608.0	12114.513218932547	-1147.4462902043135
609.0	12150.843425842095	-1165.7904755631153
610.0	12123.693769907788	-1159.2814113537572
611.0	12142.174158104419	-1182.8187678409129
612.0	12151.476495869678	-1194.5766629423176
613.0	12168.701183385603	-1187.9746344658342
614.0	12160.822563338377	-1206.2320752770495
615.0	12179.59483486686	-1229.5642805901077
616.0	12188.313095070693	-1232.1269347236566
617.0	12197.794422664068	-1243.7322953456564
618.0	12223.803308883014	-1246.1851001094383
619.0	12216.836403432315	-1266.7075619388645
620.0	12288.746875561728	-1299.0608765296165
621.0	12237.154990521709	-1298.5056740104958
622.0	12275.539550035237	-1334.3834240074739
623.0	12264.207048978395	-1303.897137568513
624.0	12256.806856455732	-1321.0706148371846
625.0	11776.810672310974	-592.4231782437504
626.0	11786.69997001214	-584.1860945187369
627.0	11804.656297489988	-645.3929516086123
628.0	11818.776428604084	-671.7371621186854
629.0	11819.963553857138	-634.0292226965739
630.0	11833.06751829538	-698.0941286740102
631.0	11861.411557051151	-683.7934876235031
632.0	11898.632014669944	-815.7162514082261
633.0	11916.662180713176	-823.9597168534656
634.0	11928.647839972009	-867.4754622335362
635.0	11973.207096206417	-904.0191062387379
636.0	11959.659283249493	-918.5268354057444
637.0	11767.702421116248	-557.9180762510495
638.0	11770.587359549676	-578.3024912586382
639.0	12336.50478623446	-1400.0351206033772
640.0	12427.011330120891	-1404.394182996238
641.0	12042.311047235738	-1042.700284018841
642.0	12055.081722628485	-1027.861225148791
643.0	11983.592391412989	-956.4853915215148
644.0	11977.349900010828	-922.73544679227
645.0	11967.877536142396	-931.0299873686487
646.0	11991.58531658483	-968.9671459364669
647.0	11995.367240389205	-952.8458918263623
648.0	12025.061774407593	-1018.3439534863546
649.0	12043.426532080746	-1023.385817847687
650.0	12008.156936912688	-993.7652253505831
651.0	11786.52697584716	-562.7122923742895
652.0	11812.828330149909	-565.9583926503915
653.0	11794.66023400934	-601.559050305028
654.0	12132.319765884678	-1162.0134932528706
655.0	12144.694144273804	-1157.9812658997246
656.0	12095.744599020187	-1114.667682705641
657.0	12068.740224920732	-1078.843175413723
658.0	12059.637246813314	-1046.1064140660765
659.0	12051.07075042837	-1054.7395282233865
660.0	11808.425436261323	-614.3959567417351
661.0	11797.646203520226	-632.1815976423139
662.0	12315.944291255844	-1378.3531337565928
663.0	12335.731908559736	-1381.3752952572147
664.0	12226.466047742497	-1278.1261708941645
665.0	12245.232541133058	-1281.7252377224806
666.0	16412.148740509292	-934.9004604139767
667.0	17148.110388115514	-1247.9280280079995
668.0	11822.566958861136	-651.9678334774768
669.0	11811.707216704342	-658.5589145865048
670.0	12276.472670941977	-1307.6777930374392
671.0	12265.574616650336	-1323.2722803621011
672.0	12245.89875506883	-1300.8112588644317
673.0	12258.015018139078	-1286.3268732578629
674.0	12207.278442758194	-1255.2473330329974
675.0	12226.129053784984	-1259.3960051926388
676.0	12169.521401838118	-1208.8368108276045
677.0	12189.21214485608	-1214.1950835132247
678.0	11835.853815557779	-679.6647020646664
679.0	11915.962447553882	-564.9888349204301
680.0	11973.015572913026	-641.1059667175256
681.0	12285.53957733787	-1345.4595391941828
682.0	12283.379733059213	-1325.4368056854394
683.0	11861.979735175571	-750.5189378262148
684.0	11906.360153739552	-742.8561075985593
685.0	12064.309686236615	-575.1967714574633
686.0	11905.546634404083	-789.4456407211843
687.0	11946.135636330158	-873.9972393188151
688.0	11975.889822605592	-943.731580320998
689.0	11987.34806759086	-937.8058632713806
690.0	12059.856046559818	-1066.8031976624386
691.0	12070.004583384716	-1060.544349914832
692.0	16548.15207414738	-1405.7024079703467
693.0	16734.185660500763	-1245.30678904083
694.0	12505.520546901505	-1371.8034444336117
695.0	12574.235255399632	-1391.8358197677362
696.0	12242.55581998026	-1268.2206286169287
697.0	12733.182450884096	-1361.0546037049714
698.0	12784.475407549093	-810.6027897582748
699.0	13082.465133592827	-897.4758541859501
700.0	12971.51924101905	-1321.4531644031526
701.0	13311.942068879122	-1261.3749844024542
702.0	13388.114823325957	-958.9767370430933
703.0	13684.405962291572	-1289.589645879673
704.0	13678.311263277037	-1158.8565615723874
705.0	13499.828257535815	-1273.6198930288583
706.0	13872.623219443485	-1270.5106760787287
707.0	14216.56945924693	-1114.2481011017996
708.0	13991.622704169435	-980.5074475098003
709.0	14092.027731117938	-1101.1979931264311
710.0	14246.901906165751	-1287.7863727612619
711.0	14570.454782684288	-1002.2746961640187
712.0	14623.525740412451	-1303.8274932931547
713.0	14807.70221710261	-1328.8783389160901
714.0	14894.930819242261	-932.0789297159008
715.0	15186.236451508497	-1202.156453262455
716.0	15177.011036381662	-1342.267866812839
717.0	15503.782864552915	-895.9810113794452
718.0	15361.614154730561	-1352.587686166428
719.0	15650.380508368165	-973.8218082591744
720.0	15753.735691571426	-1364.7223942764658
721.0	15961.271604524924	-652.6555578824796
722.0	16003.776435243286	-1249.830218902487
723.0	16111.411710809918	-747.3336806490289
724.0	16135.38996334596	-1259.6912906707057
725.0	16709.815030931248	-912.3649870782823
726.0	16710.38125778068	-742.4011541982268
727.0	16409.40120753606	-752.6807947934185
728.0	16505.775796335885	-1265.3468585394567
729.0	16989.33032975406	-901.5974437904606
730.0	16946.476454297703	-1396.5453794747775
731.0	17326.867353689286	-903.5521549801639
732.0	17348.523046566126	-1400.5239403840014
733.0	17691.987717120417	-999.1115881495685
734.0	17549.004077849433	-1404.0828258860572
735.0	17949.045722333092	-1412.4482486166141
736.0	17929.694426830614	-910.4084053024471
737.0	18148.76525692397	-1415.3640644446325
738.0	18292.236527959318	-998.2978374741961
739.0	18548.526104186796	-1421.8404480285099
740.0	18530.976338875767	-915.3769107387434
741.0	18892.51683693538	-1006.5426150356974
742.0	18748.487538508343	-1424.6569059206322
743.0	19132.71045742562	-922.3428658258521
744.0	19148.687075095586	-1431.1993040550433
745.0	19494.227878423488	-1017.3701077261157
746.0	19348.84294176156	-1435.3468582870921
747.0	19627.771663873053	-1019.8986946344357
748.0	19749.02356592692	-1443.484667355949
749.0	19949.01707008801	-1447.424974128209
750.0	20094.56149360941	-1032.2713416623162
751.0	20348.945843615234	-1454.5168340347839
752.0	20227.49103373512	-1034.908837306816
753.0	20548.834618702607	-1458.2172723369804
754.0	20695.095410269827	-1041.8022300284192
755.0	20948.443308446887	-1465.4597127375218
756.0	20937.20981770073	-950.4215959404737
757.0	21148.191729984235	-1468.3498951599195
758.0	21294.441386480135	-1043.2582416783025
759.0	21547.73886404533	-1473.3212835321128
760.0	21538.094131333455	-956.7210079598632
761.0	21747.54677115307	-1475.1417579678955
762.0	21893.581233089095	-1048.452105681724
763.0	22147.179036030735	-1477.8750744164493
764.0	22139.059591772344	-960.2569432050774
765.0	22347.075902972905	-1478.8350360850573
766.0	22746.892887886333	-1480.1956780392486
767.0	22493.152323820064	-1051.6096508121366
768.0	22546.999161351876	-1479.6057012296453
769.0	22740.1836116232	-961.5858431529845
770.0	22946.835880449802	-1480.335105525215
771.0	23346.746514284303	-1480.499389846954
772.0	23093.182687415974	-1053.435319184228
773.0	23146.769470647338	-1480.3319587023373
774.0	23341.603767514127	-963.2824417884325
775.0	23546.75601515509	-1480.6194283688744
776.0	23946.814428086116	-1480.3390981892223
777.0	23693.73923156918	-1054.1881396340232
778.0	23746.781749236583	-1480.4907007294248
779.0	23943.102200168596	-963.6546301795637
780.0	24295.154431065705	-1054.969896491346
781.0	24146.84623258379	-1480.4289983779734
782.0	24546.99684931472	-1481.0021014180268
783.0	24548.23697867819	-966.3912219012072
784.0	24346.914038728562	-1480.581339641228
785.0	24885.354767152883	-965.8300904471683
786.0	24747.09771133751	-1481.2475503962105
787.0	25147.787561172077	-1481.153354143038
788.0	25050.31423900752	-1234.5081862324696
789.0	24947.253173993162	-1481.1463311617188
790.0	25266.43033289479	-1235.2079603117988
791.0	25348.83358778658	-1481.5264448376113
792.0	25758.46245174549	-1483.8936081281427
793.0	25550.473636366663	-1487.2958078191016
794.0	11796.576222473303	-589.0468313039013
795.0	11842.51487723299	-590.4533705696504
796.0	25713.54802954305	-977.09903243587
797.0	25850.727103361667	-1232.7969624756788
798.0	25510.60808315496	-1245.271668243019
799.0	12315.231800617463	-1360.0442671898975
800.0	12384.972069279816	-1422.9225735724801
801.0	24747.398281490794	-1323.5532584450436
802.0	25152.40645180437	-965.2841809364345
803.0	24146.963836875366	-1322.6572245779505
804.0	24547.241519922347	-1323.4550662304616
805.0	23546.85200587112	-1322.8115060789805
806.0	23946.928607027487	-1322.633366946821
807.0	22947.13249028457	-1322.6216180568426
808.0	23346.865481744073	-1322.703605036458
809.0	22347.73502858917	-1321.0390417413685
810.0	22747.285872202763	-1322.4134191305136
811.0	21748.850570611747	-1317.3548618635239
812.0	22261.636116155696	-1051.338061809732
813.0	21150.281523150345	-1310.5267282855784
814.0	21661.921427377267	-1047.7971713202307
815.0	20551.643379072408	-1300.3310581748872
816.0	21062.40192458889	-1040.534312173755
817.0	20462.77359567537	-1031.0768189038106
818.0	19952.037533160757	-1289.692667701789
819.0	19351.640487338795	-1277.673195007005
820.0	19862.39666418843	-1019.8349896259855
821.0	18750.805344842553	-1266.8737572792259
822.0	19260.784463696535	-1008.8114662285085
823.0	18151.458111062657	-1257.5268347825931
824.0	18659.26541529086	-1000.4526003573113
825.0	17551.93802982096	-1246.423996570845
826.0	18059.04978044514	-993.0970910200455
827.0	17457.741721759932	-984.1095229688999
828.0	16946.07582180666	-1239.8266821834986
829.0	16562.871171071107	-1011.414183476727
830.0	16259.254910924255	-1023.1402539988807
831.0	15917.59979625427	-1153.2978698156378
832.0	16257.672217652342	-1184.2811824021403
833.0	15410.30994490454	-1214.3892043315373
834.0	15769.324023424859	-1214.7516905741493
835.0	12207.376964107627	-1236.832869337247
836.0	16591.93845358687	-1174.0039188866704
837.0	17046.873307251746	-1158.702861730775
838.0	16834.002253651284	-1156.0812554210959
839.0	17085.43116225289	-990.8256898903413
840.0	12132.70291664414	-1142.2582017030102
841.0	12227.459297953623	-686.7096495949669
842.0	12068.541624889738	-969.4368585311053
843.0	12342.607188934287	-1388.5898644618712
844.0	12429.378632617307	-1341.3786310256546
845.0	11914.488765737362	-631.0234098777115
846.0	11817.875410143495	-643.2063351163433
847.0	12195.488915537038	-1221.94422772541
848.0	12560.287288305199	-1349.6659363753563
849.0	12276.739806595977	-1318.0551183653806
850.0	12178.721808005415	-1201.2472545878857
851.0	12501.311332527235	-1305.2569824022164
852.0	12257.680571573428	-1296.4037249331031
853.0	12163.102995988602	-1169.5483034706674
854.0	12232.537851078348	-1266.994969200451
855.0	12213.676503349197	-1244.4979300244759
856.0	12175.116889411976	-1145.0786261420187
857.0	12205.832475683426	-1224.0994606111192
858.0	12431.602741401832	-848.9715045250128
859.0	12189.718679137413	-1204.0290711528735
860.0	12114.816335370639	-1120.7000635862612
861.0	12178.552379205352	-1189.42405207245
862.0	12104.44809872006	-1106.334916738954
863.0	12374.918792368277	-721.737204027056
864.0	12145.61961179906	-1147.273042397556
865.0	12098.46812665057	-1098.428438601851
866.0	12138.679926962068	-1114.9557346879126
867.0	12120.923666474207	-1128.6119825465255
868.0	12087.062672850487	-1083.3381348093772
869.0	12114.895056158004	-1109.5569240257882
870.0	12113.07047802006	-1080.256411163223
871.0	12075.91798379551	-1068.5669874631524
872.0	12099.172682851065	-1088.0585257440223
873.0	12053.238101249126	-982.7089315501368
874.0	12016.06234359579	-983.8686779564068
875.0	12070.06098637887	-1048.9037275603034
876.0	12109.030919898978	-659.35584332697
877.0	11891.35684508842	-764.7969422242695
878.0	12010.534287325141	-975.6375049102953
879.0	12042.295238258184	-1009.9142573127156
880.0	12000.635543770584	-961.1394762873806
881.0	12057.697826187405	-952.5141349156116
882.0	12026.23029148898	-986.7075828705061
883.0	12158.244381295817	-1138.8980224232746
884.0	11919.717092458517	-784.7864919542293
885.0	12002.408322769423	-918.3654409297542
886.0	12159.471417617911	-697.7885822965491
887.0	11941.85506711482	-823.3604557506156
888.0	11941.062976655201	-865.45461021345
889.0	11988.358010459253	-925.9274519785473
890.0	12097.21813795873	-749.8333731331531
891.0	11956.37561868471	-890.5347023821529
892.0	11931.394755439687	-835.3588674763565
893.0	11943.247331705214	-855.3316795534369
894.0	11955.82190861532	-830.3845167873897
895.0	11870.028369140107	-740.64290197025
896.0	11918.432308977133	-812.6583361348645
897.0	11864.880800684827	-718.2556796367371
898.0	11889.051987724999	-774.6959627855425
899.0	12063.607742949522	-685.0874224367986
900.0	11933.894310058293	-809.3136502456649
901.0	11942.17453705956	-616.9255461992392
902.0	11840.650697587824	-688.4214748954552
903.0	11875.430718433154	-693.110416585882
904.0	11879.623126464821	-743.7950297872745
905.0	11855.243244217898	-714.758500392964
906.0	11831.129602886258	-670.8454604165412
907.0	11849.962867063261	-692.2131746912704
908.0	11856.018801847114	-640.0062872338282
909.0	11882.513035488215	-602.030256092578
910.0	11893.092444677888	-624.2570479692471
911.0	11857.721126717935	-605.9066308055462
912.0	11823.97213584176	-594.9148568937193
913.0	11799.310922970473	-610.3798054759287
914.0	11848.384653905312	-625.582068709074
915.0	11821.406638129914	-609.8300220545698
916.0	12367.71390073216	-1404.1212863908902
917.0	12399.686532395375	-1368.2429027723417
918.0	12302.002594257021	-1345.9605249559565
919.0	12332.94398287243	-1368.437877641627
920.0	12306.372273596948	-1316.927144414675
921.0	12295.338450526891	-1338.6359534027251
922.0	12312.808984769168	-1347.5389711099021
923.0	25150.60709485205	-1323.5255217102742
924.0	25035.07482325171	-1055.24723564979
925.0	25283.469105602915	-1056.2275701206388
926.0	25427.808598171647	-969.797026589254
927.0	25364.877766202942	-1324.2497846381968
928.0	24847.694386088537	-1234.2607050229708
929.0	24428.633288307643	-1055.2844486898896
930.0	24667.150761806988	-1055.8491972651834
931.0	24447.32033842214	-1233.8622046256369
932.0	24047.01281674491	-1233.404031807392
933.0	24247.12925023833	-1233.471541492939
934.0	24211.02719773234	-964.1541682473235
935.0	23827.109269537526	-1054.3290128313681
936.0	23846.973856426008	-1233.3063382695916
937.0	23446.9143568665	-1233.2667733699109
938.0	23646.9232663049	-1233.3604862619995
939.0	23609.033514733717	-963.8427098292663
940.0	23246.983896363075	-1233.1362956438759
941.0	23226.35663853481	-1053.5115820175881
942.0	22847.412199869195	-1232.9410789735102
943.0	23047.17293732258	-1232.9932819683254
944.0	23007.463852398225	-962.4976461738655
945.0	22647.6606690528	-1232.3344029399893
946.0	22626.23679645298	-1052.07283606134
947.0	22248.245343338338	-1230.811492407127
948.0	22448.00467880889	-1231.640194007038
949.0	22406.273446417705	-961.5350679490724
950.0	22048.757112876585	-1229.731457061306
951.0	22026.43650329085	-1049.3685745442788
952.0	21649.87218223204	-1226.683704939087
953.0	21849.318731796826	-1228.3561606096857
954.0	21805.162317049242	-958.564273316706
955.0	21450.46575270248	-1224.740970086071
956.0	21427.23306619957	-1044.8291657416673
957.0	21251.12336962642	-1222.3933540549472
958.0	21204.48569544657	-952.5909106400535
959.0	20851.89334740487	-1222.5979608833761
960.0	21051.51576914638	-1219.3350174426353
961.0	20827.69609065424	-1044.161419291022
962.0	20053.07540429969	-1207.928231668319
963.0	20002.167771178727	-935.8955051545969
964.0	19653.536644687672	-1195.8065848214192
965.0	19734.91681682861	-931.7513804774832
966.0	19853.75251548018	-1197.9752621671748
967.0	19453.263707934315	-1191.999798085033
968.0	19400.435983304375	-925.7408646235787
969.0	19052.432019091324	-1182.539860290868
970.0	19026.07921352693	-1008.7013130843534
971.0	19252.953138220128	-1186.1141062530176
972.0	18852.142884962937	-1179.2840005263497
973.0	18798.333900593785	-918.3321165896105
974.0	18452.230679611257	-1173.4392666246501
975.0	18652.110811512073	-1176.2528555562742
976.0	18425.20201970266	-1000.5360654353917
977.0	18252.62788676043	-1169.7593867145843
978.0	18197.1485984646	-911.4146660066526
979.0	17853.001678304656	-1173.4577855917712
980.0	18052.96793424208	-1167.747710555598
981.0	17824.972208957723	-1002.8304026189962
982.0	17653.3081313521	-1167.9602765400643
983.0	17595.71269795823	-904.8602398182624
984.0	17249.96146493068	-1161.0605407659132
985.0	17221.193710611642	-992.7636354480741
986.0	17452.64663939098	-1156.8245913309868
987.0	15953.283426975453	-995.1697519210799
988.0	15650.358208664256	-1134.715730468007
989.0	15351.830137995661	-975.1650846337379
990.0	15051.481498588024	-983.919023803876
991.0	14845.170466660837	-1207.035021906895
992.0	15066.870718979275	-1135.4973933062822
993.0	13766.278273257374	-1031.765756382588
994.0	13531.31977792697	-1009.7809376680361
995.0	12953.66617858329	-1229.460658245552
996.0	13173.122981711707	-1035.6310231886248
997.0	13011.72535813351	-1144.2423176399698
998.0	12252.863759881553	-1256.5701193685527
999.0	12776.970567804718	-1088.0000514232968
1000.0	12871.231151369828	-1201.538610764057
1001.0	12845.654463723697	-898.8857604238383
1002.0	12234.119839345296	-1234.796548874646
1003.0	12720.147697715145	-1164.3789819815
1004.0	12716.627532627099	-1296.3394690751713
1005.0	12216.560125019607	-1212.8002097334393
1006.0	12659.278002960598	-1280.2086211196329
1007.0	12582.630877122801	-1312.9215620809925
1008.0	12558.862569197225	-760.8246203732882
1009.0	12290.141831370036	-736.1470635241961
1010.0	12128.683476468317	-1102.7253441369448
1011.0	12451.549045475234	-780.8512959291565
1012.0	12096.677512666976	-1059.54529640829
1013.0	12201.029220709366	-1192.3845627005405
1014.0	12522.50536079852	-1342.0455982143224
1015.0	12271.553803804783	-1278.3435068284828
1016.0	12475.20160605297	-1366.5617869930386
1017.0	12405.121658839695	-1403.8735575186577
1018.0	12322.863997961622	-1336.6185502256315
1019.0	12437.401291138047	-1386.3745206122833
1020.0	12364.008513265397	-1379.9001672244485
1021.0	20652.725846275727	-1218.8189378433392
1022.0	20603.712472893694	-945.3660203974983
1023.0	20252.663371400864	-1211.6261922542653
1024.0	20336.096768549698	-942.1242119765975
1025.0	20453.07406584818	-1209.025148866279
1026.0	11847.55683520674	-656.7700232797137
1027.0	12376.145828981089	-1391.3354236277858
1028.0	12344.838304358645	-1355.4132556312325
1029.0	12421.976553157923	-1365.0551718305353
1030.0	12362.95189147437	-1362.7694001824802
1031.0	12457.787449214056	-1339.4394417706487
1032.0	12556.963671646175	-1263.8702818095637
1033.0	12532.965484686383	-940.1948330239351
1034.0	12275.664853207809	-790.8650538737317
1035.0	12466.912361791314	-1307.8924833991157
1036.0	12334.16181835399	-1290.2542343912344
1037.0	12513.42605455729	-1263.8260402918215
1038.0	12621.393314848408	-913.6237755639262
1039.0	12859.793878196693	-1104.3515555638387
1040.0	12574.656985091524	-1216.177066344458
1041.0	12545.9834434581	-1158.0821096277207
1042.0	12597.821929734899	-1055.8570132971697
1043.0	12596.207584800277	-1115.8557936946097
1044.0	12653.311633580544	-1159.9945751507057
1045.0	12669.308635130932	-993.3446925692848
1046.0	12384.14681758177	-1328.4399651983342
1047.0	11934.061693877555	-671.5506007336098
1048.0	11875.93468384941	-642.5576412069695
1049.0	11860.967126979742	-667.8600172806382
1050.0	11875.989263371635	-709.4220863743509
1051.0	11964.70501010224	-666.8854283821329
1052.0	11891.689667381384	-733.7804896988097
1053.0	11935.469817135969	-698.2468959982016
1054.0	11959.348181013642	-712.1497257193569
1055.0	11894.374996306042	-670.858598195513
1056.0	11877.019515848784	-660.313598563472
1057.0	11892.341768819002	-687.7219458750582
1058.0	12032.5115464161	-673.6603543373307
1059.0	11905.968074471668	-759.9554350153697
1060.0	11972.677189230877	-874.2606091993288
1061.0	12146.793775171165	-742.0555392568076
1062.0	11957.126539178173	-849.3932394467951
1063.0	11988.056031590711	-847.9988608633994
1064.0	11972.168979515647	-857.5899157080694
1065.0	12358.781828667818	-868.7822897010719
1066.0	12219.570744366016	-804.6773543721205
1067.0	11970.472775111817	-819.4189754539105
1068.0	12037.799523202955	-976.251669211264
1069.0	12023.585764839394	-953.1088297512475
1070.0	12068.482584374731	-1020.0920020813919
1071.0	12008.824073506585	-851.5498454488461
1072.0	12127.230696061002	-1050.4986142905611
1073.0	12054.359559544251	-999.1481507869545
1074.0	12083.091002825851	-1039.3322386447198
1075.0	12409.10586564848	-965.2474468121248
1076.0	12145.785511433469	-1053.6111492047548
1077.0	12129.149599862068	-1087.7188583933003
1078.0	12153.008775347638	-1119.1396828796212
1079.0	12192.974098931323	-1181.6802852061835
1080.0	12306.268693368089	-1258.6811646558108
1081.0	12214.41069046303	-1195.1272779720166
1082.0	12231.567272426439	-1217.9447884191395
1083.0	12330.588938631246	-1228.7612295977713
1084.0	12265.542075745927	-1226.8044859969802
1085.0	12249.952910333957	-1240.1307852244063
1086.0	12269.079266700059	-1262.0913620447245
1087.0	12442.422814275977	-1280.9925199468532
1088.0	12381.554140491133	-1353.4059332816498
1089.0	12340.572261273786	-1339.7118472807058
1090.0	12112.008953807197	-1064.9392828352447
1091.0	12089.876606017033	-978.8962976451639
1092.0	12304.788708236185	-1275.1878404889303
1093.0	12320.756677146195	-1320.6901629817337
1094.0	12286.784503985895	-1283.5612780428655
1095.0	12304.364929153426	-1302.4553335995909
1096.0	12316.401852295297	-1287.3742055353293
1097.0	12951.889986781212	-1057.1245239038526
1098.0	12757.130010192079	-998.5321335428968
1099.0	11903.639929458323	-799.7417899811995
1100.0	11935.741887363705	-796.0412918265605
1101.0	11987.98262864871	-881.0083202644643
1102.0	11971.774723571341	-914.4724106662719
1103.0	12019.065391413818	-927.2333080191498
1104.0	12011.187056707984	-964.4129584157035
1105.0	12053.804336459172	-1038.1166584758423
1106.0	12162.484072938156	-1180.2103755896471
1107.0	12194.720125362692	-1167.8644569367418
1108.0	12529.031118558749	-1022.5971311535098
1109.0	12229.768957030137	-1180.3156218376935
1110.0	12481.96634049573	-1223.0335506416675
1111.0	12246.733940901875	-1205.2070421060027
1112.0	12409.6812889454	-1319.6003938841452
1113.0	12285.789952013072	-1250.8024574259878
1114.0	12285.163610606536	-1231.9549155223897
1115.0	12211.865874431824	-1154.613129808037
1116.0	12359.298907275153	-1185.1537268217005
1117.0	12264.875673232704	-1208.7325033340833
1118.0	12177.80026128491	-1161.1046537265083
1119.0	12163.999095370325	-1106.2903473740269
1120.0	12459.992401389825	-1121.4740168041033
1121.0	12185.416419916539	-1073.2807636875834
1122.0	12247.08506006215	-1185.2508072859794
1123.0	12119.034554605176	-1018.074711848998
1124.0	12189.524272388468	-1130.3893509732668
1125.0	12171.004565906076	-1034.60500050716
1126.0	12146.642891021673	-1075.5142649795155
1127.0	12146.90247265053	-822.4717523694156
1128.0	12003.019355097016	-903.4508238818702
1129.0	12037.273761356484	-957.9706537239041
1130.0	12264.238362251699	-890.6772142127453
1131.0	12037.978183014193	-921.0054766110655
1132.0	11987.664457749728	-828.8366432686458
1133.0	11940.930201549518	-747.4716659983078
1134.0	12055.712805041543	-890.2055764515068
1135.0	11922.708465519374	-733.8768123319538
1136.0	11967.146705380146	-794.3046541637686
1137.0	11980.635611529755	-694.263197071104
1138.0	12349.873658816958	-1321.3369864032811
1139.0	12336.50929876137	-1309.0983810225546
1140.0	12385.117768590126	-1238.498109650107
1141.0	12496.830415951195	-1164.9828354426725
1142.0	12413.60055802681	-1290.7612411768769
1143.0	12269.22072559104	-1169.6889787991004
1144.0	12445.362070950338	-1237.5645292997997
1145.0	12346.740569646101	-1271.6817421348849
1146.0	12367.168004009296	-1281.7682004706246
1147.0	12367.953612772772	-1312.5792981077004
1148.0	12117.452845846356	-1036.7041164511666
1149.0	12068.891715113059	-1004.850488254527
1150.0	12097.108187083533	-1044.336232969914
1151.0	12016.17834611759	-940.3681734290434
1152.0	12083.182528696547	-1024.7442374902305
1153.0	12089.105237945229	-997.870708131768
1154.0	12008.242460849353	-867.8886113586517
1155.0	11987.54379058568	-896.4476205537
1156.0	11961.94326074048	-738.4725515510223
1157.0	11920.279457937106	-769.5531255564911
1158.0	11919.84316083266	-710.9748681635132
1159.0	11984.231644298621	-781.9776692644222
1160.0	12008.669991985691	-817.3416889618875
1161.0	12064.472603456017	-731.2979952827233
1162.0	12033.341161081153	-753.9488285284127
1163.0	12176.817772617653	-785.8088528734874
1164.0	12113.610694656258	-965.4339868063538
1165.0	12269.204072282007	-1141.2049341769543
1166.0	12309.241626741357	-846.079627649647
1167.0	12142.067808169355	-1003.4826582387947
1168.0	11914.68648536614	-659.869002747475
1169.0	11902.595911256401	-703.5928759987213
1170.0	12006.835202238057	-740.6805580245691
1171.0	12006.8704480795	-706.6026566794117
1172.0	12469.227277662592	-913.5266854689393
1173.0	12305.770701873485	-1216.2998149041239
1174.0	12387.280477899707	-1268.7897148539898
1175.0	12130.067833886273	-887.8482322807704
1176.0	12059.909839868924	-934.9317204106186
1177.0	12023.961692729688	-831.7708603700648
1178.0	12019.018130265395	-893.6556273827524
1179.0	11949.551100013183	-784.8864215306209
1180.0	11938.893273235131	-766.0486518060346
1181.0	11983.195445415147	-754.6639242479268
1182.0	12034.033008225875	-781.5515617351539
1183.0	12090.759211033102	-789.6782076894069
1184.0	12037.319889538174	-902.3424130225521
1185.0	12197.570071412085	-975.5783210398628
1186.0	12098.78142171305	-1011.1188272132562
1187.0	12330.460588719316	-1252.2950374458603
1188.0	12414.377105391592	-1217.0416453259404
1189.0	12467.713105256667	-1056.0608373995547
1190.0	12110.419548278414	-818.5632733089897
1191.0	12008.563248266255	-795.5970362478056
1192.0	12229.740857282071	-1158.7911988590477
1193.0	12222.465138989535	-866.5845834528476
1194.0	12281.12291839392	-1185.5949145170878
1195.0	12398.622494798212	-1180.426472713183
1196.0	12198.221171142664	-1090.911414746174
1197.0	12302.396412174088	-1188.0117965617185
1198.0	12356.111076911644	-1218.6213664282695
1199.0	12232.061598129176	-975.4812379411457
1200.0	12357.16044380809	-938.597197126485
1201.0	12330.402479295359	-1167.0055716487968
1202.0	12369.831030859083	-1106.3169909985234
1203.0	12411.526059370182	-1025.3793006131655
1204.0	12311.938956884964	-965.6612473782121
1205.0	12091.737016414403	-850.6626432204436
1206.0	12190.536815437428	-888.3690400703157
1207.0	12058.705523675113	-798.7455630457183
1208.0	12023.8023979547	-873.5327151487696
1209.0	12162.845205287862	-1083.4153395840433
1210.0	12247.04030700505	-1135.2423396851875
1211.0	12247.34896711228	-1015.1798173177431
1212.0	12183.642084294997	-1111.3594117489283
1213.0	12409.25906631903	-1138.9347576583732
1214.0	12330.298031358469	-1129.6605508804296
1215.0	12315.308233003472	-1045.9383189154316
1216.0	12194.433160122962	-1046.3735403854607
1217.0	12061.89861995347	-850.2522235216899
1218.0	12048.52746445949	-827.2202089665474
1219.0	12082.489695929513	-925.4844918595076
1220.0	12047.484107828466	-869.6683893399671
1221.0	12364.377320043393	-1058.174713357864
1222.0	12227.344373836226	-1094.8566365507315
1223.0	12171.551134346255	-1009.9030229121921
1224.0	12174.875559757886	-926.0002031933636
1225.0	12209.353393330535	-1133.1640514290514
1226.0	12248.150311372281	-1073.2583339053374
1227.0	12110.156989736337	-937.4479310898587
1228.0	12141.334645203511	-976.0038334248038
1229.0	12157.727120846785	-863.1247104855169
1230.0	12176.631071596234	-954.0795419777647
1231.0	12136.125428445239	-919.9384389239076
1232.0	12268.557077255033	-940.4439265158975
1233.0	12286.219715644858	-1079.918099280234
1234.0	12232.594407930626	-1118.0793340092707
1235.0	12295.755803184164	-1115.4980536045725
1236.0	12228.043848885141	-1042.4058887986569
1237.0	12296.543946958036	-1012.0524820596214
1238.0	12100.560653826009	-879.2946440761231
1239.0	12078.95095457815	-899.4214114889091
1240.0	98.20095678501825	-1262.3941413954437
1241.0	11995.662583199015	-1020.1621606232142
1242.0	7388.260831665691	-638.3900825062866
1243.0	11712.919610511863	-552.1767709612665
1244.0	11696.400337204532	-553.423446406855
1245.0	11674.832083284527	-555.0994608579721
1246.0	11203.57958338675	-591.7933032461157
1247.0	11612.38070351504	-560.2186996430383
1248.0	11781.147055213793	-659.8877588622264
1249.0	11681.200338158995	-585.6077022663036
1250.0	11802.187523682276	-699.603045877018
1251.0	11801.26741899621	-708.6231093075976
1252.0	11275.687225019754	-626.2622903904171
1253.0	11507.24685993936	-568.3988044020224
1254.0	11387.364595477875	-608.7756233684578
1255.0	11838.219107227837	-765.2622422795774
1256.0	11418.449900321104	-1151.4874458752086
1257.0	11859.655713719238	-813.3763375354696
1258.0	11867.15163760189	-826.3933757338388
1259.0	11889.987147068829	-865.196085362586
1260.0	11583.889404529233	-1268.0241246540338
1261.0	11937.308875313247	-941.8401628184635
1262.0	11727.99116603446	-1285.5788962832007
1263.0	11987.20942568587	-1016.9033156716263
1264.0	11995.793543751803	-1029.2314308904079
1265.0	12004.450203795393	-1041.5059420653633
1266.0	12013.169365421889	-1053.7294280894766
1267.0	12021.952395362854	-1065.9087553292695
1268.0	11844.028709057004	-1300.065399076849
1269.0	12005.726142044083	-1063.6465399195215
1270.0	11938.446521065556	-1309.4331692753178
1271.0	12063.616236965163	-1152.6876719565607
1272.0	12102.789750518403	-1173.9273625627968
1273.0	12014.783106627461	-1318.0013113992584
1274.0	12148.632728691728	-1233.204199220386
1275.0	12075.94166366884	-1325.2618063604382
1276.0	12125.419028828897	-1329.910805706033
1277.0	12195.213007901633	-1291.868884692779
1278.0	12165.410135555998	-1334.420747902425
1279.0	12197.27059846496	-1336.608986718141
1280.0	12214.176991405135	-1349.5004358939657
1281.0	12229.864263222136	-1349.5037652614992
1282.0	11860.342864446759	-804.3516401229016
1283.0	184.33370431528968	-1127.7282389012878
1284.0	96.58468599768649	-632.2536296753359
1285.0	1007.9457643467478	-633.3427423103191
1286.0	1146.3701386677083	-723.9611274687531
1287.0	1436.0022458569954	-724.0160376194084
1288.0	1726.1064666561804	-724.0372918718562
1289.0	2016.2984498284375	-724.0544668507928
1290.0	2306.5061915812607	-724.0723816868616
1291.0	2596.7200887560666	-724.0923408026605
1292.0	2886.9383918636845	-724.115625763851
1293.0	3177.1576314198246	-724.140581835209
1294.0	3467.3489822195806	-724.0816364974839
1295.0	3757.5188461575003	-724.0311732064383
1296.0	4047.7220211742606	-724.0788941655114
1297.0	4338.008628520904	-724.2125245547683
1298.0	4628.52464327655	-724.0787895685534
1299.0	4921.287035114029	-725.764565595693
1300.0	5213.618783527555	-727.7654066799649
1301.0	5503.444474118216	-727.9140705508904
1302.0	5793.27197307206	-728.0907102194359
1303.0	6068.206761467666	-905.5178295708683
1304.0	6360.055747803647	-906.580217789396
1305.0	6651.847163707013	-907.6682846400139
1306.0	6943.196303421049	-907.78776189772
1307.0	11730.703998071245	-554.0445608331794
1308.0	7525.894163704939	-908.1623493376889
1309.0	7817.243199020551	-908.3487072107049
1310.0	8108.593380363755	-908.5066784499795
1311.0	10713.280388835996	-713.4805537926694
1312.0	12251.204351098024	-1351.1470296161108
1313.0	11760.629433546545	-619.8783961626656
1314.0	11845.56617562603	-778.3340881770213
1315.0	11921.628815887774	-907.3930563230188
1316.0	11978.679229944022	-995.4497490627961
1317.0	12039.344406828348	-1081.086569478508
1318.0	12084.1664309345	-1141.0488609819247
1319.0	12129.645220979684	-1200.4933388092704
1320.0	12166.486313296045	-1247.7159787923672
1321.0	12185.093996053669	-1271.2243681698494
1322.0	12213.09483845432	-1306.3263182258904
1323.0	12232.241103948028	-1330.3168733945615
1324.0	12244.827217895552	-1343.4774613412567
1325.0	452.529847528776	-1263.5621229098613
1326.0	743.8143292215782	-1262.1759242281523
1327.0	182.71743352795792	-767.6131825145135
1328.0	331.3610766827412	-759.8279860677793
1329.0	821.3580901197784	-903.814905165882
1330.0	1037.5160233505196	-1262.2069380646165
1331.0	1331.7817980075818	-1262.3401707331163
1332.0	1626.1491677069137	-1262.4686028291026
1333.0	1920.529823559944	-1262.5951048326303
1334.0	2214.9088979219596	-1262.7199062388156
1335.0	2509.2861823494536	-1262.8432390044184
1336.0	2803.66086597177	-1262.9653660979209
1337.0	3098.0223693022394	-1263.0861242724013
1338.0	3392.2929583120203	-1263.1975524523416
1339.0	3686.305188075576	-1263.0768061484725
1340.0	3980.6099371474397	-1263.1924089468703
1341.0	4275.053547857982	-1263.311459180623
1342.0	4569.4975399693185	-1263.6383814392318
1343.0	4861.789856837536	-1262.0259576354747
1344.0	5156.35234833595	-1262.0989799994838
1345.0	5450.9141015124405	-1262.1660888687738
1346.0	5745.0036990897015	-1261.3498361524944
1347.0	6039.618270777343	-1261.385308352117
1348.0	6334.232840464397	-1261.4201349894408
1349.0	6628.8474033212615	-1261.4543559795886
1350.0	6923.462064563676	-1261.4554481447778
1351.0	7218.076608008635	-1261.4909131948043
1352.0	7512.69114879454	-1261.5250282276972
1353.0	7807.305673884596	-1261.5590976658004
1354.0	8101.920195666589	-1261.5930093082375
1355.0	8396.53469901903	-1261.6267571973322
1356.0	8691.149194550491	-1261.6603426166287
1357.0	8985.763767151015	-1261.6674394308452
1358.0	9280.378229039497	-1261.7028326859802
1359.0	9574.992665466636	-1261.7402018318087
1360.0	9869.60703572757	-1261.7852996873573
1361.0	10164.221452683787	-1261.8087258706662
1362.0	10458.835958522746	-1261.8161164802252
1363.0	10758.409599934796	-1261.307576633164
1364.0	11045.057323332474	-1284.2730090517362
1365.0	11767.432197412136	-633.2308010332214
1366.0	11795.121419470242	-686.3955971261298
1367.0	11296.275621142593	-1295.708560561022
1368.0	11816.527407464906	-725.932961640183
1369.0	11830.92864093707	-752.1560974896116
1370.0	11823.698845981691	-739.0582651159142
1371.0	11592.488547235838	-576.3057225611686
1372.0	11774.24392983103	-646.5820809663459
1373.0	11662.536713772557	-564.7354733545419
1374.0	11747.378743388508	-592.9800047321824
1375.0	11740.59368327337	-579.4604237558843
1376.0	11734.872278372	-565.9101035347998
1377.0	11953.79051507289	-957.9972942741077
1378.0	12005.130516305107	-1103.6632609191383
1379.0	7098.523334078952	-638.2008817756133
1380.0	7677.998323040046	-638.5899538163295
1381.0	11753.925545018357	-606.4811407678181
1382.0	11719.495376288682	-555.0765712669835
1383.0	11705.495520687962	-557.9053794329149
1384.0	11686.851525143962	-560.8370335550691
1385.0	11701.221704412475	-577.4517335389895
1386.0	11788.10491991135	-673.1535288171599
1387.0	11707.71948671848	-568.3583470884399
1388.0	11040.273156195266	-606.0116849781431
1389.0	11474.255414656718	-595.1745370898361
1390.0	11632.223191235498	-569.8695289435905
1391.0	11740.774231915442	-634.0204894208988
1392.0	11790.303199225747	-713.6582343237448
1393.0	11766.573943448393	-683.2797758090383
1394.0	11777.282854778767	-688.5140408028286
1395.0	11780.110359609696	-668.8888346996732
1396.0	11497.336921422926	-1307.0103322236591
1397.0	11787.10733150976	-682.1615553462639
1398.0	11852.941141929186	-791.3504289786744
1399.0	11809.313849640102	-712.7927965888699
1400.0	11330.754349565432	-581.9585808109377
1401.0	11798.72292442843	-728.6618816376109
1402.0	11566.326230789737	-563.7276398880559
1403.0	11430.253535761389	-574.3596541276387
1404.0	11486.150607294583	-641.5870970292696
1405.0	11882.894181480871	-843.2515762274012
1406.0	11826.919624030357	-779.3275599305167
1407.0	11182.245841263823	-1225.2379504156743
1408.0	11890.522779667697	-856.1503657482339
1409.0	11837.462296043215	-774.2963376099233
1410.0	11905.952339459474	-881.8444715559414
1411.0	11867.802020693382	-817.3545682319404
1412.0	11913.756203940793	-894.6342189038223
1413.0	11875.32274401606	-830.3241393570693
1414.0	11870.531669209477	-869.4156230658003
1415.0	11874.708519606711	-839.3647196157693
1416.0	11929.56169891505	-920.1035702505686
1417.0	11882.319745997132	-852.2966514479068
1418.0	11937.56931679919	-932.7821589066456
1419.0	11898.206116093903	-869.0123315505489
1420.0	11905.69455216868	-913.684870898666
1421.0	11897.714269986502	-878.0634785756141
1422.0	11973.563182849264	-1029.808577259255
1423.0	11905.501854607166	-890.8949309159676
1424.0	11658.649571180928	-1315.8450662592256
1425.0	11863.827954540053	-844.4512520801394
1426.0	11895.970774154142	-910.9937600972529
1427.0	11962.007044026994	-970.5271993851546
1428.0	11913.353615874776	-903.6910610890906
1429.0	11929.2550597768	-929.165534005229
1430.0	11945.148799064025	-1032.013301225238
1431.0	11945.63954088521	-945.4061419458291
1432.0	11734.826162590194	-1224.3429145265436
1433.0	11970.310599217628	-983.0228297883182
1434.0	11945.435459685737	-954.4725040981847
1435.0	11944.37684606957	-987.6037998234478
1436.0	11978.70117331107	-1004.5203676461593
1437.0	11953.635640541075	-967.0576684249341
1438.0	11959.838875279	-1036.3138304617453
1439.0	11961.913776830092	-979.5962674202539
1440.0	11788.097242081078	-1324.5962297395342
1441.0	11935.335147324766	-960.8828797645989
1442.0	12057.156615695581	-1105.128181774863
1443.0	11959.229370411294	-1008.5572674892804
1444.0	11987.141165594958	-1007.8435010819807
1445.0	11996.216952738423	-1062.2752773207496
1446.0	12004.276392785274	-1032.4485193755256
1447.0	12048.23880604315	-1093.1185594938788
1448.0	12012.941795106215	-1044.6635475568285
1449.0	12021.684405520571	-1056.8520909623828
1450.0	12066.083014658661	-1117.1601352133678
1451.0	11942.071140945112	-1169.7160445723682
1452.0	12030.47470229128	-1068.9792320153272
1453.0	11892.759549931921	-1330.3566280012164
1454.0	12021.088248460159	-1085.1502466064303
1455.0	11848.84292759916	-1251.8293134803073
1456.0	12093.21211629048	-1152.9652433067
1457.0	12075.134894122099	-1129.1208702829913
1458.0	12030.80662235171	-1078.0473392382937
1459.0	12047.323530846159	-1131.8765496647447
1460.0	12048.62395696638	-1102.1444897108238
1461.0	12057.524897083282	-1114.1912307304199
1462.0	12102.27788377366	-1164.8763832678821
1463.0	12019.871077523085	-1234.8071008364896
1464.0	12066.52412291718	-1126.2159921032874
1465.0	11978.174540121277	-1333.9843021033994
1466.0	11940.972763564068	-1269.831158468324
1467.0	12098.961164329703	-1198.9895243095634
1468.0	12120.510835159534	-1188.6449736622353
1469.0	12075.597437145903	-1138.1599382017357
1470.0	12099.358300918933	-1189.1595296350522
1471.0	12093.691191531578	-1161.999199071698
1472.0	12138.801786284266	-1212.334061413648
1473.0	12111.390409323792	-1176.7849272185138
1474.0	12148.018069095639	-1224.173842431738
1475.0	12111.92118554539	-1185.8207055417236
1476.0	12046.45168243502	-1338.941187578078
1477.0	12112.06493011987	-1204.677481267311
1478.0	12130.19385557277	-1209.5219992387772
1479.0	12123.335064080893	-1256.2398345130823
1480.0	12139.39237719945	-1221.383828266861
1481.0	12175.753243252357	-1259.4688213898273
1482.0	12136.224187912434	-1247.2815565673675
1483.0	12157.243737567687	-1235.9522891632657
1484.0	12101.530508955415	-1341.2579974505925
1485.0	12130.356484309421	-1229.0268053039115
1486.0	12155.117758139495	-1260.4367923321927
1487.0	12167.120820732967	-1256.7352870898428
1488.0	12194.483191325902	-1282.8603725395917
1489.0	12145.666495941563	-1343.6007428857065
1490.0	12166.901995318862	-1276.4116043015104
1491.0	12176.437760465778	-1268.5163178454497
1492.0	12184.370890427539	-1310.7030736018448
1493.0	12212.767209484306	-1316.4080485807388
1494.0	12203.819650650867	-1294.561740824591
1495.0	12181.530745059878	-1345.7764309320173
1496.0	12221.58291814949	-1318.8984466324127
1497.0	12168.32589519312	-1317.3643061778469
1498.0	12195.004889311553	-1313.754682500062
1499.0	11850.188525222484	-820.167368534782
1500.0	11852.229687453531	-800.3559134085809
1501.0	86.13274753027144	-947.592123389882
1502.0	578.5085976105065	-715.5749436966344
1503.0	1297.4406062932	-633.451655786084
1504.0	1190.8863399378824	-1171.9217251844798
1505.0	1587.3319295290955	-633.5312403678867
1506.0	1484.9166139392219	-1172.1208652956523
1507.0	1877.2988850854447	-633.6064979454444
1508.0	1779.0617691365296	-1172.313274741853
1509.0	2167.277970694413	-633.6820032537356
1510.0	2073.218628996521	-1172.502053498253
1511.0	2457.2606848313276	-633.7580006884258
1512.0	2367.3721174309762	-1172.6876630167278
1513.0	2747.245925862279	-633.8355502764467
1514.0	2661.5212151257315	-1172.8705982225194
1515.0	3037.2330459320056	-633.914873556529
1516.0	2955.654531723463	-1173.050958837189
1517.0	3327.2192234114796	-633.9940942547171
1518.0	3249.683753708659	-1173.220620538297
1519.0	3617.1784547248208	-633.9895161257165
1520.0	3543.363702126941	-1173.1487777610548
1521.0	3907.143145342459	-634.077218870584
1522.0	3837.077810607306	-1173.0811096022705
1523.0	4197.135687734642	-634.170824991702
1524.0	4131.223300034658	-1173.2532379811075
1525.0	4487.183810682162	-634.3444371667533
1526.0	4425.508032501482	-1173.6366858201554
1527.0	4777.40576048335	-634.1706779123996
1528.0	4717.641471125981	-1172.288659621694
1529.0	5069.700260512701	-636.1638011008055
1530.0	5009.893409137559	-1170.6867335286329
1531.0	5359.491566889935	-636.3051069035838
1532.0	5304.414783457408	-1170.7643401086186
1533.0	5649.28000909642	-636.4460528786435
1534.0	5598.463263856104	-1169.9526716083158
1535.0	6228.868218844912	-636.760900395207
1536.0	5939.073123836839	-636.6153344790417
1537.0	5892.564562765951	-1169.1093664383454
1538.0	6083.106124827489	-728.271969829087
1539.0	6519.048198046547	-637.8626963716711
1540.0	6373.32714104414	-729.3857438148038
1541.0	6808.785729452194	-638.0345465671024
1542.0	6663.490593658364	-730.5258020797868
1543.0	6953.211671697708	-730.7303995768166
1544.0	7242.932715918145	-730.9523476090884
1545.0	7234.5452915187225	-907.9589625755052
1546.0	11725.313326505717	-550.601513807501
1547.0	11733.237393074925	-574.4637577251493
1548.0	7532.6536468861805	-731.2078317428922
1549.0	7967.7359994520275	-638.7621712526247
1550.0	7822.374756679458	-731.4463325823177
1551.0	8257.474640162041	-638.9338137245927
1552.0	8112.097015808395	-731.6566045836685
1553.0	8547.223816971886	-639.0862547360874
1554.0	8401.830775335191	-731.8471001602187
1555.0	8836.972961378211	-639.2391196792686
1556.0	8691.575038558301	-732.018818207982
1557.0	9126.722084771669	-639.3924723300123
1558.0	8838.105263018648	-992.6499688203245
1559.0	8981.319248365025	-732.1914478949944
1560.0	9416.471354055486	-639.5474711754802
1561.0	9131.11022176566	-992.6733867313936
1562.0	9271.06358304924	-732.3662114842936
1563.0	9706.210028594987	-639.7511898825035
1564.0	9424.115190229655	-992.7287231687988
1565.0	9560.797468879498	-732.5913411298721
1566.0	9996.181513821104	-638.7241825547128
1567.0	9717.109472321785	-992.8424840681733
1568.0	9850.753570652056	-731.6344646021925
1569.0	10286.258871220438	-638.941777125396
1570.0	10010.336545629603	-991.7115759702143
1571.0	10141.048355284445	-730.6914639381724
1572.0	10574.068175110166	-637.1861624472849
1573.0	10303.669626688665	-991.7875625247392
1574.0	10434.456319721327	-729.0222880707983
1575.0	11155.442566545864	-748.9528650097163
1576.0	11132.827089675638	-650.3834536153436
1577.0	10830.985885446817	-623.5226344621193
1578.0	11752.71773869096	-615.4610763226236
1579.0	11836.4123567519	-796.1667104222112
1580.0	11844.840979429138	-787.3488164310014
1581.0	11911.176147145045	-935.1004691456146
1582.0	11921.270057135263	-916.447676052229
1583.0	11969.766076361053	-1012.1154059266095
1584.0	11970.267415746705	-992.0827979038007
1585.0	12030.764086378776	-1098.0769051786235
1586.0	12039.714132277635	-1090.127902597197
1587.0	12075.680226999342	-1157.4787968226744
1588.0	12084.638578024553	-1150.0795311758163
1589.0	12118.157747656265	-1212.5814852264782
1590.0	12121.051716323243	-1197.6717547133112
1591.0	12157.871137865031	-1244.9709692534182
1592.0	12127.424971860324	-1308.8546266217847
1593.0	12178.942068484348	-1290.1728089533287
1594.0	12185.844329874919	-1280.2060775734826
1595.0	12200.196905113211	-1322.601899237423
1596.0	12204.432429584542	-1303.6882839606526
1597.0	12236.186360451591	-1341.836892191139
1598.0	12222.447207583877	-1328.8122248911977
1599.0	12210.705192270441	-1340.328914320242
1600.0	342.2606814890108	-1128.8545373134968
1601.0	934.7718335148202	-992.4641415403725
1602.0	392.7033678587759	-940.9332253553566
1603.0	607.1384360402445	-1173.2377128313872
1604.0	719.6190124487831	-633.5835466772492
1605.0	438.39770114784295	-624.55749183321
1606.0	647.4321049305581	-994.2325555615735
1607.0	858.3026028163513	-724.2266062668309
1608.0	543.2662027888546	-896.6356536819076
1609.0	1110.1407205323533	-903.4942277997555
1610.0	897.5217415069336	-1171.8200033328292
1611.0	1401.0520028109797	-903.5961582143973
1612.0	1226.2609451118296	-992.5648767120753
1613.0	1692.5369937417734	-903.6596321583183
1614.0	1518.8122135686729	-992.7337012493377
1615.0	1984.1230331993381	-903.7170967362696
1616.0	1811.5539955419383	-992.8914681173834
1617.0	2275.723249746454	-903.7736005740111
1618.0	2104.3196122305067	-993.0458520263619
1619.0	2567.3278317810305	-903.8306800508993
1620.0	2397.0854860214845	-993.1975588238141
1621.0	2858.9342189432414	-903.8898797010794
1622.0	2689.8494959668	-993.348143461914
1623.0	3150.528362262128	-903.9493815424048
1624.0	2982.5996038538665	-993.4979272009532
1625.0	3442.003702503942	-903.9156519801072
1626.0	3275.2446745381444	-993.6369094445363
1627.0	3733.199196637694	-903.6582299806796
1628.0	3567.513525489377	-993.450588382581
1629.0	4024.7205211585956	-903.7353413336374
1630.0	3859.821995806988	-993.3607228129513
1631.0	4316.464139648058	-903.9018095521338
1632.0	4152.589698846132	-993.5165571571937
1633.0	4608.437546947317	-904.0087844200146
1634.0	4445.552225480084	-993.9637170155802
1635.0	4900.50565608529	-903.9959242388844
1636.0	4736.537285125378	-992.3320314070521
1637.0	5194.413296429509	-905.9835752826524
1638.0	5029.713394385915	-992.6133283466843
1639.0	5485.814140628936	-906.1131356183547
1640.0	5322.655746302608	-992.7223405737356
1641.0	5776.744637592317	-905.3873101661078
1642.0	5615.122340127399	-991.9417178927797
1643.0	5907.646424997273	-991.157794167495
1644.0	6200.697462244595	-991.2012341115806
1645.0	6187.190833785593	-1169.1171406219785
1646.0	6494.133374854704	-992.1996529064903
1647.0	6481.817095974457	-1169.123663596137
1648.0	6787.126931224185	-992.2343914482329
1649.0	6776.443449718681	-1169.0964520981609
1650.0	7080.12054140287	-992.2648590629336
1651.0	7071.069784050999	-1169.0704846600636
1652.0	7373.113924085025	-992.3512150675002
1653.0	7365.6959979268095	-1169.0775400896694
1654.0	7666.107282199898	-992.4468460395134
1655.0	7660.322193447716	-1169.0831999073525
1656.0	7959.1008063484815	-992.5146197473229
1657.0	7954.948369964711	-1169.0886563345796
1658.0	8399.95504367527	-908.6447095111113
1659.0	8249.574524744088	-1169.0937912127977
1660.0	8252.095273057485	-992.5814969417964
1661.0	8691.32720286212	-908.7638005736584
1662.0	8544.200653272937	-1169.098599867876
1663.0	8545.100249615785	-992.6288464526564
1664.0	8982.69938570164	-908.8573146703742
1665.0	8838.826851049867	-1169.0767574480756
1666.0	9274.071582706614	-908.9812591102951
1667.0	9133.453015183813	-1169.0567228641137
1668.0	9565.433305396293	-909.1575454971893
1669.0	9428.079043144382	-1169.0669606117638
1670.0	9857.017177862059	-908.1595544205453
1671.0	9722.704979477401	-1169.0869029598277
1672.0	10148.939779882941	-907.1537675353211
1673.0	10017.330896339497	-1169.092902345372
1674.0	10443.97565059106	-905.4057698729927
1675.0	10311.956948779618	-1169.0611944849265
1676.0	10735.150924269925	-889.271819230417
1677.0	10612.03102725456	-1168.4976243342724
1678.0	10876.897339198878	-930.7927304157365
1679.0	10605.458041413827	-989.3609096872273
1680.0	10910.501375891736	-1190.8934464467445
1681.0	11763.769812370958	-663.7779729438256
1682.0	11773.169320845149	-655.5826108241221
1683.0	11759.495254745038	-628.8477590854088
1684.0	10948.275016826808	-682.1994793449026
1685.0	10972.315935144941	-813.6783098607721
1686.0	11794.158147580922	-695.4047582237199
1687.0	11406.089800159534	-1247.9267918496978
1688.0	11294.204527190814	-702.0217617486924
1689.0	11812.458611317843	-753.8604226026013
1690.0	11808.475776329535	-721.8002724353001
1691.0	11812.412320276331	-767.3449894807842
1692.0	11815.683861587073	-734.9376837609594
1693.0	11830.125725771684	-761.1778498459836
1694.0	11801.146305779379	-747.3483575601398
1695.0	11822.865666676924	-748.0560790867485
1696.0	11540.963600689318	-584.5105431097971
1697.0	11549.563272840836	-620.6346875668236
1698.0	11766.313905900772	-642.2222491771942
1699.0	11647.24654803398	-557.3104344700621
1700.0	11715.593197627064	-614.8825451224529
1701.0	11741.567511281653	-620.6634946343826
1702.0	11746.126343500358	-601.9605847660733
1703.0	11730.674000916806	-612.9787120500556
1704.0	11721.697296585231	-562.2054915164954
1705.0	11739.380533141513	-588.3732640742496
1706.0	11729.47500246973	-594.1462726384422
1707.0	11723.146262326612	-577.2785631051969
1708.0	11729.132947369993	-561.1717415650392
1709.0	10947.962649773928	-1053.2569051740757
1710.0	11202.581582761317	-1109.4943560669005
1711.0	12185.191787951293	-1297.9438189306231
1712.0	12158.860693748711	-1303.5186285590528
1713.0	11717.345496838925	-569.7586588663034
1714.0	11666.307567469596	-581.6683952862641
1715.0	11720.597021853275	-588.0482377001244
1716.0	11755.343304286245	-646.7189909012692
1717.0	11596.457946399134	-658.5658062726203
1718.0	11884.183609719066	-921.9513008869011
1719.0	11637.383552602623	-591.8764369704968
1720.0	11779.054561933432	-706.588700332392
1721.0	11086.929551383626	-836.0599268883852
1722.0	11102.854338712159	-1030.8928734302935
1723.0	11402.616170840107	-668.6576403809582
1724.0	12168.655969516183	-1289.0863860057561
1725.0	12148.954398191738	-1252.5898388379137
1726.0	12144.84717963069	-1299.5161101533492
1727.0	12141.95487559127	-1279.73787638678
1728.0	12076.786960537314	-1299.6902952582902
1729.0	12154.21441551197	-1271.065613088238
1730.0	12094.18287722302	-1262.8314720992992
1731.0	12097.588804996718	-1287.06936841709
1732.0	12136.52991870977	-1236.9145970399925
1733.0	12126.889436594072	-1274.146431057501
1734.0	12018.546632721469	-1286.8031218204815
1735.0	12080.770584643587	-1175.6038261576366
1736.0	12117.729785477728	-1223.0365244383993
1737.0	12076.481163173923	-1234.215932907744
1738.0	12093.260422578993	-1181.2245606599888
1739.0	12057.936079124644	-1134.4365886531734
1740.0	12035.06711471917	-1115.5650434710399
1741.0	12081.713220340918	-1165.4294438642603
1742.0	12051.060505397501	-1282.1714868971528
1743.0	12085.68658601521	-1205.7644138489002
1744.0	12050.92297319531	-1160.0760692077347
1745.0	12064.005594201777	-1142.3994835295136
1746.0	12011.591976434489	-1071.7807778851213
1747.0	12003.636572236994	-1143.893365704577
1748.0	12047.353457063313	-1120.6870486319106
1749.0	12036.705896009938	-1106.08553350551
1750.0	11974.665099717704	-1250.5534514131002
1751.0	11985.454657140726	-1035.3925101313187
1752.0	11985.89454224894	-1090.187932398822
1753.0	12020.675987037937	-1096.1384794280712
1754.0	12010.39590947136	-1081.9541619393156
1755.0	11907.434331095174	-1210.4366788175575
1756.0	11954.171618485525	-989.254265052749
1757.0	11995.16858480541	-1049.2005599992397
1758.0	11926.537391163502	-946.8715082294044
1759.0	11975.448911947196	-1020.3886530667563
1760.0	11900.100010972588	-1242.5185315976807
1761.0	11986.012418852906	-1073.1848987752558
1762.0	11921.158022217927	-938.4063989194461
1763.0	11959.75265316399	-997.595278049835
1764.0	11811.042396283692	-1172.8559422218332
1765.0	11943.747600928216	-974.4762712307323
1766.0	11885.398564604931	-881.0044799356862
1767.0	11933.802163099057	-971.8262727463201
1768.0	11880.238680257831	-872.41284297037
1769.0	11911.985976035206	-967.4260384820227
1770.0	11924.767744374492	-956.8478630231845
1771.0	11910.981542924133	-922.2037100330581
1772.0	11799.746457178966	-1215.1241623863352
1773.0	11932.62551926662	-997.3496678477173
1774.0	11591.844126398277	-1191.568497001538
1775.0	11848.827368092612	-863.5165847176717
1776.0	11852.480585248559	-837.8830444282315
1777.0	11895.37548852661	-897.2606622998228
1778.0	11883.51026799735	-891.1512042998687
1779.0	11792.361500834479	-843.5415992781176
1780.0	11841.338653674009	-804.8368239109417
1781.0	11872.07710234991	-858.3451511576895
1782.0	11861.770972766995	-854.3866084015541
1783.0	11855.19004390104	-828.8657483406308
1784.0	11822.016460470026	-770.5623983213032
1785.0	11839.98464217048	-815.6235816245747
1786.0	11328.971462801657	-1083.5256202377593
1787.0	11673.439289605705	-1178.1534568500726
1788.0	11838.836409716258	-843.0940529725273
1789.0	11517.651743453544	-1134.1153585966742
1790.0	11869.266438776773	-896.5585441753714
1791.0	11814.585462500727	-800.8917606265555
1792.0	11540.075819662796	-1066.3843050539065
1793.0	11826.594880935938	-792.1832044888246
1794.0	11800.22485191047	-777.621709602301
1795.0	11598.97956808841	-604.4218269065004
1796.0	11527.74172472874	-650.9355087984823
1797.0	11343.559264926298	-993.9671842879828
1798.0	11260.717690549593	-919.8533623863981
1799.0	11425.899083361111	-900.220535351055
1800.0	11457.400303761484	-680.6542310795727
1801.0	11740.43761508502	-735.4264409055983
1802.0	11803.538376743842	-737.4234326893323
1803.0	11773.891507697137	-733.6445529791454
1804.0	11788.596777968536	-724.6895308073277
1805.0	11753.873819742315	-659.2741848101244
1806.0	11781.989405602537	-697.3552876629468
1807.0	11581.416923793826	-627.9678886904143
1808.0	11740.120567834623	-667.2389016638044
1809.0	11624.03208573474	-610.3417120152766
1810.0	11696.866858999567	-632.7315995927196
1811.0	11399.72002532913	-780.0116362747291
1812.0	11364.52322709872	-717.6000691817135
1813.0	11244.712362428036	-766.1221859987636
1814.0	11146.4026443758	-930.8103156995676
1815.0	11727.738185923312	-641.8852378975007
1816.0	11734.025026808116	-603.255737736552
1817.0	11750.790280523242	-637.7874340318831
1818.0	11708.298474059578	-589.6217199117806
1819.0	11656.177763098143	-596.2502644286906
1820.0	11683.684036817349	-616.2074313936246
1821.0	11704.22655157795	-602.181023198406
1822.0	11689.44892632139	-574.4123530316787
1823.0	11971.212985113054	-1056.016375127867
1824.0	11984.655887184213	-1046.3042165503127
1825.0	12105.25139949967	-1230.574659600119
1826.0	12115.031431151821	-1291.5881560196315
1827.0	11290.514393439591	-842.272294564263
1828.0	11483.215924706727	-730.2805173806415
1829.0	11688.90119376845	-601.2063860602399
1830.0	11958.88903590332	-1084.4267997118288
1831.0	11746.431206140884	-1115.4717296706337
1832.0	11713.45066199978	-630.4320761833818
1833.0	11635.030915021054	-634.3369952376166
1834.0	11764.552319044806	-711.6155428086689
1835.0	11692.609314753705	-650.6516358203522
1836.0	11665.853376836438	-615.1906167421148
1837.0	11721.06708689242	-693.7229306034982
1838.0	11787.64394926178	-753.1566262340699
1839.0	11658.057995627232	-634.8120725062612
1840.0	11761.095686065722	-727.6400989718392
1841.0	11556.48385348854	-819.7850333878426
1842.0	11612.583237030092	-720.5550896047249
1843.0	11375.203356432781	-840.5834374072074
1844.0	11547.743851087973	-689.4341962667264
1845.0	11463.62859001576	-780.6954937750428
1846.0	11826.0813241581	-823.4897821455537
1847.0	11667.990920816306	-678.2494392445193
1848.0	11625.019419980033	-659.0150277110466
1849.0	11531.968354599056	-729.7120707985827
1850.0	11759.897165359356	-763.955578403887
1851.0	11584.606421805378	-689.7312926172739
1852.0	11492.368530838508	-891.44915407802
1853.0	11563.283504799823	-767.4161669463405
1854.0	11687.868877447605	-1129.4275036284598
1855.0	11786.768786434382	-769.9454113980482
1856.0	11855.036761319026	-874.232375021842
1857.0	11818.65864350333	-864.8063049437563
1858.0	11812.960895527489	-817.0776214912912
1859.0	11825.155835505937	-837.586760934395
1860.0	11810.166847600542	-850.5237181934468
1861.0	11837.24017433337	-858.7922369405527
1862.0	11899.720567632206	-944.9632439892163
1863.0	11853.091665320913	-886.9296510506441
1864.0	11792.080742418866	-919.2891739977003
1865.0	11869.344494870958	-913.6255429649736
1866.0	11616.41029654204	-1053.5556392559404
1867.0	11871.724923054111	-956.1797568627402
1868.0	11835.508494937014	-894.8068297968402
1869.0	11881.574117658109	-996.828890502106
1870.0	11918.289587882433	-978.1865704613447
1871.0	11885.103639569032	-938.7539753321149
1872.0	11930.764492431104	-1047.5262391513945
1873.0	11931.479456147876	-1012.4292145958456
1874.0	11899.618473192086	-963.0673386776476
1875.0	11916.483698908642	-990.5824369700264
1876.0	11939.630617433415	-1060.355238521631
1877.0	11901.359173483113	-1005.0812600477742
1878.0	11911.461894477945	-1020.5260243187853
1879.0	11945.491296174505	-1017.8328303996132
1880.0	11958.2874474993	-1051.6099219113632
1881.0	11854.438082930114	-1163.6523860347327
1882.0	11971.521148848731	-1069.8223400313
1883.0	12021.104436506947	-1121.4686716491753
1884.0	11997.831564507236	-1093.5354755606556
1885.0	11968.527174163464	-1098.5102246139668
1886.0	12034.494758736071	-1141.3879828422098
1887.0	11908.845462503106	-1130.623393833029
1888.0	12004.224119510376	-1115.5091229036934
1889.0	12001.466044271794	-1258.96269811133
1890.0	12020.562006741	-1136.1021099875113
1891.0	11943.027594950638	-1201.97351363657
1892.0	12066.592965087832	-1182.5233007269642
1893.0	12035.429118932821	-1155.3086505854135
1894.0	12022.16826771265	-1168.8127225074447
1895.0	12032.364670521012	-1198.8997871167248
1896.0	12051.828933797471	-1175.7646621875065
1897.0	12053.532401924544	-1208.874692119538
1898.0	12068.853691379583	-1198.8678493595041
1899.0	12108.071130864942	-1249.443663157422
1900.0	12089.361121734551	-1222.945133195805
1901.0	12056.162659931004	-1261.9523562105885
1902.0	12042.053820506257	-1242.4283938590768
1903.0	12078.483187297117	-1255.2332682539352
1904.0	11772.887331978192	-747.8065139697501
1905.0	11769.6334190955	-778.4077795293033
1906.0	11800.285701854009	-793.9207960888252
1907.0	11768.403859877733	-672.6625962349868
1908.0	11750.563295784	-705.7384423532827
1909.0	12032.92192868569	-1182.1343058172333
1910.0	12057.48533799954	-1227.042056320873
1911.0	11853.419881465828	-924.6963495248256
1912.0	11671.631111362281	-653.7489233854036
1913.0	11643.821651684053	-714.3651963878316
1914.0	11755.003822673882	-968.0025626123328
1915.0	11786.116449273344	-809.1677258673972
1916.0	11718.207570117358	-716.0911429202309
1917.0	11986.27171627728	-1173.6684559540572
1918.0	11969.385610981686	-1214.7776593614697
1919.0	12014.134863612833	-1209.4458582954728
1920.0	11992.026918461039	-1129.8530081659403
1921.0	12004.308473011895	-1162.6833104813068
1922.0	11970.677634586573	-1133.3374797212552
1923.0	11888.969232167663	-1057.3857975952385
1924.0	11939.924042101755	-1079.3661514186635
1925.0	11824.143747482556	-1099.2124671969893
1926.0	11881.396678850933	-972.7843399762805
1927.0	11815.704779397534	-882.8633782030896
1928.0	11831.808687484541	-996.0548629656956
1929.0	11854.880279799014	-950.4478889773782
1930.0	11813.528078332725	-929.3533081710715
1931.0	11835.758654987747	-915.5065294814194
1932.0	11629.186674001832	-993.7887743173754
1933.0	11794.230060109263	-824.1924813648033
1934.0	11768.920231990924	-801.331007512128
1935.0	11740.243270097599	-757.5799593470414
1936.0	11749.080503368372	-815.0685806975252
1937.0	11607.035816513455	-757.9620894019354
1938.0	11673.171442953508	-781.0365525390747
1939.0	11496.351534096337	-1009.1233778384327
1940.0	11638.638526242103	-787.1980845897275
1941.0	11505.581368596808	-832.495913634486
1942.0	11722.489644126683	-769.8879593304773
1943.0	11676.92524465719	-732.5418426479415
1944.0	11686.132985909768	-694.060638606598
1945.0	11644.406310040236	-683.9906208388069
1946.0	11424.051694744623	-976.0232144096954
1947.0	11590.328463864718	-945.6561680829722
1948.0	11922.944502857586	-1093.2092830937988
1949.0	11911.089427871653	-1041.4425780487097
1950.0	11751.996174978764	-691.0646392991445
1951.0	11704.87905697545	-683.468545138246
1952.0	11695.651968106837	-717.9784664609955
1953.0	11737.763529582198	-683.9601616425704
1954.0	11726.260263442806	-658.0931836976021
1955.0	11964.250531627913	-1158.3629827326422
1956.0	11990.45034162553	-1197.8256635186826
1957.0	11855.83399077779	-1119.1945131165128
1958.0	11885.042946725765	-1179.5842749854103
1959.0	11710.254633052517	-1043.5920105335517
1960.0	11786.112907715993	-1130.6622399112596
1961.0	11857.100641516901	-1012.1734277159698
1962.0	11661.725608712228	-1081.3725517697883
1963.0	11611.329689610031	-900.0409054238917
1964.0	11748.103345139083	-1062.4613602855995
1965.0	11913.238631817185	-1155.9675533623056
1966.0	11958.208515752563	-1117.18810131567
1967.0	11835.384340251527	-965.7979479412752
1968.0	11680.027189645281	-973.3821175038496
1969.0	11733.471133612373	-721.0021770134414
1970.0	11707.715195273413	-664.5600582111159
1971.0	11688.693702169441	-757.3867829827699
1972.0	11665.297208248594	-854.9091302989333
1973.0	11595.682325385931	-851.2977531452652
1974.0	11771.11434181463	-858.0696678440903
1975.0	11726.021698432824	-798.8385551443025
1976.0	11721.682759151656	-861.9368803955537
1977.0	11784.21501316002	-978.6329521357075
1978.0	11787.533958301583	-1041.4672418451075
1979.0	11811.693365263318	-953.8931871783747
1980.0	11894.834280232584	-1084.6386523109904
1981.0	11823.892659069947	-1063.0278385158715
1982.0	11931.59083824825	-1116.9478080886674
1983.0	11882.045685259363	-1109.7822425379138
1984.0	11794.507603534405	-893.4989437142976
1985.0	11748.06195897588	-845.2611254907455
1986.0	11747.11549757873	-910.4151417228628
1987.0	11770.953647461714	-883.9267511917715
1988.0	11533.827800838471	-948.1621058060633
1989.0	11720.896992107419	-901.2338132799899
1990.0	11796.70913408181	-1006.5605632702778
1991.0	11858.359788882533	-1044.2397246913158
1992.0	11715.779836525782	-995.3684412061781
1993.0	11761.034838863321	-933.1986634816288
1994.0	11657.815818198855	-899.2328665583555
1995.0	11687.65510809699	-924.4414724039101
1996.0	11699.242660079639	-807.9150228020208
1997.0	11634.084686425862	-828.1648818915552
1998.0	11695.922265190966	-840.8208032600518
