-- RS    PRES    FVF      VISC
PVTO
5.42697e-06  0.0159762    1.00966      1.0016      
           0.512781     1.00964      1.0016      
           1.00959      1.00962      1.0016      
           1.50639      1.00959      1.0016      
           2.0032       1.00957      1.0016      
           2.5          1.00955      1.0016       /
0.878825     1.01325      1.00931      1.0016      
           1.3106       1.0093       1.0016      
           1.60795      1.00928      1.0016      
           1.9053       1.00927      1.0016      
           2.20265      1.00926      1.0016      
           2.5          1.00924      1.0016       /
0.905563     1.04359      1.00902      1.0016      
           1.33487      1.00901      1.0016      
           1.62616      1.00899      1.0016      
           1.91744      1.00898      1.0016      
           2.20872      1.00897      1.0016      
           2.5          1.00895      1.0016       /
0.932289     1.07393      1.00875      1.00159     
           1.35915      1.00873      1.00159     
           1.64436      1.00872      1.00159     
           1.92957      1.00871      1.00159     
           2.21479      1.00869      1.00159     
           2.5          1.00868      1.00159      /
0.959003     1.10428      1.00848      1.00159     
           1.38342      1.00847      1.00159     
           1.66257      1.00846      1.00159     
           1.94171      1.00845      1.00159     
           2.22086      1.00843      1.00159     
           2.5          1.00842      1.00159      /
0.985706     1.13462      1.00824      1.00159     
           1.40769      1.00822      1.00159     
           1.68077      1.00821      1.00159     
           1.95385      1.0082       1.00159     
           2.22692      1.00819      1.00159     
           2.5          1.00817      1.00159      /
1.0124       1.16496      1.008        1.00159     
           1.43197      1.00799      1.00159     
           1.69898      1.00798      1.00159     
           1.96598      1.00797      1.00159     
           2.23299      1.00795      1.00159     
           2.5          1.00794      1.00159      /
1.03908      1.1953       1.00778      1.00159     
           1.45624      1.00777      1.00159     
           1.71718      1.00776      1.00159     
           1.97812      1.00774      1.00159     
           2.23906      1.00773      1.00159     
           2.5          1.00772      1.00159      /
1.06574      1.22564      1.00757      1.00159     
           1.48051      1.00756      1.00159     
           1.73539      1.00754      1.00159     
           1.99026      1.00753      1.00159     
           2.24513      1.00752      1.00159     
           2.5          1.00751      1.00159      /
1.0924       1.25598      1.00736      1.00159     
           1.50479      1.00735      1.00159     
           1.75359      1.00734      1.00159     
           2.00239      1.00733      1.00159     
           2.2512       1.00732      1.00159     
           2.5          1.00731      1.00159      /
1.11904      1.28633      1.00717      1.00159     
           1.52906      1.00716      1.00159     
           1.7718       1.00715      1.00159     
           2.01453      1.00714      1.00159     
           2.25727      1.00713      1.00159     
           2.5          1.00711      1.00159      /
1.14567      1.31667      1.00699      1.00159     
           1.55333      1.00698      1.00159     
           1.79         1.00696      1.00159     
           2.02667      1.00695      1.00159     
           2.26333      1.00694      1.00159     
           2.5          1.00693      1.00159      /
1.17229      1.34701      1.00681      1.00159     
           1.57761      1.0068       1.00159     
           1.80821      1.00679      1.00159     
           2.0388       1.00678      1.00159     
           2.2694       1.00677      1.00159     
           2.5          1.00676      1.00159      /
1.1989       1.37735      1.00664      1.00158     
           1.60188      1.00663      1.00158     
           1.82641      1.00662      1.00158     
           2.05094      1.00661      1.00158     
           2.27547      1.0066       1.00158     
           2.5          1.00659      1.00158      /
1.2255       1.40769      1.00648      1.00158     
           1.62616      1.00647      1.00158     
           1.84462      1.00646      1.00158     
           2.06308      1.00645      1.00158     
           2.28154      1.00644      1.00158     
           2.5          1.00643      1.00158      /
1.25208      1.43804      1.00632      1.00158     
           1.65043      1.00631      1.00158     
           1.86282      1.0063       1.00158     
           2.07521      1.00629      1.00158     
           2.28761      1.00628      1.00158     
           2.5          1.00627      1.00158      /
1.27866      1.46838      1.00617      1.00158     
           1.6747       1.00616      1.00158     
           1.88103      1.00615      1.00158     
           2.08735      1.00614      1.00158     
           2.29368      1.00613      1.00158     
           2.5          1.00612      1.00158      /
1.30522      1.49872      1.00603      1.00158     
           1.69898      1.00602      1.00158     
           1.89923      1.00601      1.00158     
           2.09949      1.006        1.00158     
           2.29974      1.00599      1.00158     
           2.5          1.00598      1.00158      /
1.33177      1.52906      1.00589      1.00158     
           1.72325      1.00588      1.00158     
           1.91744      1.00587      1.00158     
           2.11162      1.00586      1.00158     
           2.30581      1.00585      1.00158     
           2.5          1.00584      1.00158      /
1.35831      1.5594       1.00575      1.00158     
           1.74752      1.00574      1.00158     
           1.93564      1.00574      1.00158     
           2.12376      1.00573      1.00158     
           2.31188      1.00572      1.00158     
           2.5          1.00571      1.00158      /
1.38483      1.58974      1.00562      1.00158     
           1.7718       1.00562      1.00158     
           1.95385      1.00561      1.00158     
           2.1359       1.0056       1.00158     
           2.31795      1.00559      1.00158     
           2.5          1.00558      1.00158      /
1.41135      1.62009      1.0055       1.00158     
           1.79607      1.00549      1.00158     
           1.97205      1.00548      1.00158     
           2.14803      1.00547      1.00158     
           2.32402      1.00547      1.00158     
           2.5          1.00546      1.00158      /
1.43785      1.65043      1.00538      1.00158     
           1.82034      1.00537      1.00158     
           1.99026      1.00536      1.00158     
           2.16017      1.00536      1.00158     
           2.33009      1.00535      1.00158     
           2.5          1.00534      1.00158      /
1.46434      1.68077      1.00526      1.00158     
           1.84462      1.00525      1.00158     
           2.00846      1.00525      1.00158     
           2.17231      1.00524      1.00158     
           2.33615      1.00523      1.00158     
           2.5          1.00522      1.00158      /
1.49082      1.71111      1.00515      1.00157     
           1.86889      1.00514      1.00157     
           2.02667      1.00514      1.00157     
           2.18444      1.00513      1.00157     
           2.34222      1.00512      1.00157     
           2.5          1.00511      1.00157      /
1.51729      1.74145      1.00504      1.00157     
           1.89316      1.00503      1.00157     
           2.04487      1.00503      1.00157     
           2.19658      1.00502      1.00157     
           2.34829      1.00501      1.00157     
           2.5          1.00501      1.00157      /
1.54375      1.7718       1.00493      1.00157     
           1.91744      1.00493      1.00157     
           2.06308      1.00492      1.00157     
           2.20872      1.00491      1.00157     
           2.35436      1.00491      1.00157     
           2.5          1.0049       1.00157      /
1.57019      1.80214      1.00483      1.00157     
           1.94171      1.00483      1.00157     
           2.08128      1.00482      1.00157     
           2.22086      1.00481      1.00157     
           2.36043      1.00481      1.00157     
           2.5          1.0048       1.00157      /
1.59662      1.83248      1.00473      1.00157     
           1.96598      1.00473      1.00157     
           2.09949      1.00472      1.00157     
           2.23299      1.00471      1.00157     
           2.3665       1.00471      1.00157     
           2.5          1.0047       1.00157      /
1.62305      1.86282      1.00464      1.00157     
           1.99026      1.00463      1.00157     
           2.11769      1.00462      1.00157     
           2.24513      1.00462      1.00157     
           2.37256      1.00461      1.00157     
           2.5          1.00461      1.00157      /
1.64945      1.89316      1.00454      1.00157     
           2.01453      1.00454      1.00157     
           2.1359       1.00453      1.00157     
           2.25727      1.00453      1.00157     
           2.37863      1.00452      1.00157     
           2.5          1.00452      1.00157      /
1.67585      1.92351      1.00445      1.00157     
           2.0388       1.00445      1.00157     
           2.1541       1.00444      1.00157     
           2.2694       1.00444      1.00157     
           2.3847       1.00443      1.00157     
           2.5          1.00443      1.00157      /
1.70224      1.95385      1.00436      1.00157     
           2.06308      1.00436      1.00157     
           2.17231      1.00435      1.00157     
           2.28154      1.00435      1.00157     
           2.39077      1.00434      1.00157     
           2.5          1.00434      1.00157      /
1.72861      1.98419      1.00428      1.00157     
           2.08735      1.00427      1.00157     
           2.19051      1.00427      1.00157     
           2.29368      1.00426      1.00157     
           2.39684      1.00426      1.00157     
           2.5          1.00425      1.00157      /
1.75498      2.01453      1.00419      1.00157     
           2.11162      1.00419      1.00157     
           2.20872      1.00418      1.00157     
           2.30581      1.00418      1.00157     
           2.40291      1.00418      1.00157     
           2.5          1.00417      1.00157      /
1.78133      2.04487      1.00411      1.00156     
           2.1359       1.00411      1.00156     
           2.22692      1.0041       1.00156     
           2.31795      1.0041       1.00156     
           2.40897      1.0041       1.00156     
           2.5          1.00409      1.00156      /
1.80767      2.07521      1.00403      1.00156     
           2.16017      1.00403      1.00156     
           2.24513      1.00402      1.00156     
           2.33009      1.00402      1.00156     
           2.41504      1.00402      1.00156     
           2.5          1.00401      1.00156      /
1.83399      2.10556      1.00396      1.00156     
           2.18444      1.00395      1.00156     
           2.26333      1.00395      1.00156     
           2.34222      1.00394      1.00156     
           2.42111      1.00394      1.00156     
           2.5          1.00394      1.00156      /
1.86031      2.1359       1.00388      1.00156     
           2.20872      1.00388      1.00156     
           2.28154      1.00387      1.00156     
           2.35436      1.00387      1.00156     
           2.42718      1.00387      1.00156     
           2.5          1.00386      1.00156      /
1.88661      2.16624      1.00381      1.00156     
           2.23299      1.0038       1.00156     
           2.29974      1.0038       1.00156     
           2.3665       1.0038       1.00156     
           2.43325      1.00379      1.00156     
           2.5          1.00379      1.00156      /
1.91291      2.19658      1.00373      1.00156     
           2.25727      1.00373      1.00156     
           2.31795      1.00373      1.00156     
           2.37863      1.00373      1.00156     
           2.43932      1.00372      1.00156     
           2.5          1.00372      1.00156      /
1.93919      2.22692      1.00366      1.00156     
           2.28154      1.00366      1.00156     
           2.33615      1.00366      1.00156     
           2.39077      1.00366      1.00156     
           2.44538      1.00365      1.00156     
           2.5          1.00365      1.00156      /
1.96546      2.25727      1.0036       1.00156     
           2.30581      1.00359      1.00156     
           2.35436      1.00359      1.00156     
           2.40291      1.00359      1.00156     
           2.45145      1.00359      1.00156     
           2.5          1.00358      1.00156      /
1.99172      2.28761      1.00353      1.00156     
           2.33009      1.00353      1.00156     
           2.37256      1.00352      1.00156     
           2.41504      1.00352      1.00156     
           2.45752      1.00352      1.00156     
           2.5          1.00352      1.00156      /
2.01796      2.31795      1.00346      1.00156     
           2.35436      1.00346      1.00156     
           2.39077      1.00346      1.00156     
           2.42718      1.00346      1.00156     
           2.46359      1.00346      1.00156     
           2.5          1.00345      1.00156      /
2.0442       2.34829      1.0034       1.00156     
           2.37863      1.0034       1.00156     
           2.40897      1.0034       1.00156     
           2.43932      1.00339      1.00156     
           2.46966      1.00339      1.00156     
           2.5          1.00339      1.00156      /
2.07042      2.37863      1.00334      1.00155     
           2.40291      1.00333      1.00155     
           2.42718      1.00333      1.00155     
           2.45145      1.00333      1.00155     
           2.47573      1.00333      1.00155     
           2.5          1.00333      1.00155      /
2.09663      2.40897      1.00327      1.00155     
           2.42718      1.00327      1.00155     
           2.44538      1.00327      1.00155     
           2.46359      1.00327      1.00155     
           2.48179      1.00327      1.00155     
           2.5          1.00327      1.00155      /
2.12283      2.43932      1.00321      1.00155     
           2.45145      1.00321      1.00155     
           2.46359      1.00321      1.00155     
           2.47573      1.00321      1.00155     
           2.48786      1.00321      1.00155     
           2.5          1.00321      1.00155      /
2.14902      2.46966      1.00316      1.00155     
           2.47573      1.00315      1.00155     
           2.48179      1.00315      1.00155     
           2.48786      1.00315      1.00155     
           2.49393      1.00315      1.00155     
           2.5          1.00315      1.00155      /
2.1752       2.5          1.0031       1.00155     
           2.5          1.0031       1.00155     
           2.5          1.0031       1.00155     
           2.5          1.0031       1.00155     
           2.5          1.0031       1.00155     
           2.5          1.0031       1.00155      /
/
