1.0	29091.324837086493	-3538.3598016475316
2.0	28890.849913919967	-3572.4371091230155
3.0	29398.878420933703	-3942.266167866976
4.0	29795.36317941472	-4165.351061055183
5.0	29147.292844377112	-3689.1173858776688
6.0	29346.80175013358	-3696.7262575298155
7.0	29725.565409123858	-3677.1111503068155
8.0	30053.304572403675	-4036.734808186388
9.0	30617.780703392084	-3542.206645666389
10.0	30894.441664973867	-4161.115272048468
11.0	31361.052230427125	-3566.7493044707517
12.0	31430.470194575948	-4172.572641847096
13.0	32078.94707579134	-4194.191219583651
14.0	32307.98399743576	-4022.744474877613
15.0	32733.285876783764	-4186.40668943306
16.0	33203.96139870521	-3596.6213896818203
17.0	33259.61270214091	-4195.670290439658
18.0	33897.42521127253	-4229.072488738854
19.0	34129.529672973375	-4059.955910338545
20.0	34549.638531038916	-4225.9646806457495
21.0	35024.97335193914	-3630.315625672116
22.0	35076.53312663779	-4231.820530596771
23.0	35734.53800706112	-4262.356684298338
24.0	36316.15163909123	-4270.413572660312
25.0	37538.56301586076	-4312.354964919654
26.0	37779.50587035796	-4141.800979109573
27.0	38197.860467182385	-4303.018895760248
28.0	38683.56409453702	-3705.8243848996462
29.0	38724.00131236857	-4305.887320901979
30.0	39381.00680021546	-4320.341295320254
31.0	39964.93587893108	-4310.61526345997
32.0	44829.35098602389	-4376.072014926453
33.0	44881.132989300626	-3974.9569079245903
34.0	44905.101831783075	-3678.1906291685323
35.0	42723.702652457614	-3711.28368126168
36.0	41257.5249246269	-3708.253087916854
37.0	44577.07274494934	-3716.888486818179
38.0	39848.14030916343	-3710.7230896183014
39.0	44200.54308886853	-3730.262469300111
40.0	36183.20410198687	-3666.410004738964
41.0	30262.565689327996	-3536.997314507566
42.0	36838.09198962502	-3690.550799720839
43.0	30984.91987576903	-3555.9617727813843
44.0	37209.47048760179	-3688.379089319513
45.0	31733.517244304425	-3570.687184044136
46.0	32096.145069115097	-3594.0994845838736
47.0	32836.74125905552	-3590.7900919539843
48.0	33566.234821806436	-3603.2382388915416
49.0	33922.91903587237	-3630.263329682046
50.0	34659.64181582449	-3627.6042484063705
51.0	35386.21082760185	-3637.6079460578785
52.0	35762.51219414487	-3662.8676191294076
53.0	36427.459170898386	-3673.9668881856965
54.0	40508.60154588777	-3714.915476914042
55.0	40890.10859135187	-3705.323285952201
56.0	37081.0932630474	-4120.011011837615
57.0	37572.89341434315	-3713.098646071314
58.0	41621.86238554981	-3706.28714273518
59.0	38318.55245063206	-3703.9605237692977
60.0	41986.3297048468	-3708.3948002984507
61.0	39050.71198216107	-3706.528132494741
62.0	39427.14120680234	-3720.301947084235
63.0	42355.61441222022	-3710.7883171105946
64.0	40091.24780367403	-3710.434268991992
65.0	40545.11533135078	-4314.962503551564
66.0	43087.451041444605	-3712.6232768254763
67.0	41208.48753033223	-4308.167345224157
68.0	43451.11047847837	-3715.178248776431
69.0	41734.52548910607	-4306.6257690137545
70.0	43818.91789199545	-3718.8311281432784
71.0	42382.67181413655	-4310.88573460046
72.0	42836.185514946046	-4136.474404472894
73.0	43554.624968891505	-4315.775816437308
74.0	44451.888309377166	-4151.607404424251
75.0	44710.483975324525	-4194.986370339779
76.0	29526.10328684231	-3529.657136971158
77.0	29908.596129013506	-3570.3326597369287
78.0	29654.71629885324	-3928.460793413871
79.0	30439.94513438339	-3664.0829469267287
80.0	30476.154778556072	-3969.554502334995
81.0	31169.114859265086	-3689.3792269121027
82.0	31163.941237217306	-3992.72324911091
83.0	31862.454542309337	-4017.162128710117
84.0	31545.978111102693	-3695.6917023075453
85.0	32467.088659635967	-3583.443069396908
86.0	32276.58430016377	-3723.229301761507
87.0	33006.83793991328	-4017.597998416528
88.0	32649.356707534997	-3713.2633921472443
89.0	33686.42874389357	-4048.898404599888
90.0	33383.39001291118	-3724.2946274000183
91.0	34293.405943727594	-3618.931219028957
92.0	34102.26973840311	-3759.389272464106
93.0	34825.17883696441	-4054.729145842752
94.0	34473.38896754868	-3750.0605781902655
95.0	35578.133917022795	-3781.4499856600264
96.0	35269.89862830556	-4059.000604755353
97.0	36036.0954557758	-4100.9523525996365
98.0	36598.12715569183	-3813.6452608981745
99.0	36009.95297793302	-3800.2114020385247
100.0	36889.17784357722	-4291.556074490512
101.0	37952.10726356076	-3701.9926925030054
102.0	37757.48066729452	-3841.4929598217736
103.0	38480.34058208175	-4130.129426723792
104.0	38135.27373289021	-3828.5931409448262
105.0	39176.81657100976	-4145.871299639089
106.0	38865.21202501265	-3831.6292003551207
107.0	39686.132043908925	-4150.249599938253
108.0	40261.17254625861	-3845.259780785352
109.0	39669.088375000836	-3850.251111931279
110.0	44786.2348210837	-3797.1049845818584
111.0	42144.37739773071	-4135.408724388558
112.0	41454.97111305277	-4133.31024091558
113.0	40750.547782074624	-4140.159208676105
114.0	43725.45584003389	-4143.37205600585
115.0	44208.06382804693	-4330.296279776888
116.0	44413.375247218915	-3851.3614442453836
117.0	30095.68841173184	-3693.066049975189
118.0	30256.39149417251	-4186.137628127031
119.0	36583.362589682634	-4113.1723615589335
120.0	37015.24284308602	-3818.5328377287024
121.0	30710.597816308164	-3976.8183060894503
122.0	30795.90240505555	-3675.008829021175
123.0	37383.28021143951	-3833.4578976883
124.0	37326.92460989368	-4132.406197248841
125.0	31620.569697299303	-3998.1710174850814
126.0	31911.052232905084	-3716.585566826445
127.0	32558.017672847025	-4010.524069435383
128.0	33018.95428749707	-3719.2420782255917
129.0	33451.15766393067	-4024.9876079669193
130.0	33739.18250306368	-3750.6558834175194
131.0	34378.16744669337	-4048.45029043853
132.0	34839.96060089468	-3754.7584258516376
133.0	35203.55708967664	-3757.4664198218125
134.0	35524.017252096266	-4080.1981002678453
135.0	40239.39418351571	-4145.27297796656
136.0	40692.25563386871	-3840.12537921979
137.0	41008.424133876724	-4132.967440620157
138.0	41073.327882848076	-3833.0697179606505
139.0	41439.104758376074	-3833.2937062677834
140.0	41899.57387140086	-4132.702413922806
141.0	38500.265522324284	-3830.164086306059
142.0	38034.50668968308	-4127.686172518043
143.0	42169.93204343313	-3835.537967436094
144.0	41802.7771225213	-3832.3803222920287
145.0	38925.574183086734	-4131.726795939719
146.0	39239.99464650473	-3845.8304394100433
147.0	42592.51427283095	-4137.056353182009
148.0	42539.90222521219	-3836.829692644607
149.0	43279.33700878638	-4138.801705884092
150.0	42905.55645559868	-3836.8547897482263
151.0	43029.4358066729	-4312.285264514045
152.0	43267.98130290546	-3838.759332920192
153.0	44015.17250260992	-3855.6215174593203
154.0	43984.180179630064	-4155.409367757228
155.0	43633.29705550167	-3842.816861308874
156.0	29956.81845524372	-4912.235591800972
157.0	30664.9332946261	-5035.697739199094
158.0	29633.664805297976	-4748.572976262967
159.0	17559.82362613391	-3456.362688814177
160.0	17989.33378128444	-3414.977914754843
161.0	18382.531997969272	-3393.0914879237293
162.0	18928.23522474526	-3358.8439411966046
163.0	19820.59979440309	-3373.162087786235
164.0	20356.743437798545	-3389.694677366895
165.0	20884.920289877922	-3393.511723834159
166.0	21408.857937002907	-3413.472607030513
167.0	21941.902200760498	-3437.4249066097304
168.0	22473.554045939043	-3451.4065213216995
169.0	23004.69358810078	-3449.8006183350403
170.0	23535.139238252785	-3437.1563980280134
171.0	24234.522536434666	-3419.63412848203
172.0	25437.879984781626	-3409.1963885378154
173.0	26134.298073018555	-3408.190897619268
174.0	27354.64177226037	-3392.672376466924
175.0	28049.249747545324	-3382.6399138835295
176.0	31420.659676751628	-5147.8164160795895
177.0	30270.315632886846	-4784.205907503848
178.0	30952.28070720118	-4983.220475379675
179.0	16455.6992367139	-3522.388338963452
180.0	16701.581282386396	-3525.53822678801
181.0	16940.294302047794	-3462.6746153107792
182.0	16296.54628632628	-3559.9886276042594
183.0	17504.796062120204	-3853.8794527965824
184.0	16555.709579048966	-3600.8796810469357
185.0	16867.392762746942	-3711.1653715254147
186.0	17175.80579450501	-3776.6965273200476
187.0	17077.255561524395	-3524.3038479407683
188.0	17361.038947632573	-3714.0236412443264
189.0	17896.486197006237	-3971.1663372226417
190.0	17657.866126625027	-3749.0056518660385
191.0	18283.59559390739	-4050.588419517296
192.0	18093.95567660325	-3478.764904319851
193.0	18705.420733952753	-4143.487423326366
194.0	18480.827628540308	-3441.8822177864895
195.0	18664.574283048863	-3425.874923791324
196.0	19157.57608095111	-4226.180536629939
197.0	19016.975233374	-3419.2545648700543
198.0	19635.617140999486	-4306.061815006592
199.0	19371.064631827197	-3428.071505926251
200.0	20121.467117058695	-4395.22902887574
201.0	19909.38202557404	-3434.4430696505246
202.0	20635.382147675293	-4465.50295619889
203.0	20445.017733020042	-3450.007302689582
204.0	21170.629936603775	-4544.878705663133
205.0	20970.266835957245	-3455.9805455545043
206.0	21725.493367617604	-4599.859131029173
207.0	21493.776478451484	-3477.658231634397
208.0	21673.199192539316	-3485.8809046873735
209.0	22282.194647591085	-4675.926357222362
210.0	22028.33208987801	-3499.938567931708
211.0	22205.733846014788	-3504.9096844802175
212.0	22858.429919464368	-4722.964422219032
213.0	22561.657873438307	-3511.332243926308
214.0	22739.034570981265	-3509.7856337529824
215.0	23455.43804541233	-4751.7292403205265
216.0	23094.014573172903	-3508.505913524232
217.0	23271.455677058664	-3503.146411572554
218.0	24063.383769820586	-4791.594522068689
219.0	23623.962877288348	-3494.156954016625
220.0	24148.538222299267	-3480.6189964021582
221.0	24682.154530508382	-4816.483337253915
222.0	24321.433543724725	-3477.381844812802
223.0	24493.797931782843	-3473.667809187927
224.0	25307.73421863351	-4843.650097024871
225.0	24834.73705185237	-3469.0790850915596
226.0	24613.47873668926	-4222.445629178003
227.0	25942.8353252114	-4868.791619093031
228.0	25523.941414575263	-3468.4959156134755
229.0	25227.24090581597	-4241.731221917795
230.0	26587.518724004844	-4878.570010210907
231.0	26221.492882035684	-3466.638740027949
232.0	26395.750501808277	-3465.246903026918
233.0	27244.010705013683	-4881.811705549593
234.0	26745.20930796924	-3461.270480579535
235.0	26478.084722371394	-4247.925146547658
236.0	27913.840414724837	-4878.248624409693
237.0	27442.976517811898	-3450.5752000011876
238.0	27617.10915689394	-3447.6720091307725
239.0	27139.56995058215	-4248.7363568766095
240.0	28557.484154892034	-4908.713135512889
241.0	28489.206096840382	-3405.6863318636842
242.0	28222.62870429132	-3381.3441790939346
243.0	28313.591033304543	-3434.4034828883086
244.0	29279.936696954184	-4967.2369206722815
245.0	28589.657106611132	-4260.484625144142
246.0	28822.234733263813	-4684.218692712783
247.0	29605.482336458193	-4429.634993527433
248.0	29230.528622341513	-4163.429956816998
249.0	17776.659717378916	-3441.9280389863347
250.0	17320.807668878155	-3447.519728781263
251.0	17884.227506698237	-3500.5618278280695
252.0	18188.1954898825	-3408.4009942822017
253.0	18117.98626228201	-3912.3146874311315
254.0	18751.377265439456	-3367.015589522203
255.0	18448.475681399632	-3687.0564153616483
256.0	19282.729227915494	-3365.1363823962115
257.0	18982.79311073772	-3875.9854779296124
258.0	19193.00187694584	-3423.3247232846647
259.0	19641.341981805654	-3372.857583562903
260.0	20177.975821975513	-3373.253371214548
261.0	19674.81943878606	-3836.2663361071413
262.0	20708.625825275092	-3377.3366962309155
263.0	20211.783605261706	-3923.8427775675796
264.0	21236.202904704467	-3400.3822848694485
265.0	20749.615429580033	-3945.2088687511327
266.0	21764.622968808533	-3430.458409009507
267.0	21562.847370183994	-3685.515317407142
268.0	22295.977783512102	-3447.363284156112
269.0	22122.83429939541	-3711.7677976249615
270.0	22827.557325574835	-3449.8984920827756
271.0	22619.02964106361	-3732.9734611081185
272.0	23358.96976119033	-3441.1545455502073
273.0	23162.066690142008	-3723.795536440181
274.0	23886.74323255919	-3429.4316460768136
275.0	24749.421058735115	-3411.35084008242
276.0	24414.67587986636	-3698.14880472394
277.0	24579.529406387373	-3412.6229613480186
278.0	25265.67949531371	-3407.701510095077
279.0	25959.472342573663	-3409.545320421917
280.0	25094.05173377776	-3407.9132291370825
281.0	25785.256295905387	-3407.1317791579254
282.0	26656.98958446409	-3403.095747337437
283.0	26265.370968122825	-3695.25120105866
284.0	26482.62604515649	-3405.2751378380162
285.0	27180.060525439705	-3395.1573774861286
286.0	27876.098872895862	-3385.159280170756
287.0	27006.203177049847	-3397.8658815507893
288.0	28768.567201119997	-3683.5830031272076
289.0	28614.56794572249	-3522.7753990115016
290.0	16816.758331476518	-3575.0343293218157
291.0	17179.212743696877	-3452.8101757699405
292.0	17055.816098962972	-3667.97067069543
293.0	17413.42187099503	-3532.4841996713913
294.0	18307.845067543592	-3638.60084970338
295.0	17911.818937432177	-3644.2757295407537
296.0	17801.606507461598	-3801.6192631084887
297.0	17660.51076727628	-3533.0283294565684
298.0	18054.101407096125	-3626.5811716607545
299.0	18165.389042401326	-3725.073055436979
300.0	18290.79724551764	-3469.7450558895066
301.0	18788.143204878437	-3630.736014437082
302.0	18517.05439834837	-3990.618306823524
303.0	18569.106145163907	-3820.8732282479527
304.0	18568.534441917454	-3368.2379153056536
305.0	18786.424635617062	-3777.0240932175693
306.0	18842.673576870646	-3422.7125835318893
307.0	19006.53749179006	-3554.779170823144
308.0	18953.840955888943	-4072.7037294628376
309.0	19105.224557066176	-3361.920260170178
310.0	19133.125169935312	-3634.003179899008
311.0	19550.045634274386	-3575.0659525141564
312.0	19421.47278418447	-4142.45705969649
313.0	19482.482880635125	-3925.3581236683726
314.0	19461.67878005112	-3370.5676827609836
315.0	19731.025250007548	-3433.2271179218883
316.0	19748.977600361046	-3570.0184806035954
317.0	19550.97209800114	-3432.4320002086192
318.0	20082.83266195206	-3583.8232649887555
319.0	19899.74247607287	-4221.202350688961
320.0	19998.49150226561	-3374.494173859874
321.0	20267.838869663017	-3449.9207770985427
322.0	19973.873303828386	-3980.720285837912
323.0	20088.078842859544	-3434.719700861555
324.0	20203.050636149197	-3599.1119655832495
325.0	20627.062654513622	-3575.9054605878896
326.0	20393.72557820013	-4295.788134160876
327.0	20533.07884007168	-3374.303326421423
328.0	20795.130014802944	-3449.1405000458726
329.0	20409.91123864763	-4064.883947703764
330.0	20619.774114005017	-3434.957749723697
331.0	20743.674650952773	-3588.447693053502
332.0	21143.53008422663	-3578.89317377416
333.0	20917.22713106018	-4367.344109318391
334.0	20935.294952506596	-4123.363661612698
335.0	21060.004038689072	-3391.5663507823206
336.0	21318.286704099937	-3465.825310892959
337.0	21145.415634836503	-3453.7165656003403
338.0	21550.490493804842	-3851.095970189833
339.0	21666.423180611073	-3621.287133959407
340.0	21464.411718722953	-4429.819342331432
341.0	21503.491000815546	-4203.644777571732
342.0	21587.706108926777	-3421.776208599347
343.0	22122.173625190848	-3878.393258799104
344.0	21850.74260925615	-3493.839296606771
345.0	22212.817248334763	-3639.561838923295
346.0	22019.2476362345	-4493.86650823245
347.0	22118.897168808486	-3442.9797600511483
348.0	22062.187176841497	-4253.401526077105
349.0	22530.487155073282	-3659.119707799233
350.0	22383.644868069325	-3509.9937630488785
351.0	22738.51686738744	-3644.6191997399765
352.0	22579.869429817543	-4556.86152633452
353.0	22650.718063022457	-3450.3524312481986
354.0	22579.504773724508	-4313.338599625097
355.0	23071.03629604098	-3649.4835036001627
356.0	22916.288187862025	-3510.5834458965655
357.0	23274.268778502603	-3640.603029749578
358.0	23163.76421095272	-4583.932440805685
359.0	23182.231865830003	-3445.361328187226
360.0	23176.32728794988	-4326.40081821122
361.0	23596.42252679187	-3752.925310491008
362.0	23447.936890578596	-3498.7804412255755
363.0	23786.172977210896	-3628.704989963564
364.0	23764.736294214774	-4615.230253497091
365.0	23776.760428345588	-4348.62219253946
366.0	23711.084572001124	-3432.37178983153
367.0	23974.87929199608	-3486.341479391398
368.0	23799.828844738626	-3490.7216059696643
369.0	24061.148219926068	-3423.7346884772746
370.0	23990.144170488667	-3626.1783183358834
371.0	24508.753952355037	-3612.003229323562
372.0	24377.171925981766	-4648.974602392267
373.0	24394.055516137592	-4379.726419780651
374.0	24407.383536294135	-3416.7437965987087
375.0	24621.52976611599	-3610.231458211752
376.0	24663.824187559672	-3470.980811080181
377.0	25177.23877551372	-3603.002394663399
378.0	24999.24672343889	-4670.991608856984
379.0	24922.158646144326	-3408.7353491143663
380.0	25179.118982036733	-3466.297704244
381.0	25010.58322828282	-4393.835545762675
382.0	25007.574688976772	-3466.844937666066
383.0	25040.507873059785	-3683.9578577148845
384.0	25350.5645855699	-3467.5477590247033
385.0	25291.349405673984	-3604.211214287688
386.0	25737.47738728895	-3597.6941285966627
387.0	25627.65895410541	-4694.935000612842
388.0	25612.03642477245	-3408.930798024783
389.0	25871.45821708461	-3466.840726125362
390.0	25630.438356746734	-4423.070783509801
391.0	25697.825155427807	-3466.1802551055603
392.0	26179.83977439233	-3611.1164431322445
393.0	25853.263005755023	-3598.3434446729602
394.0	26046.518759366492	-3468.4181860982476
395.0	26394.214838458753	-3609.2999679642962
396.0	26264.793857287907	-4708.432116927752
397.0	26308.559739115706	-3406.7204330169866
398.0	26262.714580662618	-4415.50456150674
399.0	26626.221070512867	-3601.7751505601104
400.0	26569.973780133365	-3463.5534748668797
401.0	26973.310525589008	-3598.881435508602
402.0	26915.185990793354	-4709.997123655099
403.0	26915.844962980646	-4411.3014884113
404.0	26832.26706179472	-3400.7270217106907
405.0	27093.764730820127	-3455.6680619096646
406.0	26920.105276156366	-3458.5587917812686
407.0	27321.132665360947	-3597.827203223051
408.0	27267.9977579487	-3453.2082183327293
409.0	27089.06991066289	-3596.894568247317
410.0	27656.078744363305	-3591.83336153503
411.0	27586.212410099484	-4701.583236539732
412.0	28408.050839292726	-3613.917468648227
413.0	27529.386947256597	-3389.8594877809865
414.0	27587.901021590314	-4414.06374870494
415.0	27702.84362533444	-3387.2866363754833
416.0	28095.451759942545	-3577.2191543841277
417.0	27963.770272508336	-3442.594379368036
418.0	27771.409121108944	-3590.123511032358
419.0	27790.21662105793	-3445.2192382380867
420.0	28791.28643324481	-4342.445679558688
421.0	28241.869187101864	-4713.853063108202
422.0	28179.509505367925	-3659.231867126941
423.0	28394.660745183446	-3374.692023372599
424.0	28304.99043883995	-4407.39756589355
425.0	28137.488907072635	-3440.6364166602216
426.0	28503.678242742968	-3503.6068268302133
427.0	28965.5160528478	-3900.5973769417064
428.0	28629.987260007194	-3652.1575517205297
429.0	28312.508981511233	-3575.7084331974074
430.0	28787.265332757204	-3860.9856867157614
431.0	29296.485657304525	-4413.908514836142
432.0	29093.580494994083	-4721.621608717113
433.0	28996.675160012077	-4129.370037543876
434.0	28484.78898971019	-3720.65643091685
435.0	28616.795113287793	-4007.7972929033845
436.0	27989.89592681621	-4196.450860925041
437.0	28452.89871135358	-3898.8934885111507
438.0	18891.94127638813	-3557.78784672174
439.0	18529.72348994471	-3566.991351410534
440.0	28289.818686434923	-3968.5482952648103
441.0	27979.02329812506	-3578.567617710596
442.0	27437.86146211208	-3596.098741245534
443.0	27228.500612694716	-3681.002868714102
444.0	26743.21744755133	-3600.2566614507755
445.0	27873.471946024216	-3853.2202415448287
446.0	27253.473234986643	-3860.1115369254658
447.0	26911.11924737736	-3892.7325351629684
448.0	25822.823445285845	-4264.92570549518
449.0	27083.823687868815	-3989.8073936619135
450.0	26062.968587862586	-3612.538718763824
451.0	25530.039930394207	-3619.353452407778
452.0	26573.959148597383	-3859.7064052145556
453.0	25936.38420721747	-3857.983013439573
454.0	25384.76332070465	-3696.7173805951024
455.0	24840.387875924047	-3608.023986767073
456.0	25688.574071426225	-4017.923949635926
457.0	25657.787172452536	-3691.3022083101882
458.0	23995.173448962905	-4228.498004904777
459.0	24955.911034781806	-3606.184875824469
460.0	25179.906518722146	-3987.486314209719
461.0	25016.54861501527	-3894.9046632716017
462.0	24105.855145727957	-3621.82767112265
463.0	23668.982507268014	-3630.6916019732803
464.0	23382.221967888327	-4156.815080053056
465.0	23855.002136745403	-3900.315059003036
466.0	23888.35224352405	-3707.251869015199
467.0	24707.445473357468	-3851.020621133632
468.0	24147.29678801873	-3881.108522780369
469.0	23464.200549138015	-3678.014705731914
470.0	22760.011577801666	-4194.75153534361
471.0	23680.262889956106	-3944.0018884691285
472.0	23977.55875989788	-3994.9757115595326
473.0	22952.391602283562	-3650.70916004732
474.0	22324.769532105045	-4191.938448357593
475.0	23318.458510223794	-3945.6627425547267
476.0	23161.463196882123	-3909.8407630322968
477.0	22411.460515153038	-3658.3175569877712
478.0	21715.37951341431	-4052.2240522234656
479.0	22713.436195301474	-3984.530997757544
480.0	22586.52453104693	-3915.224026552261
481.0	21844.379147266216	-3641.9828872122284
482.0	21338.579910419092	-4080.7533921192917
483.0	22378.364671927655	-4004.0444128708236
484.0	21991.00725739627	-3888.050190985579
485.0	20988.229622509785	-3719.44987427094
486.0	21257.76482544368	-3587.6164692635357
487.0	21679.94809675879	-3876.4360789885664
488.0	21330.25333153211	-3663.596644936851
489.0	20468.709499101926	-3718.8649743567125
490.0	21027.123806762935	-3584.3354836836747
491.0	21117.724569443195	-3852.899499541709
492.0	20821.162321368585	-3727.83136791854
493.0	19951.614946185557	-3660.337189751328
494.0	20511.29295169284	-3591.7693815569123
495.0	20571.727903892857	-3932.3423027361036
496.0	20278.250622946696	-3726.057398003885
497.0	19349.982835383547	-3563.0164892121975
498.0	19867.75165040147	-3571.182521414778
499.0	18652.072522970364	-3554.5200855163516
500.0	19231.340231398917	-3559.8830370604046
501.0	27872.544398563605	-3666.0367913075875
502.0	28169.04842059796	-4224.365040406451
503.0	27578.273642676588	-3907.2417372128643
504.0	27563.241479026143	-3679.5443814295904
505.0	26883.480450809453	-3680.035846309265
506.0	26537.337672186466	-3687.5498784686256
507.0	26749.341266013565	-3985.8739549110614
508.0	26247.869035011972	-3908.5620595685214
509.0	25957.726959740165	-3685.168571635091
510.0	25505.101947358347	-4017.1738228903428
511.0	25752.23003839592	-3864.7659661909674
512.0	24712.7774613631	-3689.546388889504
513.0	24868.34813477082	-3980.150745344273
514.0	24313.76986672475	-3620.4514328023965
515.0	24184.175782863385	-3703.9123911921174
516.0	24417.445970185257	-3903.0936372769756
517.0	22025.185818144964	-3634.074451062444
518.0	21751.48349489036	-3714.0082288869976
519.0	21932.392467037524	-3719.7043803459237
520.0	21904.92938097564	-4060.3600262590276
521.0	21475.693751636947	-3605.9911111701585
522.0	21421.0108200639	-3903.9925579722913
523.0	19658.3678684324	-3652.282898550146
524.0	19849.29246649879	-3843.1565864971403
525.0	19167.75344992703	-3803.445365648022
526.0	19355.656195887797	-3814.4553519496876
527.0	19439.670519880714	-3648.1466183524667
528.0	26698.320718903513	-4245.513944944697
529.0	26413.334381758814	-3994.7673532200874
530.0	26082.303149954445	-3998.066669794189
531.0	26032.398354992514	-4251.851378404837
532.0	24279.660962199003	-4002.5923969436844
533.0	24204.4735812805	-4235.520572886624
534.0	23378.04652119368	-3757.845428233571
535.0	23584.406492491264	-4158.786728660308
536.0	24815.048360944555	-4224.83672012727
537.0	24561.681809818427	-3978.7410226172674
538.0	25354.2453754905	-3868.9255250327456
539.0	25429.402069109387	-4257.099975332735
540.0	27419.590499725862	-4003.5599673627644
541.0	27359.451499489704	-4260.021694567377
542.0	28153.180973099446	-3830.078937785558
543.0	27729.73140502212	-4005.9991755913748
544.0	27799.497784172	-4256.359459878838
545.0	28011.975283827345	-3936.490098335324
546.0	22330.876832915787	-3730.3392325380823
547.0	22270.895033634893	-3895.387522243184
548.0	22863.143036402544	-3724.857772220525
549.0	22870.56747433326	-3882.5190047939504
550.0	21287.927276338218	-3796.0174389562926
551.0	21136.336791228558	-4039.435786050874
552.0	22969.756934224166	-4197.364350010569
553.0	23018.656300820945	-3991.9566323299746
554.0	15928.846016230784	-3925.3846842778003
555.0	16332.878333665643	-3888.5345810766808
556.0	16687.68088268014	-3918.0170602777284
557.0	17050.441265271613	-3949.324169021353
558.0	15852.659063254296	-3631.6310386867567
559.0	156.98198438515269	-3905.335061117363
560.0	265.2947999946147	-3746.3733387379907
561.0	745.4787595965166	-3336.4187458308006
562.0	1489.6280397242288	-3336.7906642998882
563.0	2213.570514558005	-3325.0733246501864
564.0	3299.1677100971997	-3328.898878339878
565.0	4019.698769790586	-3325.481448335184
566.0	5109.642126759499	-3325.6747605002033
567.0	6191.496773855847	-3337.4408270768035
568.0	6922.232327872104	-3325.083693579049
569.0	8003.764636476238	-3327.42657153768
570.0	8728.119151133962	-3325.413081540504
571.0	9812.710739559414	-3326.6303856723425
572.0	10894.445453630391	-3335.5366287787533
573.0	11628.441725399598	-3326.426252021749
574.0	12696.42162403769	-3322.06809421097
575.0	13502.361918261833	-3288.376647831797
576.0	14279.551827189636	-3249.3756850680766
577.0	14595.02292664058	-3245.5179050556326
578.0	14944.702132372242	-3252.9257559061166
579.0	17420.270472669934	-3981.9063408509505
580.0	16209.166413930436	-3735.1410804100137
581.0	16520.26854839655	-3791.873470354409
582.0	16847.637193584465	-3852.663058299082
583.0	17190.18652997613	-3916.5523388723036
584.0	734.6327120236416	-3871.1802251641334
585.0	85.6988708634803	-3282.8674944138234
586.0	108.31281560946202	-3549.3241414851473
587.0	540.5081557208626	-3444.837763118095
588.0	1371.8275774792783	-3871.5521436332215
589.0	949.8461855114092	-3721.1308466028145
590.0	1893.082390415082	-3870.5338595489884
591.0	1679.5419049515938	-3460.0270925155432
592.0	2516.6310105735315	-3870.452241555636
593.0	3031.1832101438117	-3872.1692775964257
594.0	2762.565015946468	-3727.9433481520623
595.0	3666.8655677228653	-3870.379681790148
596.0	3481.3599908380584	-3451.9811287966927
597.0	4297.531212544603	-3871.4361061735653
598.0	4999.529795793901	-3717.66008356756
599.0	4559.420722784144	-3728.659949907589
600.0	5445.855321162378	-3869.3660375380946
601.0	6079.26259531988	-3872.2023064101363
602.0	5674.114941681583	-3724.7045639872645
603.0	6605.429926876125	-3870.169395558262
604.0	6383.050054456806	-3460.312791301732
605.0	7229.61997047555	-3870.0298212631365
606.0	7912.51257206364	-3718.7681815276205
607.0	7472.710238374607	-3726.6099519197437
608.0	8383.502366377425	-3870.3290352811805
609.0	8189.274411313551	-3450.4581754855267
610.0	9010.85997094444	-3870.694933112291
611.0	9705.87520339394	-3718.037480032708
612.0	9266.748469319673	-3727.340548139324
613.0	10160.346182458297	-3870.680382273045
614.0	10791.561839603746	-3870.2981081120865
615.0	10385.906337288141	-3721.4463569914587
616.0	11319.13244760829	-3869.45517433719
617.0	11086.418484983675	-3457.6943717826093
618.0	11938.33616595468	-3869.4308385712575
619.0	12607.618078151145	-3712.8640758166002
620.0	12183.546598282997	-3725.465340843555
621.0	12993.559289276993	-3866.5430757911686
622.0	13420.681910387168	-3911.2557447261947
623.0	13148.371153121343	-3408.4807806606514
624.0	13799.54571869522	-3913.6987020156157
625.0	13615.187378833833	-3354.392640971581
626.0	14159.631975193906	-3928.7748534606785
627.0	13946.131533083726	-3312.9058276203127
628.0	14091.042720980297	-3305.528043715453
629.0	14503.166374933151	-3934.4484840743658
630.0	14337.125340003506	-3285.671202506352
631.0	14443.167122132028	-3283.536690638517
632.0	14848.469683218667	-3920.0006444009537
633.0	14646.422433394257	-3283.5239058778498
634.0	15184.67129744997	-3915.303647324605
635.0	15513.284334051374	-3922.968947217891
636.0	15064.41853983723	-3251.065542908587
637.0	15247.998791977489	-3549.082883522213
638.0	15327.715336645088	-3823.5944235424963
639.0	16061.133257739204	-3771.9911836111337
640.0	15796.147368192842	-3808.604442757114
641.0	15991.176203393466	-3595.0177795407762
642.0	15769.995338986942	-3522.480110721317
643.0	15583.787901125956	-3440.4097148401434
644.0	1120.7445816162406	-3329.8673131053474
645.0	1304.8190117280694	-3454.1220254052355
646.0	1859.1414144298978	-3335.7723802156556
647.0	1658.3214670084399	-3727.4078321822103
648.0	2569.9112759568666	-3335.690762222303
649.0	2328.1340996458184	-3715.6088745391557
650.0	2934.5722138527253	-3337.407798263093
651.0	2392.595884717588	-3448.2281348724887
652.0	2751.383496258033	-3460.5626084853952
653.0	3661.1824649575824	-3335.618202456815
654.0	3445.876742557955	-3719.3618684633598
655.0	4379.840840232365	-3336.6746268402326
656.0	4120.1841068877575	-3717.0008628420824
657.0	4747.165354852565	-3337.1405354006906
658.0	4198.923786288604	-3449.6201231754153
659.0	5468.96379989681	-3334.6045582047614
660.0	4562.99067107106	-3461.279210240922
661.0	5239.384485485559	-3715.124106371631
662.0	5828.12255093787	-3335.2552181158367
663.0	5289.1529774565615	-3447.743366704964
664.0	5647.454928445014	-3457.3238243205974
665.0	6566.372846800926	-3335.407916224929
666.0	6364.526358355197	-3727.693530968399
667.0	7277.258341777255	-3335.2683419298032
668.0	7038.651010959842	-3715.1968231755186
669.0	7639.971448665856	-3336.496822323274
670.0	7100.892364087206	-3447.8160835088515
671.0	7458.1072565489485	-3459.2292122530766
672.0	8370.37138481387	-3335.5675559478477
673.0	8157.875531157098	-3717.8389151521937
674.0	9085.01371652771	-3335.933453778958
675.0	8831.121937796119	-3716.191322986129
676.0	9449.059323603995	-3336.562306693699
677.0	8906.18592515098	-3448.810583319462
678.0	10176.242816621447	-3335.9189029397116
679.0	9265.83822754808	-3459.9598084726567
680.0	9947.962394669661	-3717.3940762787206
681.0	10535.945527062011	-3330.6826663850807
682.0	9993.928420857434	-3450.0133366120535
683.0	10355.836945263512	-3454.0656173247917
684.0	11270.384894103341	-3334.6936950038566
685.0	11073.047522982182	-3725.0751114492764
686.0	11983.534329732916	-3334.6693592379247
687.0	11749.417857223567	-3715.9403989263396
688.0	12349.494928552822	-3335.9511939389645
689.0	11808.19571595394	-3448.5596592596726
690.0	12535.232476043753	-3445.4833361499336
691.0	13004.220679466935	-3331.7815964578353
692.0	12831.02771584157	-3708.6944783354716
693.0	12867.87819378657	-3441.3137386688045
694.0	13397.394014611351	-3365.0758320346126
695.0	13225.606258188142	-3763.1206495173633
696.0	13864.917276945826	-3264.0382517186313
697.0	13614.700055366571	-3810.276275741811
698.0	13790.658266323519	-3330.054244858415
699.0	14156.226081118884	-3256.6604678137714
700.0	14494.240008986691	-3247.2411732002415
701.0	14336.494469818252	-3713.1283070849872
702.0	14821.970436276746	-3253.83110191062
703.0	14687.61508442681	-3418.2435511536714
704.0	15265.629625266529	-3331.5958216993035
705.0	15139.578488639983	-3265.6388425285627
706.0	194.0116864729423	-3391.2865117011174
707.0	504.259847676696	-3712.2185027847613
708.0	387.24197890226174	-3320.9549692872947
709.0	1208.2389874262728	-3721.502765071902
710.0	924.4439250401174	-3453.7501069361474
711.0	2042.1695259682176	-3448.3097528658413
712.0	2097.3309398965557	-3715.6904925325084
713.0	3202.5657933640955	-3721.151464269637
714.0	3117.136316761444	-3453.77072460297
715.0	3841.4219012398157	-3448.5636987919984
716.0	3882.5882522852025	-3715.9444384586654
717.0	4814.069088412073	-3871.9020147340234
718.0	4929.056113947478	-3450.279343900893
719.0	5914.569091421006	-3727.540832859306
720.0	6008.279573855364	-3460.160093192639
721.0	6750.8541595782035	-3447.9556578039774
722.0	6808.434935755012	-3715.3363974706444
723.0	7744.902079675217	-3871.2583016566073
724.0	7822.184922879937	-3451.3874418609535
725.0	8551.738857461181	-3448.4446854883513
726.0	8596.268719181186	-3715.8254251550184
727.0	9525.693325738835	-3871.3237860270324
728.0	9630.15144303069	-3450.656740366041
729.0	10624.28703179291	-3721.0640828305004
730.0	10713.799683818064	-3453.6833431638333
731.0	11457.279860690125	-3448.583995025605
732.0	11519.398376196566	-3715.964734692272
733.0	12435.460225612356	-3870.7126732722973
734.0	12169.96690333086	-3458.084601176888
735.0	13848.486416516846	-3445.252347596261
736.0	13249.40722629618	-3572.4390940535136
737.0	13415.387205338377	-3529.034145427475
738.0	13263.353963663982	-3289.2351362028166
739.0	13680.43665205471	-3520.793911653864
740.0	13697.464212839703	-3278.551945139785
741.0	13585.604382209742	-3618.736231906941
742.0	14107.294418716627	-3409.698118498002
743.0	13979.35138309547	-3827.7953844762947
744.0	13820.541636253909	-3560.151318559913
745.0	14016.566331898759	-3261.4035279016825
746.0	14318.954741790893	-3368.5869687185354
747.0	14222.58318114525	-3293.500200881847
748.0	14371.977589068918	-3410.060667587735
749.0	14332.30824428423	-3848.5451665350447
750.0	14389.496914682119	-3248.8314694382766
751.0	14443.818394731441	-3361.8501225757936
752.0	14544.273021860025	-3280.223126255873
753.0	14757.515381716614	-3383.5426872023795
754.0	14619.358819842479	-3805.512918666078
755.0	14737.004397908682	-3791.065078992666
756.0	14702.913882024788	-3250.541952822218
757.0	14884.934103599677	-3294.2209058167355
758.0	14965.736645875344	-3444.098905150353
759.0	14760.473603321976	-3291.837102732837
760.0	15015.981186699564	-3820.6261207255593
761.0	15325.841518780193	-3651.3434924046583
762.0	15026.550013080943	-3388.7252228473167
763.0	15027.347588830768	-3650.5152570915066
764.0	15144.490872615368	-3551.222951025998
765.0	15010.35830696579	-3291.4553468147024
766.0	15412.580292007013	-3387.946976074372
767.0	15172.06150786896	-3339.049749530675
768.0	15310.169301941045	-3412.152330608156
769.0	15648.680165025173	-3541.804660517795
770.0	15629.040761050754	-3806.1887056972046
771.0	15471.175300549425	-3466.6031983899434
772.0	15113.093265181356	-3421.746325943312
773.0	14935.136614191157	-3576.4123143118572
774.0	14571.671845219405	-3655.6763458587534
775.0	14889.77691098763	-3388.124179028359
776.0	14566.56404596766	-3356.2191401177856
777.0	14212.774973773194	-3630.147329126503
778.0	14836.506383423657	-3570.8480227487853
779.0	14606.765764631484	-3544.5213069796323
780.0	13950.14921458818	-3428.103930358159
781.0	14243.270470470949	-3376.4159670940303
782.0	14439.074379367108	-3540.3574310132267
783.0	14253.235375824173	-3531.5856732113402
784.0	14823.855022059333	-3439.4399595917844
785.0	14764.086605171216	-3615.389923795541
786.0	14634.08185740164	-3359.519919739762
787.0	14517.182305693736	-3401.550618999429
788.0	14681.534946517093	-3518.6827245898326
789.0	14193.165068180911	-3443.7463088085024
790.0	14356.363625392236	-3505.729030366068
791.0	14082.24595855285	-3613.3815516477393
792.0	13967.614681738552	-3675.6127475474736
793.0	14036.83571113954	-3480.771705422076
794.0	15564.23728215044	-3648.539851423325
795.0	15446.60703728616	-3593.0691618061733
796.0	14528.052254006087	-3484.3895646585297
797.0	14459.665625844105	-3649.1950518169833
