1.0	26603.421759619974	-1572.2398754389103
2.0	26209.931858563523	-690.1231843003869
3.0	26355.12082400544	-779.9791594596728
4.0	26560.053168203183	-697.5622069391325
5.0	26641.58721427467	-1628.3675491134372
6.0	26405.116333335038	-1159.0476678993882
7.0	26543.983458398197	-1464.6621433341468
8.0	27214.28584726783	-1585.125950937214
9.0	27329.299148694667	-1484.5110690820518
10.0	28205.978883687745	-1491.040367723085
11.0	28429.036768475507	-1325.3030945942626
12.0	28863.22200852455	-1331.67772717991
13.0	29285.449925604815	-1329.9537467796222
14.0	29718.82368928588	-1313.1845932371107
15.0	30167.743705435725	-1314.5891250421444
16.0	30619.775475195056	-1317.222233035436
17.0	31071.971022140595	-1321.2845550323934
18.0	31523.309735462706	-1326.1074678500534
19.0	31971.193521049634	-1333.1452154232334
20.0	36259.918210539756	-1550.2318210748115
21.0	36492.43471195174	-1380.6825558842054
22.0	36942.80035400707	-1382.3351704620952
23.0	37394.415802927986	-1384.844410198201
24.0	37847.97310838264	-1387.113277308087
25.0	38309.67610643882	-1388.8632808905115
26.0	44850.463656721586	-1589.2454388091871
27.0	44637.276158823544	-1403.554884629911
28.0	44843.743062951624	-868.1295107871264
29.0	41027.71854872629	-846.4220259908302
30.0	39117.21101411248	-838.2160466891673
31.0	43834.414597372146	-857.6247946507328
32.0	26998.672234357833	-718.7749371294532
33.0	33051.58944170957	-806.4783606567453
34.0	26751.349409914445	-1600.5010375352838
35.0	33518.238093850654	-808.9637666713575
36.0	27427.400376085072	-736.0899853973834
37.0	27876.67857009378	-735.5957297383844
38.0	33985.39370677429	-811.5540115643844
39.0	27618.653802206896	-1442.2015857361391
40.0	34452.6220062666	-814.1220241398734
41.0	28311.322892014006	-803.501443135916
42.0	34919.813168891844	-816.6330160678846
43.0	28933.661268073745	-987.0809892018882
44.0	35386.64279812595	-819.115470781161
45.0	29358.09439216087	-795.0241966586582
46.0	35851.55743611698	-820.429459140642
47.0	29818.91842404445	-797.2690998404627
48.0	30282.504586008683	-799.296129329734
49.0	30746.442204865816	-801.8121714594427
50.0	31210.19590735583	-804.635099475291
51.0	31673.28097861139	-807.5525394204252
52.0	32133.582383536424	-812.3397344588939
53.0	32588.749961762194	-802.437251872203
54.0	32411.15723344401	-1327.539106317937
55.0	33095.40729921207	-1503.2134470823955
56.0	33307.63864584962	-1327.4528564967593
57.0	33765.936558902475	-1332.1189675242838
58.0	34224.81594711581	-1336.745808547463
59.0	34683.73309247999	-1341.1038963822514
60.0	39592.354260460175	-840.6033319784977
61.0	40075.783087575335	-854.5330202574046
62.0	35142.25416576647	-1345.1767591175435
63.0	35598.500757069174	-1347.8713839182183
64.0	40558.63816875181	-844.5647237315367
65.0	36310.323310425236	-836.9899726193107
66.0	36772.80121114317	-838.0388853345272
67.0	37236.18246168713	-840.1762350666598
68.0	37699.909395247174	-842.1884238712587
69.0	41495.45298175788	-848.1024026332406
70.0	38165.23193392569	-844.1734051819823
71.0	38637.1040051337	-845.7360871228635
72.0	41962.71675515876	-849.9243207037471
73.0	38786.16355854913	-1381.0575501027258
74.0	39265.9227606929	-1374.0443603977965
75.0	42429.920251452444	-851.7838372421817
76.0	39917.83621829117	-1572.0226865234235
77.0	40216.9095053302	-1573.5910970753919
78.0	42897.186859341615	-853.6750723483709
79.0	40686.32408061323	-1563.8442233625121
80.0	41141.963609135746	-1565.9181156298675
81.0	43364.98078254675	-855.5299817623708
82.0	41596.25833786346	-1567.8107657375438
83.0	42050.08225212749	-1569.841142491113
84.0	42503.84420275557	-1571.905803520399
85.0	42957.67058656693	-1573.9993930154876
86.0	43868.017475284905	-1578.3474653606775
87.0	43412.02468431264	-1576.054370475793
88.0	44318.04169095681	-860.3977364348826
89.0	44103.43907997177	-1394.9643907413476
90.0	26481.576676049528	-1329.8655285040854
91.0	26698.566638546978	-1651.4419981174897
92.0	26316.471500525407	-940.2956539617265
93.0	26848.940071440524	-829.3715584246539
94.0	26441.425339758003	-1025.1518374430354
95.0	26615.240242205076	-1508.6990630279477
96.0	26997.107698589127	-1611.189365690174
97.0	26508.45158786402	-1225.632233372711
98.0	26563.438189615685	-1381.7576768108172
99.0	26672.259533756278	-1367.4921609944868
100.0	26642.883736476873	-1190.2973479519205
101.0	26700.826141468162	-1456.687612305781
102.0	27209.05745323772	-1034.2930836570388
103.0	27482.752459970387	-1551.4855896567672
104.0	27990.257628847143	-1381.8231801807478
105.0	27545.286323340333	-1222.2100911763312
106.0	28491.189555887264	-981.0661298633759
107.0	28640.296226832088	-1483.4556363319145
108.0	28772.88827379304	-794.621933623006
109.0	29074.96563200807	-1499.2668323089877
110.0	29206.353512344805	-986.1416035803126
111.0	29509.564910711517	-1480.809829463187
112.0	29646.44958399524	-971.2111036318914
113.0	29956.947268072912	-1480.3611511707006
114.0	30102.088966697902	-973.4705633171255
115.0	30407.09286356744	-1481.6357621399247
116.0	30560.841936374123	-976.0011619502642
117.0	30857.58431925123	-1484.9901384670284
118.0	31019.762446576115	-979.3276591099797
119.0	31307.88380920648	-1489.6439091626373
120.0	31477.830409176542	-983.0555540851207
121.0	31757.507751735207	-1495.0019525257092
122.0	31932.446074211985	-988.7477160828821
123.0	32204.34281760044	-1502.6563845683638
124.0	32828.38049324563	-973.7461087608281
125.0	35814.60104638411	-1532.3191176905075
126.0	36978.08746229784	-1024.933359760493
127.0	36520.999122181085	-1023.7595702989853
128.0	36708.94969262306	-1552.363681621349
129.0	37158.88632106766	-1555.35203065508
130.0	37436.42483525671	-1027.070425311383
131.0	37609.16997495099	-1558.0205636252995
132.0	37896.7034963501	-1029.055122440864
133.0	38061.05035730558	-1560.5045282330896
134.0	38365.127295091464	-1030.5903127066274
135.0	38519.480810897076	-1562.4461241815027
136.0	38848.33556413311	-1022.6204812279708
137.0	40389.332495650924	-1391.3137024548594
138.0	41327.1002960657	-1382.932031126368
139.0	38986.146760906966	-1555.222222863955
140.0	43164.13307967461	-1389.9735777416342
141.0	27211.74246971043	-843.7265154386829
142.0	27047.33089645421	-1398.211112444859
143.0	26596.814712460444	-976.5759521203654
144.0	32646.039974830404	-1495.8987831443537
145.0	26828.66305574607	-1641.1255563548668
146.0	27088.375088673696	-1532.9900483378885
147.0	27060.881210010786	-1125.5273121171522
148.0	26898.499768364025	-1574.663702159182
149.0	26858.750682866113	-1475.736747829468
150.0	33289.09781418895	-978.260150574141
151.0	33548.58421630528	-1508.9521116223211
152.0	27644.06425976893	-858.6339463641257
153.0	27276.071074391133	-1328.7804976036641
154.0	28063.668333378166	-924.0520455150926
155.0	27800.195641197857	-1537.0670464686991
156.0	33754.13126810852	-981.3233284959387
157.0	34002.27057530473	-1514.6263461615792
158.0	27678.621761658345	-1094.9950187603997
159.0	27942.051228174187	-1159.742647032256
160.0	34219.744369379325	-984.4691129786132
161.0	34456.03365613136	-1519.9669715947027
162.0	34685.39302035173	-987.5356444962719
163.0	34909.764405720656	-1524.86140891969
164.0	35613.61645714591	-992.3005882386336
165.0	35150.64300106593	-990.5166181517176
166.0	35363.13826274976	-1529.3464074265714
167.0	36068.52615830005	-1008.1626170909418
168.0	36046.68546864391	-1364.4814799612225
169.0	32379.14424621764	-981.6199555488183
170.0	32853.65751908748	-1321.28848926386
171.0	39334.81500831444	-1015.4752530977634
172.0	39447.84879072027	-1557.859883062679
173.0	39824.616270632156	-1029.779753680159
174.0	39749.00304851379	-1388.4671974643077
175.0	40322.12936777864	-1031.7286724473565
176.0	40865.77680177356	-1381.2996748184135
177.0	40805.294017784436	-1021.6052051949408
178.0	41273.338019645365	-1023.1304111108029
179.0	41786.60849461793	-1384.5269759266166
180.0	41739.565414932695	-1024.6202328378783
181.0	42245.584290765575	-1386.2992731596057
182.0	42205.26187348209	-1026.289194460978
183.0	42704.562700539456	-1388.1393606993504
184.0	42670.961166519795	-1028.0274731197603
185.0	43137.250886468966	-1029.7611446541077
186.0	43605.70781335433	-1031.698393970628
187.0	43625.86952191457	-1392.0103495965234
188.0	44630.555565053575	-1043.0459188078505
189.0	44089.99791061924	-1034.5536756572983
190.0	44338.20345407931	-1581.3174173409923
191.0	27356.15690680029	-1175.7635236185718
192.0	26916.314420871728	-1377.4834754674303
193.0	26925.771506461726	-1121.7415400493617
194.0	26760.898710250523	-1496.5280341345376
195.0	26853.887401613276	-1270.1030345205775
196.0	27120.013580744813	-1294.6164435657968
197.0	26848.768391824895	-1016.7431819997558
198.0	26724.83016880298	-1280.2651272669646
199.0	26676.793217425595	-809.3028161185163
200.0	26694.93785465034	-1075.1368971559277
201.0	12378.21391032527	-1444.3038294121945
202.0	20480.4603335565	-670.6400448839709
203.0	25599.35867868371	-698.2842968659492
204.0	25860.002512298513	-1547.8849444369964
205.0	26426.095863706403	-1556.603626696331
206.0	26381.33252196477	-1388.6462264133454
207.0	12386.21587181356	-1436.8435622567856
208.0	12406.987387281551	-1431.2663759954987
209.0	12434.577297074306	-1424.1135860607985
210.0	12470.839628564207	-1415.5916110141798
211.0	12610.26770651624	-1407.9373367283622
212.0	12643.05123386641	-1377.689417552231
213.0	12574.0996771723	-668.4220766625261
214.0	12837.335033930298	-1339.3721842555233
215.0	12819.353184994705	-1253.3553093962219
216.0	13122.479119004909	-1305.1119910379937
217.0	13119.686348076924	-1183.5206955294118
218.0	13332.28216861101	-1186.3212307428312
219.0	13436.099955265017	-1189.045137253376
220.0	13749.720879731161	-1309.1463182077266
221.0	13746.045385598787	-1192.2493164092036
222.0	14058.086038335598	-1312.712100011344
223.0	14053.516374250737	-1193.8198653604056
224.0	14305.756603479458	-737.8512581748636
225.0	14600.162935627952	-1387.2100383617615
226.0	14604.193870012467	-736.2873721726397
227.0	14833.696134953876	-1347.0927897662796
228.0	14903.183890712833	-739.9725367286468
229.0	15140.639839092857	-1357.9573835003046
230.0	15203.842648456755	-748.0934211077907
231.0	15450.008790718699	-1374.7001953570161
232.0	15502.016976154746	-747.6288511643907
233.0	15902.590685631345	-1440.3533261690875
234.0	16298.828221854668	-1459.2279774378887
235.0	16861.045842896838	-655.2186617271665
236.0	17092.681344519136	-1465.754654375207
237.0	17011.943525141593	-740.9091107407752
238.0	17316.212811171394	-736.8124763451316
239.0	17691.170035528787	-1474.2058167407592
240.0	17618.60511272252	-736.6385639523056
241.0	17920.40611557706	-738.7958744688091
242.0	18288.08329916083	-1487.279330463896
243.0	18221.82266090718	-742.3780413267212
244.0	18522.715304010428	-744.2532633045357
245.0	18884.94786486831	-1495.134591420435
246.0	18824.12923610138	-745.6154283003253
247.0	19125.92533242899	-747.9638437524309
248.0	19482.305686941163	-1506.402184967249
249.0	19427.20597112262	-751.474152988656
250.0	19728.079153302853	-754.3823426880264
251.0	20330.35009304617	-759.3393530957356
252.0	26031.807846689804	-777.3602689395619
253.0	20676.59070054477	-1528.2785446031187
254.0	20631.27346234565	-762.0914402068756
255.0	20976.66667469239	-1464.8537512324754
256.0	20980.152852071493	-1305.158688458431
257.0	21233.30814999779	-770.0463712787737
258.0	21671.31793096615	-1541.6254799831684
259.0	21575.619495873496	-1312.3520091193761
260.0	21835.784653022904	-775.0906310995538
261.0	22268.21950069798	-1546.2443649800261
262.0	22171.305859080243	-1319.6505211500396
263.0	22437.94684571441	-777.6124123324001
264.0	22865.28341267008	-1548.0705810814634
265.0	22767.361800760922	-1321.529821270091
266.0	23040.364725825235	-779.9552007918898
267.0	23462.319897772803	-1548.4421533678196
268.0	23363.7797963419	-1321.703306764018
269.0	23642.86385082109	-780.721683538497
270.0	24059.5900377339	-1549.4049753450397
271.0	23960.95982264289	-1322.702237771402
272.0	24245.432466300535	-782.8869999203724
273.0	24656.922259570394	-1549.6115516503805
274.0	24558.313646577477	-1322.8682397164077
275.0	24847.868653648038	-784.0877939133406
276.0	25447.56255315282	-788.3951948301643
277.0	26149.565849064533	-1021.9760345825049
278.0	26266.236303327027	-1240.8636624848402
279.0	25986.34223239755	-1459.883757519531
280.0	26536.47596507304	-1594.6880072761908
281.0	26258.508510652056	-1569.8032556545916
282.0	26494.183345540823	-1528.0549686958275
283.0	11748.022312902738	-551.2704517585834
284.0	12286.752448632671	-1354.4429790220272
285.0	12305.742630346174	-1367.4376935613616
286.0	12337.961070295272	-1408.9994814175998
287.0	12358.730071214492	-1430.5303093526163
288.0	12348.323583377627	-1419.796656787914
289.0	12369.059020072722	-1441.18845840699
290.0	11754.266371378973	-554.7011820442847
291.0	11761.377053109369	-551.3351304117937
292.0	11768.829255194622	-588.1382625049488
293.0	11783.641438694494	-605.7085430278437
294.0	11829.383410706103	-557.9029368261341
295.0	11796.623902751431	-641.1961600835106
296.0	11845.640189263386	-570.0589362947636
297.0	11833.964424640857	-660.0926108658381
298.0	11824.99647924727	-693.966927837483
299.0	12296.89106319265	-1365.442630322008
300.0	11840.246482267758	-711.209599400389
301.0	11847.465680618852	-724.3269238070325
302.0	11854.735242813678	-737.4208893495376
303.0	11890.786540922943	-717.4168858245521
304.0	11869.248821857705	-763.5809189276911
305.0	11883.114289723728	-798.7533969321279
306.0	11890.483827397484	-811.7711603533189
307.0	11920.447969310306	-863.633002548187
308.0	11912.9034371905	-850.7139998003317
309.0	11936.2729771197	-880.3133655803655
310.0	11951.727402691155	-905.8781638150558
311.0	11958.00293412977	-880.4571640125863
312.0	11983.219764642192	-965.5200788408714
313.0	11998.521826924572	-943.3693051721984
314.0	11943.469140256244	-902.1580166962158
315.0	12016.56451972034	-1006.084545119444
316.0	11905.359684961477	-837.7684647601096
317.0	12033.807737609923	-1039.6069474302926
318.0	12384.934616728633	-640.3100518783308
319.0	12069.140691393286	-1087.8888415615813
320.0	11875.765700765847	-785.6880333710028
321.0	12087.150986883518	-1111.834079549858
322.0	12078.135127253954	-1099.884115556374
323.0	12104.832136764237	-1126.5134427851729
324.0	12113.989511153579	-1138.3828976107634
325.0	12123.151453141994	-1150.2343433060657
326.0	12141.551614606893	-1173.7549179047185
327.0	12150.847045767952	-1185.516398030619
328.0	12160.171773594673	-1197.1931015422124
329.0	12178.884810430609	-1220.5004908637986
330.0	12236.154330020283	-1289.496504543785
331.0	12255.706424437793	-1312.0727973715377
332.0	11775.66813531881	-601.4334031710761
333.0	11803.661518200699	-654.3926642911879
334.0	11832.195517296546	-707.0755397071874
335.0	11897.90610032359	-824.753686141858
336.0	11928.053928672854	-876.5068233804959
337.0	11959.257710947872	-927.5718351504332
338.0	11762.56142453676	-573.9979815917413
339.0	12327.61496661696	-1398.161075896978
340.0	12042.522163145766	-1051.7450595961784
341.0	11975.278240361497	-952.9439348742144
342.0	11991.446230227315	-977.9890521938136
343.0	11782.770704107126	-574.5037928663447
344.0	12025.1525844012	-1027.390004866393
345.0	12008.115801333797	-1002.8119011436335
346.0	12132.896202313408	-1171.0478340575512
347.0	12096.20735785173	-1123.703069191387
348.0	12060.154684950283	-1075.9084483462022
349.0	11789.608769840539	-627.9495292567534
350.0	12317.320877990554	-1387.3062812403234
351.0	12227.405805531627	-1287.1230971319467
352.0	11810.751966692222	-667.5753349898105
353.0	12266.709113462928	-1332.2417181060966
354.0	12246.932006661344	-1309.7954602145007
355.0	12208.11259793934	-1264.2460598641853
356.0	12170.190938544649	-1217.9240347431662
357.0	11888.488764531665	-576.9666316730048
358.0	12276.747679802362	-1343.3694526869156
359.0	11861.140930918249	-759.5398296750064
360.0	12019.240468949063	-595.0793732604199
361.0	11967.427468187829	-940.1476759534274
362.0	16694.778227866194	-1467.983595184206
363.0	12051.345953758006	-1063.7956892827212
364.0	16497.838843282432	-1467.0839321131707
365.0	12546.557669965257	-1417.3611526405582
366.0	12785.977671112278	-1385.6408557080995
367.0	13043.76976361935	-1360.6868739166773
368.0	13363.977934829534	-1358.6419810664113
369.0	13672.52793727811	-1360.892143630025
370.0	13979.315770972978	-1363.8169885189598
371.0	14290.081770138555	-1373.186587856798
372.0	14445.734684514908	-1379.2307751006929
373.0	14753.997714109397	-1393.9048645615985
374.0	15060.771786341194	-1407.1216975872467
375.0	15369.261941533783	-1424.5419578228577
376.0	15703.28540392752	-1434.1044097022595
377.0	16100.516238297181	-1451.519738007304
378.0	16112.664818134223	-741.3202272864974
379.0	16409.006650230116	-919.494193043752
380.0	16893.13239861485	-1464.6857828756868
381.0	17292.266623946452	-1467.5399379334538
382.0	17491.738969867147	-1470.4774919913232
383.0	17890.097717012995	-1478.050340387818
384.0	18089.173487857883	-1482.4152886212416
385.0	18486.776172325903	-1490.0790077213335
386.0	18685.585027133347	-1491.4023540058076
387.0	19084.247181880335	-1498.364750812723
388.0	19283.527672322758	-1501.3914457457465
389.0	19681.45674817749	-1509.391113355938
390.0	19880.59736224105	-1512.5949402259964
391.0	20278.65782889561	-1520.9901784111644
392.0	20477.62947056168	-1524.2742952960832
393.0	20875.56221504477	-1531.963479205618
394.0	21273.415211877717	-1537.638607395648
395.0	21472.38813905335	-1539.7730621773296
396.0	21870.309735014813	-1543.1798578766231
397.0	22069.38792680892	-1545.2731219458703
398.0	22467.20506234954	-1547.0973696981555
399.0	22666.184946221332	-1547.5964422718644
400.0	23064.24158969127	-1548.4198498654748
401.0	23263.21705500459	-1548.294817780771
402.0	23661.430066462577	-1548.889231173791
403.0	23860.52173539033	-1548.5314213421718
404.0	24258.688027384054	-1548.8046925854035
405.0	24457.810375776156	-1548.8155092018471
406.0	24856.070861915923	-1549.420805488305
407.0	25055.242549372528	-1549.8124112287069
408.0	25736.816519813405	-786.8321714881907
409.0	25454.228903730604	-1550.7602211127594
410.0	25654.447971768746	-1556.5251500781899
411.0	20079.633173057355	-1517.2378738613043
412.0	20684.964659117486	-1215.1505500939718
413.0	25254.450500309296	-1550.5659479558592
414.0	25847.895504204684	-1054.9988226025398
415.0	26191.355429415442	-1481.0913622023293
416.0	26364.230896456716	-1503.7407414570164
417.0	25999.97515247959	-1293.0507623967217
418.0	12476.801114595277	-600.2717895314207
419.0	12397.410765765782	-1441.2640037463234
420.0	12375.356422948755	-1421.3967889796593
421.0	12421.614463101912	-1436.8519924394398
422.0	12217.745277109925	-1275.7262125231762
423.0	12454.319132496035	-1431.6971963356673
424.0	12198.579567520637	-1252.7609774510822
425.0	12352.083883894511	-1389.1046908328062
426.0	12189.074113773526	-1241.1815936177752
427.0	12495.360677834056	-1425.2823969687186
428.0	12392.927149035386	-1389.0844477512553
429.0	12294.384241277883	-1327.5997929440903
430.0	12628.527647744117	-1221.1495192731697
431.0	12515.876362265133	-1405.0027552526042
432.0	12752.034477819185	-1234.6327354288417
433.0	12689.751340064233	-887.3368380953003
434.0	12689.1373884047	-1397.8873694010515
435.0	12690.647317884577	-619.4695564811782
436.0	12627.745904731719	-1325.322209383906
437.0	12951.94842750933	-638.832568382764
438.0	12903.051930367337	-1371.3907081883824
439.0	12811.766391729847	-706.0153657282232
440.0	13244.006285168221	-645.3702243568254
441.0	13205.990396474415	-1356.1819011378254
442.0	12991.857229670155	-980.1150488395075
443.0	13548.646768533565	-646.1589058435524
444.0	13091.908927478124	-730.8029569626186
445.0	13519.160964212368	-1359.7487636084363
446.0	13286.425804488097	-1303.396271928127
447.0	13851.23896212558	-646.7198886349503
448.0	13394.757750590552	-736.932159124506
449.0	13825.931694794495	-1361.6550489784092
450.0	13570.295682493621	-983.4802877199114
451.0	14153.742563387723	-647.7250728457731
452.0	13701.395036267428	-737.0572055909494
453.0	14134.534586205185	-1366.8662773085089
454.0	13878.219921520953	-983.4426515246492
455.0	14005.069974887236	-737.3953918587204
456.0	14320.08432955391	-907.9425564538451
457.0	14453.346446952151	-648.4037356855434
458.0	14756.274396910196	-992.5515875881762
459.0	14363.383344460852	-1203.348280204557
460.0	14753.60068615508	-647.3891675779993
461.0	14907.68379332315	-1403.4989102748075
462.0	14897.562064601843	-915.3981408296573
463.0	14664.502119391696	-1213.2288519669758
464.0	15053.757323886864	-653.3168809760003
465.0	15215.05087995803	-1416.120331551366
466.0	15328.812681366733	-1013.7769494205089
467.0	15035.562801215425	-1003.4205517591078
468.0	15355.680300133352	-656.7380326915934
469.0	15528.565753572386	-1432.3233237204558
470.0	15799.630362675494	-912.9199825271031
471.0	15335.725886902977	-1171.6841799667745
472.0	15487.722053948577	-929.9897012112093
473.0	15653.352507819205	-654.08029176705
474.0	15959.932056239551	-654.8929372767608
475.0	15804.847876026599	-744.5557750151082
476.0	15803.818838064994	-1371.190139764534
477.0	16124.517606271334	-908.6462114474665
478.0	15633.840072261934	-1004.8053493258636
479.0	16203.437791860262	-1386.8422274202992
480.0	16558.919604366292	-653.1616197172693
481.0	16598.7079466168	-1401.5520990350417
482.0	17107.430973760434	-993.3653436955592
483.0	16751.78900386208	-1246.8042943232097
484.0	17165.017795214313	-655.019825980111
485.0	17466.73598516098	-652.3500080659728
486.0	17252.064386408627	-989.994107988141
487.0	17701.04395964515	-1158.6883372356722
488.0	17396.485045787846	-1242.3341493676216
489.0	17768.83095299979	-656.0738943217351
490.0	18069.957844249875	-655.7352993169262
491.0	17858.366003447387	-985.2914804124708
492.0	17996.04864691941	-1250.7641088044977
493.0	18371.668354564248	-660.8840419140971
494.0	18672.27134358747	-658.8385020291906
495.0	18454.411669148507	-1005.6500732504506
496.0	18589.764647191045	-1262.9704697937705
497.0	18974.50314288956	-663.4741876443367
498.0	19275.48829614942	-662.4148982157461
499.0	19055.30860738797	-1005.400817113119
500.0	19190.03410326086	-1270.7735031790628
501.0	19577.20463781754	-668.2124776150116
502.0	19877.782334563995	-666.5510686495664
503.0	20349.977317103436	-935.6237427678043
504.0	20179.639291037045	-671.5364732572162
505.0	19653.722296243155	-1023.3714349114871
506.0	20486.212139202693	-1204.582924032955
507.0	19786.67858094511	-1282.9073936677778
508.0	20029.092950288014	-756.4783575957812
509.0	25892.782784895335	-693.4886928877917
510.0	21082.99805556227	-677.5581736209546
511.0	20781.983516570876	-675.5165411028062
512.0	21074.48332459563	-1534.9894486884898
513.0	20850.71801575732	-1039.647136715609
514.0	20932.390328117068	-767.7815882094095
515.0	21215.942939601573	-949.8827195838779
516.0	21384.322194685945	-679.0093049066204
517.0	21685.752506482768	-681.8716006034746
518.0	21377.04977447838	-1316.2722422036222
519.0	21534.64174468394	-773.1318175268437
520.0	21816.3446337956	-956.5408872070044
521.0	21986.88595925926	-682.1960992137803
522.0	22288.526469584172	-684.5295433166651
523.0	21973.432010593064	-1321.995307421966
524.0	22137.13775988996	-776.5205930782944
525.0	22589.115901318044	-684.5158992023358
526.0	22891.35716924674	-686.9649463538952
527.0	22568.567902439496	-1321.0978279353155
528.0	22739.356689142634	-778.8198346351802
529.0	23191.544794235	-686.8792460934955
530.0	23494.15823222233	-687.95558064975
531.0	23164.88643579218	-1321.8723453363884
532.0	23341.74493256648	-779.7178543532947
533.0	23794.08456872396	-689.1110560131477
534.0	24097.024863253046	-690.3394542409587
535.0	23761.92518778794	-1322.217592952876
536.0	23944.309625617458	-781.8775763952559
537.0	24396.628265641386	-691.3484602727141
538.0	24699.675996632006	-691.5419113632362
539.0	24359.15317083408	-1322.236156990298
540.0	24546.662743445147	-782.8614763081999
541.0	25148.87976278208	-785.1416373109699
542.0	24999.255032078625	-693.8027586123048
543.0	25558.13875119577	-1069.4565157254153
544.0	24956.806624310153	-1324.1271425782554
545.0	25600.604414893623	-1338.9942411193315
546.0	25302.1079620004	-693.8237354953153
547.0	25158.195917135217	-1323.9157371626013
548.0	26135.63965828912	-1188.6482126492658
549.0	26010.09116067085	-948.8966247196263
550.0	25740.91838318668	-1335.2481482374242
551.0	26076.9294308364	-1533.286819060466
552.0	26269.327403771254	-1366.2289258674234
553.0	12398.259461157213	-1417.9583065947336
554.0	12307.092403230607	-1376.4117199808336
555.0	12326.187733735334	-1389.2013867886556
556.0	12322.009460910833	-1367.3122319873637
557.0	12357.23013756507	-1421.5837952985785
558.0	12368.51319211444	-1414.3679285089875
559.0	12367.546157935976	-1432.2020704742529
560.0	12346.852778526498	-1410.8469594764065
561.0	12354.899205137675	-1402.3939746922697
562.0	11754.258834358503	-562.2360783346866
563.0	11777.064349077082	-554.5509700577139
564.0	11810.54104294966	-582.576206731978
565.0	11762.700230246648	-565.4326701606964
566.0	11782.58654299315	-614.716544188564
567.0	11807.766531301284	-627.2014935541853
568.0	11800.380546291439	-556.2115483627412
569.0	11790.614789140367	-618.9530616769338
570.0	11817.840401212663	-680.7667721959293
571.0	11866.826880387473	-560.4492078890573
572.0	11945.250701943238	-585.1722978965853
573.0	11830.611318439727	-625.0438434200629
574.0	11825.880877649048	-684.9494103179885
575.0	12295.57384295179	-1356.4707577965985
576.0	12461.2799562695	-1390.077039696549
577.0	11839.370286313226	-720.2321483608481
578.0	11980.755392069297	-568.8877692504706
579.0	11846.633813657281	-733.3292581116293
580.0	11879.676215786234	-757.7116816668027
581.0	11865.204409304873	-731.9156197499511
582.0	11853.88125373218	-746.4502940798233
583.0	11850.430586454633	-706.0199208285334
584.0	12114.147664429416	-607.5917537842934
585.0	11893.945619772487	-783.4113951256604
586.0	11868.435083874494	-772.6125561483387
587.0	12014.575839421343	-635.5437675720719
588.0	11876.563788093108	-776.6428126778446
589.0	11891.24993336134	-802.7457881423403
590.0	11906.056527793777	-828.707502669418
591.0	11921.098163755509	-854.6018395944362
592.0	11908.552083114531	-808.3680569251732
593.0	11935.73188053634	-889.3558050329884
594.0	12171.727647473863	-581.7915163317697
595.0	11951.2786066161	-914.9251898808958
596.0	12307.127596211767	-590.565735858362
597.0	11999.742210134695	-990.44380904566
598.0	11931.483107723403	-848.3185043800131
599.0	11999.843688030227	-981.385929039319
600.0	11943.967432011481	-893.1167335142782
601.0	11961.54053242052	-899.0264353458546
602.0	12016.598975365712	-1015.1439097114107
603.0	11913.556787483647	-841.6880923645346
604.0	11921.66459498967	-832.6132569662628
605.0	12032.423629054336	-1008.0327931562528
606.0	12085.626092170465	-1070.1421126924427
607.0	12033.645836285616	-1030.54791458619
608.0	12234.595948909644	-622.4601642295211
609.0	12026.773499777313	-999.8792647255656
610.0	11883.904063177912	-789.7137603294627
611.0	12077.752096239294	-1090.8087546187646
612.0	12086.741147664654	-1102.7834086048153
613.0	12130.995873119808	-1129.7020440179797
614.0	12105.349681149355	-1135.5822508751535
615.0	12114.513218932547	-1147.4462902043135
616.0	12150.857562461091	-1165.7880257847144
617.0	12123.693769907788	-1159.2814113537572
618.0	12142.174158104419	-1182.8187678409129
619.0	12151.476495869678	-1194.5766629423176
620.0	12168.711774734189	-1187.9565258454415
621.0	12160.822563247124	-1206.232075388547
622.0	12179.59483486686	-1229.5642805901077
623.0	12188.313095070693	-1232.1269347236566
624.0	12197.794422664068	-1243.7322953456564
625.0	12223.797160315376	-1246.1923374488895
626.0	12216.836403432315	-1266.7075619388645
627.0	12288.742205109878	-1299.0633222577835
628.0	12237.154990521709	-1298.5056740104958
629.0	12275.53953831026	-1334.3834268277726
630.0	12264.206702160634	-1303.8972581963335
631.0	12256.806856455732	-1321.0706148371846
632.0	11776.81060296503	-592.4232167019558
633.0	11786.699430044146	-584.1861836993721
634.0	11804.656297489988	-645.3929516086123
635.0	11818.776421091607	-671.7371628301504
636.0	11819.96301786469	-634.0294808002564
637.0	11833.067515061191	-698.0941327528102
638.0	11861.410234995987	-683.793569075097
639.0	11898.632014669944	-815.7162514082261
640.0	11916.662905583646	-823.9595311297217
641.0	11928.647839972009	-867.4754622335362
642.0	11973.207438293852	-904.0187535016672
643.0	11959.65928334339	-918.5268352550205
644.0	11767.701593517959	-557.9181185886522
645.0	11770.587138362971	-578.3025155246359
646.0	12336.50478623446	-1400.0351206033772
647.0	12426.514217610164	-1404.4932548990407
648.0	12042.311047235738	-1042.700284018841
649.0	12055.074612317478	-1027.8658889371115
650.0	11983.592396697213	-956.4853898135176
651.0	11977.350228313531	-922.7351298198755
652.0	11967.877602818568	-931.0299535668088
653.0	11991.585322150879	-968.9671437315061
654.0	11995.375034210376	-952.8405439607201
655.0	12025.061774407593	-1018.3439534863546
656.0	12043.424990563266	-1023.3808110571741
657.0	12008.156936912688	-993.7652253505831
658.0	11786.526007145598	-562.7123274939439
659.0	11812.825952983034	-565.9582930608591
660.0	11794.659899056029	-601.5590490522014
661.0	12132.319765363456	-1162.0134936652003
662.0	12144.708280892803	-1157.9788161213237
663.0	12095.744599020187	-1114.667682705641
664.0	12068.740196664568	-1078.8432156500596
665.0	12059.63167860877	-1046.1160844624108
666.0	12051.07075101735	-1054.7395280408873
667.0	11808.424896498393	-614.3961677147933
668.0	11797.646203520226	-632.1815976423139
669.0	12315.944291255844	-1378.3531337565928
670.0	12335.705892847967	-1381.3787455980637
671.0	12226.466047742497	-1278.1261708941645
672.0	12245.231761984915	-1281.7271432894697
673.0	11822.56663353983	-651.9678747746202
674.0	11811.707216704342	-658.5589145865048
675.0	12276.471485815682	-1307.6783688700918
676.0	12265.574616650336	-1323.2722803621011
677.0	12245.89875506883	-1300.8112588644317
678.0	12258.01389217317	-1286.3288994526727
679.0	12207.278442758194	-1255.2473330329974
680.0	12226.127380193679	-1259.3970001236296
681.0	12169.521249822248	-1208.8368031899608
682.0	12189.207986569096	-1214.184648948419
683.0	11835.853671642084	-679.6647242449877
684.0	11915.956397960888	-564.9887643224224
685.0	11973.006831524573	-641.1062501512297
686.0	12285.539565612891	-1345.4595420144815
687.0	12283.378883025709	-1325.4372637105705
688.0	11861.979735175571	-750.5189378262148
689.0	11906.317198148545	-742.8460310148445
690.0	12064.288468330336	-575.1987082980236
691.0	11905.545365027634	-789.4463916003897
692.0	11946.13576357901	-873.9968252586046
693.0	11975.889888906044	-943.7315471668456
694.0	11987.350837955955	-937.8017633176272
695.0	16525.331075641832	-1174.1759708340753
696.0	16993.72886641241	-1396.7414033481664
697.0	12059.856018892635	-1066.803237716276
698.0	12070.001677691203	-1060.5444203291427
699.0	16401.799906073393	-1395.757712379672
700.0	12572.32749515731	-1392.102584821674
701.0	12504.091363049598	-1372.1645705498202
702.0	12242.553367240811	-1268.2235291149088
703.0	12797.184367730166	-838.6567852866968
704.0	12730.648842599227	-1360.7922307450388
705.0	13097.73576304789	-895.1083544532576
706.0	12966.421678231696	-1318.2972650764107
707.0	13442.356414650598	-1306.4287360603307
708.0	13403.308320935046	-905.3744756846312
709.0	13596.353166828034	-1308.010862343125
710.0	13714.49337988299	-905.9362709071835
711.0	14018.952590667044	-905.2390894321852
712.0	13903.320606354077	-1310.5417043982043
713.0	14181.952905241984	-985.6600686982196
714.0	14214.241611813974	-1317.2839357880862
715.0	14525.890688359621	-1330.5067535668688
716.0	14474.46681334307	-1136.7501592327092
717.0	14370.455235248324	-1323.423509624673
718.0	14680.042735846451	-1338.021161717844
719.0	14853.510947362864	-1226.0108386812287
720.0	15151.527895373563	-1231.571020983435
721.0	14986.819875858127	-1352.9556654300286
722.0	15295.036544160539	-1367.3303461189726
723.0	15456.682298783728	-1250.8822822996972
724.0	15801.976650682001	-1226.6175294958023
725.0	15614.097207726367	-1374.2251071135859
726.0	16006.041019470793	-1377.5311728875013
727.0	15950.213652425899	-1146.6816209824701
728.0	16262.590306161177	-652.0727247728892
729.0	16186.620909052828	-1234.4243250036288
730.0	16707.266190527924	-740.2788852123832
731.0	16406.056845900726	-1255.209215737105
732.0	16690.90237030212	-910.1745549782372
733.0	16410.231510026613	-738.3609289925558
734.0	16794.917223010983	-1398.795088402976
735.0	17343.84047222119	-900.934563795081
736.0	17193.77710793415	-1398.4328928473285
737.0	17593.603041855313	-1403.4168124817836
738.0	17499.137400654217	-1157.3391391806326
739.0	17393.760529981446	-1400.4425374989312
740.0	17792.907896974084	-1406.900640143693
741.0	18190.77990724707	-1416.6563723155575
742.0	17947.608752921205	-903.9574736470549
743.0	18098.890073062543	-1166.7129926526716
744.0	17991.855809356177	-1411.1033521191296
745.0	18389.31533923581	-1420.985920225144
746.0	18786.846136237084	-1424.0014104962981
747.0	18545.863368900817	-913.2513422522006
748.0	18691.46656563568	-1172.186818203034
749.0	18587.74639707128	-1421.9887507065214
750.0	19149.265589629893	-918.1977751497816
751.0	18986.43676527342	-1427.8615090700814
752.0	19384.94190845793	-1435.3686541770674
753.0	19293.364485031198	-1183.7694799805868
754.0	19185.947949051664	-1430.8395760522938
755.0	19749.081030585035	-928.5172121176032
756.0	19583.81040764041	-1439.647480828744
757.0	19982.16361171365	-1445.8852832521268
758.0	19888.603699872543	-1193.6576849743258
759.0	19783.044145837328	-1441.974715644331
760.0	20181.166630671953	-1450.3476647549835
761.0	20578.975752235605	-1457.1128216773952
762.0	20120.579445352512	-1027.925561025464
763.0	20384.253512007268	-1293.4965774155596
764.0	20380.103940331097	-1453.5285820089655
765.0	20777.84366996699	-1461.3232616663518
766.0	20949.471747139407	-947.0630097984509
767.0	21175.44423819194	-1467.7005473460067
768.0	21573.086809913446	-1471.9148439945322
769.0	21082.714264188395	-1036.6759435151005
770.0	21374.268649597874	-1470.0273921148498
771.0	21447.20482713202	-1046.6333994970694
772.0	21771.920631464895	-1473.5497923979153
773.0	22169.71829202201	-1477.582003268127
774.0	21970.900404058037	-1475.7232459761365
775.0	22148.59671991371	-959.8592447818368
776.0	22368.44245312571	-1478.440422692802
777.0	22766.29790471637	-1479.4413345365767
778.0	22509.20537243695	-1050.849729145885
779.0	22567.314033451625	-1479.0384668083545
780.0	22748.438605860585	-962.113834543643
781.0	22965.259500179895	-1479.8499819128347
782.0	23363.080559591264	-1479.6213303717013
783.0	23106.98193293066	-1052.5918454151426
784.0	23164.09788536905	-1479.7869366556788
785.0	23348.610209646296	-962.4739720540571
786.0	23562.197809221823	-1480.0991009254933
787.0	23960.36786930366	-1480.5722074668536
788.0	23705.368157269884	-1053.5097253999284
789.0	23761.30374817995	-1480.1148877441399
790.0	23949.216280455705	-963.9365753409893
791.0	24304.085520469398	-1054.3965295126443
792.0	24159.438332257825	-1480.7740059476916
793.0	24557.70141347294	-1480.6975625478965
794.0	24549.73822308821	-964.255094394183
795.0	24358.56288777101	-1480.0719137052456
796.0	24903.214735340942	-1056.758709216406
797.0	24756.86627781722	-1481.0338174566198
798.0	25155.375449594558	-1481.565034672213
799.0	25152.311706060256	-966.2598700227676
800.0	24956.0911009308	-1480.8714339080416
801.0	25355.266698737363	-1481.9836717604169
802.0	25762.848128778394	-1483.8193153387372
803.0	25272.718740959393	-1235.5793078758834
804.0	25556.16925752474	-1487.3468092451938
805.0	11796.57542275946	-589.0468761928502
806.0	11842.511352119946	-590.4524015508741
807.0	25713.645925141715	-976.8059454228745
808.0	25851.705686788842	-1232.4807822128744
809.0	25514.11183420892	-1245.0703104165332
810.0	12315.218040214977	-1360.045677487924
811.0	12384.87124657379	-1422.922909756987
812.0	24757.509235632202	-1323.2153366881132
813.0	24160.00093525555	-1322.9520531543033
814.0	24671.74927592432	-1054.019948295443
815.0	23562.8527936006	-1322.181875920267
816.0	24072.70049392845	-1054.1168436086743
817.0	22966.19784460087	-1321.9312283501185
818.0	23473.736253862287	-1053.095045935088
819.0	22369.862863488266	-1320.5167435322412
820.0	22875.28679419728	-1053.2715093260879
821.0	21774.863130221835	-1314.2075176994847
822.0	22277.16796221585	-1051.1241426539739
823.0	21178.59886706326	-1308.0251317301008
824.0	21680.57358042097	-1044.3736210958843
825.0	20185.36407636639	-1297.4705306803062
826.0	20617.064338207067	-939.5820767618819
827.0	19587.83751399667	-1288.356778607619
828.0	20016.710881352683	-930.7215771875617
829.0	18990.53060594875	-1269.9291192602752
830.0	19418.091958549416	-924.9845463434316
831.0	18393.66393819454	-1269.353054818953
832.0	18815.00646722486	-914.0243261368747
833.0	17798.10790610978	-1246.413125317987
834.0	18216.236918642036	-913.3196021617872
835.0	17194.17729632981	-1247.6145356686993
836.0	17614.061235339177	-904.7251066798495
837.0	16541.33092434399	-1004.1905535343194
838.0	16273.218234501795	-1000.5319729850544
839.0	14174.628588507241	-1130.0670949278017
840.0	14612.489406878572	-906.0241880818061
841.0	16621.94323914887	-1249.1926343985135
842.0	16828.149889817418	-993.0169815618714
843.0	12207.372489131289	-1236.8391117457074
844.0	12132.700916166717	-1142.2600297600213
845.0	12227.454181698862	-686.6702039302478
846.0	12067.921042470187	-969.4298563192866
847.0	12342.58117322252	-1388.5933148027204
848.0	12428.452727763317	-1341.704926151034
849.0	11914.48118034799	-631.0223026866242
850.0	11817.875084822188	-643.2063764134867
851.0	12195.484909174667	-1221.9338009097453
852.0	12558.474285834245	-1350.2951818050478
853.0	12276.738968287447	-1318.0555735702128
854.0	12178.721655081776	-1201.2472468206659
855.0	12257.680224755664	-1296.4038455609236
856.0	12163.127724568665	-1169.5277445480467
857.0	12232.536177487045	-1266.9959641314417
858.0	12213.672028372863	-1244.504172432936
859.0	12175.313914684988	-1144.9690719619168
860.0	12205.82399434472	-1224.0952762039149
861.0	12429.333363180192	-849.6223651584096
862.0	12189.71451994266	-1204.0186364584915
863.0	12114.815371212542	-1120.7010460102094
864.0	12178.562969646167	-1189.405943322481
865.0	12104.44590231397	-1106.3381773084675
866.0	12374.965902002286	-721.7099209917402
867.0	12145.631748461858	-1147.2724202638365
868.0	12098.465930244478	-1098.4316991713647
869.0	12138.665059222933	-1114.9811282000646
870.0	12120.922702316113	-1128.6129649704737
871.0	12087.062616168021	-1083.3381833397234
872.0	12114.891895593815	-1109.5611670192502
873.0	12113.032314351118	-1080.317875955646
874.0	12075.915077513018	-1068.5670580599624
875.0	12099.17042976251	-1088.061834843882
876.0	12052.935646002714	-982.7302429351288
877.0	12016.060903204549	-983.8581554451612
878.0	12070.052540147992	-1048.9134283171109
879.0	12109.008850740436	-659.3565103981873
880.0	11891.349885446112	-764.7978618411489
881.0	12010.5328469339	-975.6269823990497
882.0	12042.293593325594	-1009.9117410072753
883.0	12000.643337873582	-961.1341279247748
884.0	12057.219465141177	-952.3481409174389
885.0	12026.228747682631	-986.699550844333
886.0	12158.229673190608	-1138.9165886253086
887.0	11919.713377856262	-784.7845036464938
888.0	12002.409269282298	-918.3343653311355
889.0	12159.447066574101	-697.7663126463904
890.0	11941.854626325427	-823.3412926985142
891.0	11941.063103904053	-865.4541961532395
892.0	11988.361042732708	-925.9230683572756
893.0	12097.211487191315	-749.8361666495942
894.0	11956.375699145608	-890.5346328156369
895.0	11931.396188664416	-835.3558291876367
896.0	11943.24817721024	-855.3284012534672
897.0	11955.820123711763	-830.3605409722835
898.0	11870.028110770267	-740.6427890479312
899.0	11918.432546558042	-812.6575201191087
900.0	11864.880476027589	-718.2555993799245
901.0	11889.051195736198	-774.697355631543
902.0	12063.594990478377	-685.0940850582089
903.0	11933.89267362508	-809.2967094665273
904.0	11942.166770926235	-616.9263844856923
905.0	11840.65056118461	-688.4214963643117
906.0	11875.429079926354	-693.1106040875426
907.0	11879.616700441473	-743.7944436358345
908.0	11855.243176497965	-714.7585346749141
909.0	11831.129462204755	-670.8454785180626
910.0	11849.962667606838	-692.2132247468331
911.0	11856.016003334373	-640.0058800047306
912.0	11882.507709732692	-602.029342482163
913.0	11893.086142684988	-624.25556688628
914.0	11857.716988445061	-605.9053839543261
915.0	11823.969663529293	-594.9143157533636
916.0	11799.310588017159	-610.3798042231023
917.0	11848.3815722035	-625.5812968668985
918.0	11821.405046090638	-609.82984470998
919.0	12367.653064538174	-1404.127805214186
920.0	12399.223092877233	-1368.3497263071379
921.0	12302.000937828074	-1345.9606141217912
922.0	12332.904206758174	-1368.4427382805025
923.0	12306.360340235913	-1316.932167492596
924.0	12295.336782372971	-1338.6360453888585
925.0	12312.793567937735	-1347.540470573763
926.0	25038.122497714652	-1057.2018499934632
927.0	25058.778540292547	-1235.4188223893088
928.0	25287.490572462328	-1056.1404131318952
929.0	25429.513220336576	-969.5936397549467
930.0	25370.71447184679	-1324.6463291900527
931.0	24658.17745048992	-1233.9637480503854
932.0	24857.42934311026	-1234.8580333900125
933.0	24816.866453297287	-965.1722127595646
934.0	24436.865643020104	-1054.4810840881285
935.0	24459.01289194377	-1233.150429655411
936.0	24060.744594070857	-1233.7130528562
937.0	24259.840913444856	-1233.1469830770675
938.0	24216.20144213768	-964.6053903423544
939.0	23838.035686292777	-1053.5947036725695
940.0	23861.73512833755	-1232.7641568554566
941.0	23463.674118902214	-1232.60690475491
942.0	23662.70649044933	-1233.0747113773007
943.0	23615.576595381233	-963.1050311230725
944.0	23264.70484217835	-1232.4622028537972
945.0	23239.473120522667	-1052.7447269636584
946.0	22867.28565313561	-1232.240314252261
947.0	23065.968484535373	-1232.5865049834683
948.0	23015.21243405782	-962.9677638556199
949.0	22668.50271125376	-1231.7442901323393
950.0	22641.57837529175	-1051.2971083320645
951.0	22271.22747811876	-1230.3892037013782
952.0	22469.87934169997	-1231.2330516645554
953.0	22415.12937832235	-960.8683599661666
954.0	22073.50710040217	-1233.6137012736126
955.0	22044.857477138543	-1053.087485952814
956.0	21676.793115683136	-1222.7203704095816
957.0	21875.783840306776	-1230.109644624022
958.0	21913.48487914271	-1050.789763445239
959.0	21477.7019498939	-1226.4550773909457
960.0	21548.902837849444	-954.1835819118029
961.0	21279.35096562954	-1224.2080418685146
962.0	20781.78453157486	-1307.8546338269273
963.0	21081.124130846052	-1215.61897029854
964.0	21315.10490482551	-1045.008656505731
965.0	20882.989254031745	-1218.7997885921493
966.0	20485.878433475184	-1024.4150711110458
967.0	20583.40884920045	-1297.4534550076726
968.0	20718.95385385161	-1037.4470247700901
969.0	19986.535514237366	-1286.0153499770088
970.0	19886.40214291085	-1014.9291576709238
971.0	20287.00484626622	-1208.0810397430814
972.0	20253.062357089893	-1030.3760580172354
973.0	20088.202521275503	-1204.4908065115094
974.0	19689.118289641538	-1199.0330891582598
975.0	19289.71454077712	-1006.1592229678723
976.0	19390.692566957172	-1277.8127612851385
977.0	19492.083451796665	-1197.5555898541952
978.0	19523.13278764299	-1022.3376319252026
979.0	19092.42717676486	-1180.366288129686
980.0	18686.296639601336	-996.2454788134049
981.0	18790.709424619647	-1263.8041556062756
982.0	18922.37196256576	-1003.1664566408344
983.0	18892.9049939262	-1177.0049467206063
984.0	18493.143021404398	-1179.4278614023915
985.0	18091.574739328873	-991.838459330238
986.0	18196.3036548885	-1261.2933196616189
987.0	18325.204243248194	-1007.1842282263684
988.0	18297.955645760987	-1180.2834124037665
989.0	17899.490563711926	-1157.2235822474802
990.0	17489.819768827438	-984.5586382434661
991.0	17726.145869975124	-987.8070970502855
992.0	17598.27695683598	-1248.3868478024026
993.0	17295.391328148507	-1158.613192623515
994.0	16984.54149173396	-1243.422085151639
995.0	16995.41139228798	-908.811760809626
996.0	16840.816804787493	-1159.3756705993928
997.0	17083.894158236337	-1161.6169790000506
998.0	16286.268278874564	-1166.2615783786514
999.0	16055.506173648335	-1228.4320779696154
1000.0	15966.56733102556	-990.5831289497249
1001.0	15565.194030049943	-1247.0977119418756
1002.0	15652.540038868103	-1162.4044042618177
1003.0	15254.826981464705	-1238.2904813202083
1004.0	15191.269951896305	-922.7714877898876
1005.0	14955.312692653677	-1229.4311502208784
1006.0	15040.15265941745	-1157.2108198612266
1007.0	14561.694707975255	-1208.1013671190012
1008.0	13868.876006522421	-1126.8236537038665
1009.0	14258.905278200886	-1199.3769880583175
1010.0	13560.265056904856	-1125.628429680286
1011.0	13949.940412214375	-1192.6073109221845
1012.0	13249.053989669344	-1117.515564443948
1013.0	13643.713718906103	-1191.2741272219293
1014.0	12948.582201652656	-1208.3314505476185
1015.0	13258.383691082478	-978.1179384075895
1016.0	13023.137516112323	-1129.1297638793033
1017.0	12252.84075425256	-1256.593883044492
1018.0	12827.649314366829	-1064.1605098011053
1019.0	12867.230604852704	-1175.4080188002888
1020.0	12877.720624724609	-948.0692265086394
1021.0	12234.090640162067	-1234.8064421903946
1022.0	12717.653050438004	-1157.7465346200981
1023.0	12714.687498241723	-1295.8009853250824
1024.0	12216.489045915068	-1212.8492147914083
1025.0	12657.870714912506	-1280.52891581277
1026.0	12581.109168058485	-1313.7627255434109
1027.0	12555.18901143432	-765.6188154388819
1028.0	12290.017114274635	-736.1756446724982
1029.0	12128.668412800513	-1102.7521701615995
1030.0	12447.921734130949	-778.8683974211859
1031.0	12096.612832572462	-1059.5786393045316
1032.0	12201.039616670112	-1192.195699984147
1033.0	12520.919461426658	-1342.715564921148
1034.0	12465.607837158663	-1309.4097620647
1035.0	12474.016006323815	-1366.9296409483038
1036.0	12404.823457513434	-1403.9235918769166
1037.0	12322.84005710046	-1336.6150969198977
1038.0	12436.696380737187	-1386.5622938562785
1039.0	12363.862681572502	-1379.9224019780352
1040.0	11847.555607629132	-656.7700582623432
1041.0	12375.988201477869	-1391.3529183969429
1042.0	12344.708895813534	-1355.443762250438
1043.0	12421.301564482303	-1365.2579093900374
1044.0	12362.739452022512	-1362.8094724495204
1045.0	12271.552518894996	-1278.3458179278095
1046.0	12456.583594072516	-1339.86191186903
1047.0	12556.170831474143	-1267.839690917582
1048.0	12542.575441076717	-928.7375458320863
1049.0	12276.007730873942	-789.5682423363656
1050.0	12499.868347787022	-1307.0284855153016
1051.0	12334.099210439732	-1290.197691839112
1052.0	12512.484835610268	-1268.6850677733728
1053.0	12605.582165957594	-851.5668890593485
1054.0	12745.390467127649	-1065.221599588295
1055.0	12573.464500978987	-1220.0197782184769
1056.0	12534.104430225088	-1176.7400248433012
1057.0	12609.124643066722	-1038.9688548738504
1058.0	12599.796313629022	-1108.168938714353
1059.0	12650.963003692152	-1159.5353879767383
1060.0	12688.028749819496	-997.8103691044325
1061.0	12383.559269299243	-1328.6560714055347
1062.0	11934.050011764783	-671.5408543638023
1063.0	11875.929852528234	-642.5561914962751
1064.0	11860.965102124703	-667.8600423621556
1065.0	11875.988489093737	-709.4221295576614
1066.0	11964.695503641095	-666.8794908868216
1067.0	11891.679760686538	-733.7775765867051
1068.0	11935.44669548321	-698.2167322700983
1069.0	11959.331272691337	-712.1130742481406
1070.0	11894.366124911809	-670.8532096030025
1071.0	11877.015266033026	-660.3126050704795
1072.0	11892.334805933853	-687.7176819071241
1073.0	12032.50080992879	-673.6651140585885
1074.0	11905.927807563361	-759.94907823832
1075.0	11972.677803623237	-874.2592989386934
1076.0	12146.782100857476	-742.0341988040194
1077.0	11957.126755537589	-849.3849743348601
1078.0	11988.053139819183	-847.9885844477703
1079.0	11972.1688843015	-857.5836882019848
1080.0	12361.630576718222	-870.9992440466164
1081.0	12219.944849727546	-802.7385672443543
1082.0	11970.456785472785	-819.3779107812946
1083.0	12037.581458216768	-976.3137117380969
1084.0	12023.648503706958	-952.8827156429161
1085.0	12068.287462299346	-1020.1812060753358
1086.0	12008.82458442607	-851.5416102484542
1087.0	12126.708369748427	-1051.1059705409164
1088.0	12054.272083960195	-999.0943808284277
1089.0	12083.08255239171	-1039.3419680960862
1090.0	12417.776001527774	-966.6964323072176
1091.0	12145.273224100381	-1054.472623033639
1092.0	12129.099589771975	-1087.8028576865697
1093.0	12152.96802699859	-1119.1832823035784
1094.0	12192.99909269428	-1181.4837405735645
1095.0	12306.207457182938	-1258.70077927623
1096.0	12214.358489565713	-1194.9916048503728
1097.0	12231.477149068678	-1218.0068762690705
1098.0	12330.018354566142	-1228.3875327732185
1099.0	12265.34152613882	-1226.8938623108043
1100.0	12249.907633237519	-1240.1552993096539
1101.0	12269.05777571849	-1262.11441569419
1102.0	12440.723817855216	-1283.3870929728375
1103.0	12381.160915769722	-1353.5052674243107
1104.0	12340.460344410714	-1339.7339507894674
1105.0	12111.91124115863	-1065.0307510635764
1106.0	12088.387083116964	-979.0599972666259
1107.0	12304.789681364055	-1275.1955070029228
1108.0	12320.737058063962	-1320.6897780852275
1109.0	12286.780512898695	-1283.5635534707174
1110.0	12304.351166895782	-1302.4621374071914
1111.0	12316.39354574349	-1287.386065852059
1112.0	14475.969709892712	-988.2318498736913
1113.0	14758.271910063631	-1148.0306037256796
1114.0	11903.639452070676	-799.7411480144043
1115.0	11935.737090736127	-796.0217859094428
1116.0	11987.983119346158	-881.0074216824911
1117.0	11971.774985291775	-914.4721273449935
1118.0	12016.245229441041	-940.1485150323564
1119.0	12011.193404853693	-964.3970897468129
1120.0	12053.798767665647	-1038.1263290546758
1121.0	12162.494664377997	-1180.1922668577572
1122.0	12194.95485293422	-1167.5416201085748
1123.0	12421.228080805384	-1018.5335813346979
1124.0	12229.111080935554	-1180.9440416360678
1125.0	12481.440705228559	-1234.338553343725
1126.0	12246.726971478485	-1205.2902315437125
1127.0	12408.772609687767	-1319.9475470493587
1128.0	12438.203500521493	-1115.640240778571
1129.0	12285.703545541071	-1250.837423510405
1130.0	12284.920416976442	-1232.0554538618574
1131.0	12213.377310678023	-1152.7502324208672
1132.0	12300.83818851731	-1187.8050275915346
1133.0	12264.774355473179	-1208.8283604661872
1134.0	12178.034722765775	-1160.9578024787631
1135.0	12163.932184118517	-1106.3705680117012
1136.0	12446.066817393663	-1161.6706797442937
1137.0	12186.022255606142	-1074.9857418708034
1138.0	12246.49145969472	-1186.0850068517454
1139.0	12116.966426499885	-1037.2533455210184
1140.0	12189.485356098761	-1130.3349078059211
1141.0	12169.267545882592	-1037.4240265193228
1142.0	12146.54337093144	-1075.8823852872222
1143.0	12146.866302400644	-821.9403487309324
1144.0	12003.017601099187	-903.4238127013044
1145.0	12037.112190507265	-957.8199603262237
1146.0	12270.284455652452	-884.0017611846033
1147.0	12038.024159947738	-920.6979247418925
1148.0	11987.647672816296	-828.8072403896567
1149.0	11940.842059042747	-747.4079097166486
1150.0	12110.494214428969	-818.6132825731189
1151.0	11922.657250541257	-733.8467406892736
1152.0	11967.090936686574	-794.2325647034746
1153.0	11980.629915233943	-694.2464039583823
1154.0	12349.717715668363	-1321.2911466406786
1155.0	12336.433549420073	-1309.0313739868761
1156.0	12383.797683004894	-1238.1108415732197
1157.0	12538.00088692709	-1126.5033166356086
1158.0	12485.766630338534	-1190.2134231127584
1159.0	12412.019456693519	-1292.081863675492
1160.0	12267.724228822271	-1170.119165311887
1161.0	12443.940198101867	-1246.6593019937911
1162.0	12346.61829431652	-1271.1550085909603
1163.0	12366.749996412058	-1281.3637032231393
1164.0	12367.515078783561	-1312.6661591250934
1165.0	12117.524418984074	-1018.8314532997143
1166.0	12068.616331179734	-1004.8787680165509
1167.0	12097.0435600572	-1044.3695558478692
1168.0	12019.122467022016	-926.9922701516449
1169.0	12082.988944524359	-1024.8384767867472
1170.0	12087.74593386903	-998.1447710705912
1171.0	12008.245644631306	-867.8848367464665
1172.0	11987.544136227052	-896.4472654350811
1173.0	11961.889248164414	-738.4051651160911
1174.0	11920.242913456488	-769.5445028216218
1175.0	11919.819862454797	-710.9476541106736
1176.0	11984.160533878354	-781.9173564963294
1177.0	12008.650024559813	-817.3148041968446
1178.0	12064.462592645881	-731.3058551519867
1179.0	12033.319165528155	-753.9510473559354
1180.0	12176.711797364063	-785.2096446292556
1181.0	12110.1580605109	-966.0633626481304
1182.0	12311.050174745584	-844.3983478849883
1183.0	12135.664029402164	-1006.6792308190046
1184.0	11914.675749070017	-659.8635318291423
1185.0	11902.586590298495	-703.5862536740915
1186.0	12006.81696705673	-740.668672912876
1187.0	12006.866213624873	-706.5945097093069
1188.0	12547.84050843058	-1005.6659806374561
1189.0	12473.593915602687	-913.5434399488435
1190.0	12305.112277745293	-1216.4576875236864
1191.0	12386.041033933492	-1269.487932129714
1192.0	11949.5063725731	-784.831545980655
1193.0	11938.817112543167	-766.0026246255214
1194.0	11983.13864413888	-754.6126580299018
1195.0	12034.00904314003	-781.5479423579691
1196.0	12023.95798532851	-831.7609831055628
1197.0	12018.912159757	-893.5043005042384
1198.0	12130.45287550584	-888.0207350147448
1199.0	12059.639605392525	-934.6250710581704
1200.0	12055.575222683014	-889.9983002173085
1201.0	12037.20552086583	-902.120507724317
1202.0	12182.481893157603	-991.1785772403109
1203.0	12097.507944674035	-1011.4441723172258
1204.0	12412.992486011572	-1223.9769821399514
1205.0	12330.330405439157	-1251.8486548772144
1206.0	12378.940658242449	-1164.23134363795
1207.0	12410.793180193388	-1183.1134901214202
1208.0	12482.311062234161	-1042.3090237816934
1209.0	12090.769095726231	-789.684546317017
1210.0	12008.528734408079	-795.5702663813372
1211.0	12230.432879067832	-1157.808259901356
1212.0	12387.322540062329	-1097.3412125259536
1213.0	12226.953991367589	-859.7379604083295
1214.0	12198.656908816003	-1092.3816721674684
1215.0	12220.909326097217	-988.9530649097609
1216.0	12280.079157082815	-1185.3372920850882
1217.0	12323.086546393897	-1166.7188669243278
1218.0	12355.234430995753	-1217.2761142595652
1219.0	12481.799770168369	-1093.9462759393434
1220.0	12217.461903978396	-1104.8491133924574
1221.0	12369.835828280427	-1051.87180523973
1222.0	12360.78303224375	-940.2094832010462
1223.0	12313.082006183964	-965.028005481959
1224.0	12091.784931762953	-850.7022527662806
1225.0	12194.916738387945	-883.1070914558568
1226.0	12058.710078792674	-798.7511298214431
1227.0	12023.701220170013	-873.4051683019903
1228.0	12162.75343239783	-1083.7637534699152
1229.0	12264.49028856383	-1129.4964773359952
1230.0	12228.199926120506	-1046.3203524804903
1231.0	12183.365271724308	-1111.4697101774357
1232.0	12318.944072115917	-1045.892765667774
1233.0	12193.806515921968	-1050.0557771737942
1234.0	12061.887465096961	-850.2420194422648
1235.0	12048.537730829421	-827.2196327535294
1236.0	12082.11359947527	-925.2703239515498
1237.0	12047.357693625345	-869.5287483103099
1238.0	12363.33333498356	-1124.4895050082057
1239.0	12257.28252564385	-1150.1684453846617
1240.0	12325.679625174962	-1129.2697544742641
1241.0	12352.576712051492	-1184.2601083428265
1242.0	12210.62862192335	-1131.5322506350597
1243.0	12250.799081488925	-1074.5015742378073
1244.0	12133.306594886031	-979.0988920198719
1245.0	12107.740345995344	-937.7187665503983
1246.0	12158.062101784482	-862.8384023935583
1247.0	12197.173226454603	-925.6136410245023
1248.0	12134.399684417593	-920.4784961965761
1249.0	12273.163831565305	-935.4211796271442
1250.0	12290.444523615797	-1079.756298060521
1251.0	12164.972173968636	-1014.8745269819574
1252.0	12160.754594715778	-968.0785128695989
1253.0	12232.0898553471	-953.6639284195159
1254.0	12164.265398762893	-937.8027131440352
1255.0	12238.727688835663	-1102.041156302036
1256.0	12298.28410195781	-1114.4658203196032
1257.0	12245.861598333775	-1018.0265640807562
1258.0	12296.960302202315	-1012.3442534453261
1259.0	12100.547793455984	-879.2116515452805
1260.0	12078.867855847666	-899.2209701282633
1261.0	98.20095678501825	-1262.3941413954437
1262.0	11995.662583199015	-1020.1621606232142
1263.0	7388.260831665691	-638.3900825062866
1264.0	11712.919610511863	-552.1767709612665
1265.0	11696.400337204532	-553.423446406855
1266.0	11674.832083284527	-555.0994608579721
1267.0	11203.57958338675	-591.7933032461157
1268.0	11612.38070351504	-560.2186996430383
1269.0	11781.147055213793	-659.8877588622264
1270.0	11681.200338158995	-585.6077022663036
1271.0	11802.187523682276	-699.603045877018
1272.0	11801.26741899621	-708.6231093075976
1273.0	11275.687225019754	-626.2622903904171
1274.0	11507.24685993936	-568.3988044020224
1275.0	11387.364595477875	-608.7756233684578
1276.0	11838.219107227837	-765.2622422795774
1277.0	11418.449900321104	-1151.4874458752086
1278.0	11859.655713719238	-813.3763375354696
1279.0	11867.15163760189	-826.3933757338388
1280.0	11889.987147068829	-865.196085362586
1281.0	11583.889404529233	-1268.0241246540338
1282.0	11937.308875313247	-941.8401628184635
1283.0	11727.99116603446	-1285.5788962832007
1284.0	11987.20942568587	-1016.9033156716263
1285.0	11995.793543751803	-1029.2314308904079
1286.0	12004.450203795393	-1041.5059420653633
1287.0	12013.169365421889	-1053.7294280894766
1288.0	12021.952395362854	-1065.9087553292695
1289.0	11844.028709057004	-1300.065399076849
1290.0	12005.726142044083	-1063.6465399195215
1291.0	11938.446521065556	-1309.4331692753178
1292.0	12063.616236965163	-1152.6876719565607
1293.0	12102.789750518403	-1173.9273625627968
1294.0	12014.783106627461	-1318.0013113992584
1295.0	12148.632728691728	-1233.204199220386
1296.0	12075.94166366884	-1325.2618063604382
1297.0	12125.419028828897	-1329.910805706033
1298.0	12195.213007901633	-1291.868884692779
1299.0	12165.410135555998	-1334.420747902425
1300.0	12197.27059846496	-1336.608986718141
1301.0	12214.176991405135	-1349.5004358939657
1302.0	12229.864263222136	-1349.5037652614992
1303.0	11860.342864446759	-804.3516401229016
1304.0	184.33370431528968	-1127.7282389012878
1305.0	96.58468599768649	-632.2536296753359
1306.0	1007.9457643467478	-633.3427423103191
1307.0	1146.3701386677083	-723.9611274687531
1308.0	1436.0022458569954	-724.0160376194084
1309.0	1726.1064666561804	-724.0372918718562
1310.0	2016.2984498284375	-724.0544668507928
1311.0	2306.5061915812607	-724.0723816868616
1312.0	2596.7200887560666	-724.0923408026605
1313.0	2886.9383918636845	-724.115625763851
1314.0	3177.1576314198246	-724.140581835209
1315.0	3467.3489822195806	-724.0816364974839
1316.0	3757.5188461575003	-724.0311732064383
1317.0	4047.7220211742606	-724.0788941655114
1318.0	4338.008628520904	-724.2125245547683
1319.0	4628.52464327655	-724.0787895685534
1320.0	4921.287035114029	-725.764565595693
1321.0	5213.618783527555	-727.7654066799649
1322.0	5503.444474118216	-727.9140705508904
1323.0	5793.27197307206	-728.0907102194359
1324.0	6068.206761467666	-905.5178295708683
1325.0	6360.055747803647	-906.580217789396
1326.0	6651.847163707013	-907.6682846400139
1327.0	6943.196303421049	-907.78776189772
1328.0	11730.703998071245	-554.0445608331794
1329.0	7525.894163704939	-908.1623493376889
1330.0	7817.243199020551	-908.3487072107049
1331.0	8108.593380363755	-908.5066784499795
1332.0	10713.280388835996	-713.4805537926694
1333.0	12251.204351098024	-1351.1470296161108
1334.0	11760.629433546545	-619.8783961626656
1335.0	11845.56617562603	-778.3340881770213
1336.0	11921.628815887774	-907.3930563230188
1337.0	11978.679229944022	-995.4497490627961
1338.0	12039.344406828348	-1081.086569478508
1339.0	12084.1664309345	-1141.0488609819247
1340.0	12129.645220979684	-1200.4933388092704
1341.0	12166.486313296045	-1247.7159787923672
1342.0	12185.093996053669	-1271.2243681698494
1343.0	12213.09483845432	-1306.3263182258904
1344.0	12232.241103948028	-1330.3168733945615
1345.0	12244.827217895552	-1343.4774613412567
1346.0	452.529847528776	-1263.5621229098613
1347.0	743.8143292215782	-1262.1759242281523
1348.0	182.71743352795792	-767.6131825145135
1349.0	331.3610766827412	-759.8279860677793
1350.0	821.3580901197784	-903.814905165882
1351.0	1037.5160233505196	-1262.2069380646165
1352.0	1331.7817980075818	-1262.3401707331163
1353.0	1626.1491677069137	-1262.4686028291026
1354.0	1920.529823559944	-1262.5951048326303
1355.0	2214.9088979219596	-1262.7199062388156
1356.0	2509.2861823494536	-1262.8432390044184
1357.0	2803.66086597177	-1262.9653660979209
1358.0	3098.0223693022394	-1263.0861242724013
1359.0	3392.2929583120203	-1263.1975524523416
1360.0	3686.305188075576	-1263.0768061484725
1361.0	3980.6099371474397	-1263.1924089468703
1362.0	4275.053547857982	-1263.311459180623
1363.0	4569.4975399693185	-1263.6383814392318
1364.0	4861.789856837536	-1262.0259576354747
1365.0	5156.35234833595	-1262.0989799994838
1366.0	5450.9141015124405	-1262.1660888687738
1367.0	5745.0036990897015	-1261.3498361524944
1368.0	6039.618270777343	-1261.385308352117
1369.0	6334.232840464397	-1261.4201349894408
1370.0	6628.8474033212615	-1261.4543559795886
1371.0	6923.462064563676	-1261.4554481447778
1372.0	7218.076608008635	-1261.4909131948043
1373.0	7512.69114879454	-1261.5250282276972
1374.0	7807.305673884596	-1261.5590976658004
1375.0	8101.920195666589	-1261.5930093082375
1376.0	8396.53469901903	-1261.6267571973322
1377.0	8691.149194550491	-1261.6603426166287
1378.0	8985.763767151015	-1261.6674394308452
1379.0	9280.378229039497	-1261.7028326859802
1380.0	9574.992665466636	-1261.7402018318087
1381.0	9869.60703572757	-1261.7852996873573
1382.0	10164.221452683787	-1261.8087258706662
1383.0	10458.835958522746	-1261.8161164802252
1384.0	10758.409599934796	-1261.307576633164
1385.0	11045.057323332474	-1284.2730090517362
1386.0	11767.432197412136	-633.2308010332214
1387.0	11795.121419470242	-686.3955971261298
1388.0	11296.275621142593	-1295.708560561022
1389.0	11816.527407464906	-725.932961640183
1390.0	11830.92864093707	-752.1560974896116
1391.0	11823.698845981691	-739.0582651159142
1392.0	11592.488547235838	-576.3057225611686
1393.0	11774.24392983103	-646.5820809663459
1394.0	11662.536713772557	-564.7354733545419
1395.0	11747.378743388508	-592.9800047321824
1396.0	11740.59368327337	-579.4604237558843
1397.0	11734.872278372	-565.9101035347998
1398.0	11953.79051507289	-957.9972942741077
1399.0	12005.130516305107	-1103.6632609191383
1400.0	7098.523334078952	-638.2008817756133
1401.0	7677.998323040046	-638.5899538163295
1402.0	11753.925545018357	-606.4811407678181
1403.0	11719.495376288682	-555.0765712669835
1404.0	11705.495520687962	-557.9053794329149
1405.0	11686.851525143962	-560.8370335550691
1406.0	11701.221704412475	-577.4517335389895
1407.0	11788.10491991135	-673.1535288171599
1408.0	11707.71948671848	-568.3583470884399
1409.0	11040.273156195266	-606.0116849781431
1410.0	11474.255414656718	-595.1745370898361
1411.0	11632.223191235498	-569.8695289435905
1412.0	11740.774231915442	-634.0204894208988
1413.0	11790.303199225747	-713.6582343237448
1414.0	11766.573943448393	-683.2797758090383
1415.0	11777.282854778767	-688.5140408028286
1416.0	11780.110359609696	-668.8888346996732
1417.0	11497.336921422926	-1307.0103322236591
1418.0	11787.10733150976	-682.1615553462639
1419.0	11852.941141929186	-791.3504289786744
1420.0	11809.313849640102	-712.7927965888699
1421.0	11330.754349565432	-581.9585808109377
1422.0	11798.72292442843	-728.6618816376109
1423.0	11566.326230789737	-563.7276398880559
1424.0	11430.253535761389	-574.3596541276387
1425.0	11486.150607294583	-641.5870970292696
1426.0	11882.894181480871	-843.2515762274012
1427.0	11826.919624030357	-779.3275599305167
1428.0	11182.245841263823	-1225.2379504156743
1429.0	11890.522779667697	-856.1503657482339
1430.0	11837.462296043215	-774.2963376099233
1431.0	11905.952339459474	-881.8444715559414
1432.0	11867.802020693382	-817.3545682319404
1433.0	11913.756203940793	-894.6342189038223
1434.0	11875.32274401606	-830.3241393570693
1435.0	11870.531669209477	-869.4156230658003
1436.0	11874.708519606711	-839.3647196157693
1437.0	11929.56169891505	-920.1035702505686
1438.0	11882.319745997132	-852.2966514479068
1439.0	11937.56931679919	-932.7821589066456
1440.0	11898.206116093903	-869.0123315505489
1441.0	11905.69455216868	-913.684870898666
1442.0	11897.714269986502	-878.0634785756141
1443.0	11973.563182849264	-1029.808577259255
1444.0	11905.501854607166	-890.8949309159676
1445.0	11658.649571180928	-1315.8450662592256
1446.0	11863.827954540053	-844.4512520801394
1447.0	11895.970774154142	-910.9937600972529
1448.0	11962.007044026994	-970.5271993851546
1449.0	11913.353615874776	-903.6910610890906
1450.0	11929.2550597768	-929.165534005229
1451.0	11945.148799064025	-1032.013301225238
1452.0	11945.63954088521	-945.4061419458291
1453.0	11734.826162590194	-1224.3429145265436
1454.0	11970.310599217628	-983.0228297883182
1455.0	11945.435459685737	-954.4725040981847
1456.0	11944.37684606957	-987.6037998234478
1457.0	11978.70117331107	-1004.5203676461593
1458.0	11953.635640541075	-967.0576684249341
1459.0	11959.838875279	-1036.3138304617453
1460.0	11961.913776830092	-979.5962674202539
1461.0	11788.097242081078	-1324.5962297395342
1462.0	11935.335147324766	-960.8828797645989
1463.0	12057.156615695581	-1105.128181774863
1464.0	11959.229370411294	-1008.5572674892804
1465.0	11987.141165594958	-1007.8435010819807
1466.0	11996.216952738423	-1062.2752773207496
1467.0	12004.276392785274	-1032.4485193755256
1468.0	12048.23880604315	-1093.1185594938788
1469.0	12012.941795106215	-1044.6635475568285
1470.0	12021.684405520571	-1056.8520909623828
1471.0	12066.083014658661	-1117.1601352133678
1472.0	11942.071140945112	-1169.7160445723682
1473.0	12030.47470229128	-1068.9792320153272
1474.0	11892.759549931921	-1330.3566280012164
1475.0	12021.088248460159	-1085.1502466064303
1476.0	11848.84292759916	-1251.8293134803073
1477.0	12093.21211629048	-1152.9652433067
1478.0	12075.134894122099	-1129.1208702829913
1479.0	12030.80662235171	-1078.0473392382937
1480.0	12047.323530846159	-1131.8765496647447
1481.0	12048.62395696638	-1102.1444897108238
1482.0	12057.524897083282	-1114.1912307304199
1483.0	12102.27788377366	-1164.8763832678821
1484.0	12019.871077523085	-1234.8071008364896
1485.0	12066.52412291718	-1126.2159921032874
1486.0	11978.174540121277	-1333.9843021033994
1487.0	11940.972763564068	-1269.831158468324
1488.0	12098.961164329703	-1198.9895243095634
1489.0	12120.510835159534	-1188.6449736622353
1490.0	12075.597437145903	-1138.1599382017357
1491.0	12099.358300918933	-1189.1595296350522
1492.0	12093.691191531578	-1161.999199071698
1493.0	12138.801786284266	-1212.334061413648
1494.0	12111.390409323792	-1176.7849272185138
1495.0	12148.018069095639	-1224.173842431738
1496.0	12111.92118554539	-1185.8207055417236
1497.0	12046.45168243502	-1338.941187578078
1498.0	12112.06493011987	-1204.677481267311
1499.0	12130.19385557277	-1209.5219992387772
1500.0	12123.335064080893	-1256.2398345130823
1501.0	12139.39237719945	-1221.383828266861
1502.0	12175.753243252357	-1259.4688213898273
1503.0	12136.224187912434	-1247.2815565673675
1504.0	12157.243737567687	-1235.9522891632657
1505.0	12101.530508955415	-1341.2579974505925
1506.0	12130.356484309421	-1229.0268053039115
1507.0	12155.117758139495	-1260.4367923321927
1508.0	12167.120820732967	-1256.7352870898428
1509.0	12194.483191325902	-1282.8603725395917
1510.0	12145.666495941563	-1343.6007428857065
1511.0	12166.901995318862	-1276.4116043015104
1512.0	12176.437760465778	-1268.5163178454497
1513.0	12184.370890427539	-1310.7030736018448
1514.0	12212.767209484306	-1316.4080485807388
1515.0	12203.819650650867	-1294.561740824591
1516.0	12181.530745059878	-1345.7764309320173
1517.0	12221.58291814949	-1318.8984466324127
1518.0	12168.32589519312	-1317.3643061778469
1519.0	12195.004889311553	-1313.754682500062
1520.0	11850.188525222484	-820.167368534782
1521.0	11852.229687453531	-800.3559134085809
1522.0	86.13274753027144	-947.592123389882
1523.0	578.5085976105065	-715.5749436966344
1524.0	1297.4406062932	-633.451655786084
1525.0	1190.8863399378824	-1171.9217251844798
1526.0	1587.3319295290955	-633.5312403678867
1527.0	1484.9166139392219	-1172.1208652956523
1528.0	1877.2988850854447	-633.6064979454444
1529.0	1779.0617691365296	-1172.313274741853
1530.0	2167.277970694413	-633.6820032537356
1531.0	2073.218628996521	-1172.502053498253
1532.0	2457.2606848313276	-633.7580006884258
1533.0	2367.3721174309762	-1172.6876630167278
1534.0	2747.245925862279	-633.8355502764467
1535.0	2661.5212151257315	-1172.8705982225194
1536.0	3037.2330459320056	-633.914873556529
1537.0	2955.654531723463	-1173.050958837189
1538.0	3327.2192234114796	-633.9940942547171
1539.0	3249.683753708659	-1173.220620538297
1540.0	3617.1784547248208	-633.9895161257165
1541.0	3543.363702126941	-1173.1487777610548
1542.0	3907.143145342459	-634.077218870584
1543.0	3837.077810607306	-1173.0811096022705
1544.0	4197.135687734642	-634.170824991702
1545.0	4131.223300034658	-1173.2532379811075
1546.0	4487.183810682162	-634.3444371667533
1547.0	4425.508032501482	-1173.6366858201554
1548.0	4777.40576048335	-634.1706779123996
1549.0	4717.641471125981	-1172.288659621694
1550.0	5069.700260512701	-636.1638011008055
1551.0	5009.893409137559	-1170.6867335286329
1552.0	5359.491566889935	-636.3051069035838
1553.0	5304.414783457408	-1170.7643401086186
1554.0	5649.28000909642	-636.4460528786435
1555.0	5598.463263856104	-1169.9526716083158
1556.0	6228.868218844912	-636.760900395207
1557.0	5939.073123836839	-636.6153344790417
1558.0	5892.564562765951	-1169.1093664383454
1559.0	6083.106124827489	-728.271969829087
1560.0	6519.048198046547	-637.8626963716711
1561.0	6373.32714104414	-729.3857438148038
1562.0	6808.785729452194	-638.0345465671024
1563.0	6663.490593658364	-730.5258020797868
1564.0	6953.211671697708	-730.7303995768166
1565.0	7242.932715918145	-730.9523476090884
1566.0	7234.5452915187225	-907.9589625755052
1567.0	11725.313326505717	-550.601513807501
1568.0	11733.237393074925	-574.4637577251493
1569.0	7532.6536468861805	-731.2078317428922
1570.0	7967.7359994520275	-638.7621712526247
1571.0	7822.374756679458	-731.4463325823177
1572.0	8257.474640162041	-638.9338137245927
1573.0	8112.097015808395	-731.6566045836685
1574.0	8547.223816971886	-639.0862547360874
1575.0	8401.830775335191	-731.8471001602187
1576.0	8836.972961378211	-639.2391196792686
1577.0	8691.575038558301	-732.018818207982
1578.0	9126.722084771669	-639.3924723300123
1579.0	8838.105263018648	-992.6499688203245
1580.0	8981.319248365025	-732.1914478949944
1581.0	9416.471354055486	-639.5474711754802
1582.0	9131.11022176566	-992.6733867313936
1583.0	9271.06358304924	-732.3662114842936
1584.0	9706.210028594987	-639.7511898825035
1585.0	9424.115190229655	-992.7287231687988
1586.0	9560.797468879498	-732.5913411298721
1587.0	9996.181513821104	-638.7241825547128
1588.0	9717.109472321785	-992.8424840681733
1589.0	9850.753570652056	-731.6344646021925
1590.0	10286.258871220438	-638.941777125396
1591.0	10010.336545629603	-991.7115759702143
1592.0	10141.048355284445	-730.6914639381724
1593.0	10574.068175110166	-637.1861624472849
1594.0	10303.669626688665	-991.7875625247392
1595.0	10434.456319721327	-729.0222880707983
1596.0	11155.442566545864	-748.9528650097163
1597.0	11132.827089675638	-650.3834536153436
1598.0	10830.985885446817	-623.5226344621193
1599.0	11752.71773869096	-615.4610763226236
1600.0	11836.4123567519	-796.1667104222112
1601.0	11844.840979429138	-787.3488164310014
1602.0	11911.176147145045	-935.1004691456146
1603.0	11921.270057135263	-916.447676052229
1604.0	11969.766076361053	-1012.1154059266095
1605.0	11970.267415746705	-992.0827979038007
1606.0	12030.764086378776	-1098.0769051786235
1607.0	12039.714132277635	-1090.127902597197
1608.0	12075.680226999342	-1157.4787968226744
1609.0	12084.638578024553	-1150.0795311758163
1610.0	12118.157747656265	-1212.5814852264782
1611.0	12121.051716323243	-1197.6717547133112
1612.0	12157.871137865031	-1244.9709692534182
1613.0	12127.424971860324	-1308.8546266217847
1614.0	12178.942068484348	-1290.1728089533287
1615.0	12185.844329874919	-1280.2060775734826
1616.0	12200.196905113211	-1322.601899237423
1617.0	12204.432429584542	-1303.6882839606526
1618.0	12236.186360451591	-1341.836892191139
1619.0	12222.447207583877	-1328.8122248911977
1620.0	12210.705192270441	-1340.328914320242
1621.0	342.2606814890108	-1128.8545373134968
1622.0	934.7718335148202	-992.4641415403725
1623.0	392.7033678587759	-940.9332253553566
1624.0	607.1384360402445	-1173.2377128313872
1625.0	719.6190124487831	-633.5835466772492
1626.0	438.39770114784295	-624.55749183321
1627.0	647.4321049305581	-994.2325555615735
1628.0	858.3026028163513	-724.2266062668309
1629.0	543.2662027888546	-896.6356536819076
1630.0	1110.1407205323533	-903.4942277997555
1631.0	897.5217415069336	-1171.8200033328292
1632.0	1401.0520028109797	-903.5961582143973
1633.0	1226.2609451118296	-992.5648767120753
1634.0	1692.5369937417734	-903.6596321583183
1635.0	1518.8122135686729	-992.7337012493377
1636.0	1984.1230331993381	-903.7170967362696
1637.0	1811.5539955419383	-992.8914681173834
1638.0	2275.723249746454	-903.7736005740111
1639.0	2104.3196122305067	-993.0458520263619
1640.0	2567.3278317810305	-903.8306800508993
1641.0	2397.0854860214845	-993.1975588238141
1642.0	2858.9342189432414	-903.8898797010794
1643.0	2689.8494959668	-993.348143461914
1644.0	3150.528362262128	-903.9493815424048
1645.0	2982.5996038538665	-993.4979272009532
1646.0	3442.003702503942	-903.9156519801072
1647.0	3275.2446745381444	-993.6369094445363
1648.0	3733.199196637694	-903.6582299806796
1649.0	3567.513525489377	-993.450588382581
1650.0	4024.7205211585956	-903.7353413336374
1651.0	3859.821995806988	-993.3607228129513
1652.0	4316.464139648058	-903.9018095521338
1653.0	4152.589698846132	-993.5165571571937
1654.0	4608.437546947317	-904.0087844200146
1655.0	4445.552225480084	-993.9637170155802
1656.0	4900.50565608529	-903.9959242388844
1657.0	4736.537285125378	-992.3320314070521
1658.0	5194.413296429509	-905.9835752826524
1659.0	5029.713394385915	-992.6133283466843
1660.0	5485.814140628936	-906.1131356183547
1661.0	5322.655746302608	-992.7223405737356
1662.0	5776.744637592317	-905.3873101661078
1663.0	5615.122340127399	-991.9417178927797
1664.0	5907.646424997273	-991.157794167495
1665.0	6200.697462244595	-991.2012341115806
1666.0	6187.190833785593	-1169.1171406219785
1667.0	6494.133374854704	-992.1996529064903
1668.0	6481.817095974457	-1169.123663596137
1669.0	6787.126931224185	-992.2343914482329
1670.0	6776.443449718681	-1169.0964520981609
1671.0	7080.12054140287	-992.2648590629336
1672.0	7071.069784050999	-1169.0704846600636
1673.0	7373.113924085025	-992.3512150675002
1674.0	7365.6959979268095	-1169.0775400896694
1675.0	7666.107282199898	-992.4468460395134
1676.0	7660.322193447716	-1169.0831999073525
1677.0	7959.1008063484815	-992.5146197473229
1678.0	7954.948369964711	-1169.0886563345796
1679.0	8399.95504367527	-908.6447095111113
1680.0	8249.574524744088	-1169.0937912127977
1681.0	8252.095273057485	-992.5814969417964
1682.0	8691.32720286212	-908.7638005736584
1683.0	8544.200653272937	-1169.098599867876
1684.0	8545.100249615785	-992.6288464526564
1685.0	8982.69938570164	-908.8573146703742
1686.0	8838.826851049867	-1169.0767574480756
1687.0	9274.071582706614	-908.9812591102951
1688.0	9133.453015183813	-1169.0567228641137
1689.0	9565.433305396293	-909.1575454971893
1690.0	9428.079043144382	-1169.0669606117638
1691.0	9857.017177862059	-908.1595544205453
1692.0	9722.704979477401	-1169.0869029598277
1693.0	10148.939779882941	-907.1537675353211
1694.0	10017.330896339497	-1169.092902345372
1695.0	10443.97565059106	-905.4057698729927
1696.0	10311.956948779618	-1169.0611944849265
1697.0	10735.150924269925	-889.271819230417
1698.0	10612.03102725456	-1168.4976243342724
1699.0	10876.897339198878	-930.7927304157365
1700.0	10605.458041413827	-989.3609096872273
1701.0	10910.501375891736	-1190.8934464467445
1702.0	11763.769812370958	-663.7779729438256
1703.0	11773.169320845149	-655.5826108241221
1704.0	11759.495254745038	-628.8477590854088
1705.0	10948.275016826808	-682.1994793449026
1706.0	10972.315935144941	-813.6783098607721
1707.0	11794.158147580922	-695.4047582237199
1708.0	11406.089800159534	-1247.9267918496978
1709.0	11294.204527190814	-702.0217617486924
1710.0	11812.458611317843	-753.8604226026013
1711.0	11808.475776329535	-721.8002724353001
1712.0	11812.412320276331	-767.3449894807842
1713.0	11815.683861587073	-734.9376837609594
1714.0	11830.125725771684	-761.1778498459836
1715.0	11801.146305779379	-747.3483575601398
1716.0	11822.865666676924	-748.0560790867485
1717.0	11540.963600689318	-584.5105431097971
1718.0	11549.563272840836	-620.6346875668236
1719.0	11766.313905900772	-642.2222491771942
1720.0	11647.24654803398	-557.3104344700621
1721.0	11715.593197627064	-614.8825451224529
1722.0	11741.567511281653	-620.6634946343826
1723.0	11746.126343500358	-601.9605847660733
1724.0	11730.674000916806	-612.9787120500556
1725.0	11721.697296585231	-562.2054915164954
1726.0	11739.380533141513	-588.3732640742496
1727.0	11729.47500246973	-594.1462726384422
1728.0	11723.146262326612	-577.2785631051969
1729.0	11729.132947369993	-561.1717415650392
1730.0	10947.962649773928	-1053.2569051740757
1731.0	11202.581582761317	-1109.4943560669005
1732.0	12185.191787951293	-1297.9438189306231
1733.0	12158.860693748711	-1303.5186285590528
1734.0	11717.345496838925	-569.7586588663034
1735.0	11666.307567469596	-581.6683952862641
1736.0	11720.597021853275	-588.0482377001244
1737.0	11755.343304286245	-646.7189909012692
1738.0	11596.457946399134	-658.5658062726203
1739.0	11884.183609719066	-921.9513008869011
1740.0	11637.383552602623	-591.8764369704968
1741.0	11779.054561933432	-706.588700332392
1742.0	11086.929551383626	-836.0599268883852
1743.0	11102.854338712159	-1030.8928734302935
1744.0	11402.616170840107	-668.6576403809582
1745.0	12168.655969516183	-1289.0863860057561
1746.0	12148.954398191738	-1252.5898388379137
1747.0	12144.84717963069	-1299.5161101533492
1748.0	12141.95487559127	-1279.73787638678
1749.0	12076.786960537314	-1299.6902952582902
1750.0	12154.21441551197	-1271.065613088238
1751.0	12094.18287722302	-1262.8314720992992
1752.0	12097.588804996718	-1287.06936841709
1753.0	12136.52991870977	-1236.9145970399925
1754.0	12126.889436594072	-1274.146431057501
1755.0	12018.546632721469	-1286.8031218204815
1756.0	12080.770584643587	-1175.6038261576366
1757.0	12117.729785477728	-1223.0365244383993
1758.0	12076.481163173923	-1234.215932907744
1759.0	12093.260422578993	-1181.2245606599888
1760.0	12057.936079124644	-1134.4365886531734
1761.0	12035.06711471917	-1115.5650434710399
1762.0	12081.713220340918	-1165.4294438642603
1763.0	12051.060505397501	-1282.1714868971528
1764.0	12085.68658601521	-1205.7644138489002
1765.0	12050.92297319531	-1160.0760692077347
1766.0	12064.005594201777	-1142.3994835295136
1767.0	12011.591976434489	-1071.7807778851213
1768.0	12003.636572236994	-1143.893365704577
1769.0	12047.353457063313	-1120.6870486319106
1770.0	12036.705896009938	-1106.08553350551
1771.0	11974.665099717704	-1250.5534514131002
1772.0	11985.454657140726	-1035.3925101313187
1773.0	11985.89454224894	-1090.187932398822
1774.0	12020.675987037937	-1096.1384794280712
1775.0	12010.39590947136	-1081.9541619393156
1776.0	11907.434331095174	-1210.4366788175575
1777.0	11954.171618485525	-989.254265052749
1778.0	11995.16858480541	-1049.2005599992397
1779.0	11926.537391163502	-946.8715082294044
1780.0	11975.448911947196	-1020.3886530667563
1781.0	11900.100010972588	-1242.5185315976807
1782.0	11986.012418852906	-1073.1848987752558
1783.0	11921.158022217927	-938.4063989194461
1784.0	11959.75265316399	-997.595278049835
1785.0	11811.042396283692	-1172.8559422218332
1786.0	11943.747600928216	-974.4762712307323
1787.0	11885.398564604931	-881.0044799356862
1788.0	11933.802163099057	-971.8262727463201
1789.0	11880.238680257831	-872.41284297037
1790.0	11911.985976035206	-967.4260384820227
1791.0	11924.767744374492	-956.8478630231845
1792.0	11910.981542924133	-922.2037100330581
1793.0	11799.746457178966	-1215.1241623863352
1794.0	11932.62551926662	-997.3496678477173
1795.0	11591.844126398277	-1191.568497001538
1796.0	11848.827368092612	-863.5165847176717
1797.0	11852.480585248559	-837.8830444282315
1798.0	11895.37548852661	-897.2606622998228
1799.0	11883.51026799735	-891.1512042998687
1800.0	11792.361500834479	-843.5415992781176
1801.0	11841.338653674009	-804.8368239109417
1802.0	11872.07710234991	-858.3451511576895
1803.0	11861.770972766995	-854.3866084015541
1804.0	11855.19004390104	-828.8657483406308
1805.0	11822.016460470026	-770.5623983213032
1806.0	11839.98464217048	-815.6235816245747
1807.0	11328.971462801657	-1083.5256202377593
1808.0	11673.439289605705	-1178.1534568500726
1809.0	11838.836409716258	-843.0940529725273
1810.0	11517.651743453544	-1134.1153585966742
1811.0	11869.266438776773	-896.5585441753714
1812.0	11814.585462500727	-800.8917606265555
1813.0	11540.075819662796	-1066.3843050539065
1814.0	11826.594880935938	-792.1832044888246
1815.0	11800.22485191047	-777.621709602301
1816.0	11598.97956808841	-604.4218269065004
1817.0	11527.74172472874	-650.9355087984823
1818.0	11343.559264926298	-993.9671842879828
1819.0	11260.717690549593	-919.8533623863981
1820.0	11425.899083361111	-900.220535351055
1821.0	11457.400303761484	-680.6542310795727
1822.0	11740.43761508502	-735.4264409055983
1823.0	11803.538376743842	-737.4234326893323
1824.0	11773.891507697137	-733.6445529791454
1825.0	11788.596777968536	-724.6895308073277
1826.0	11753.873819742315	-659.2741848101244
1827.0	11781.989405602537	-697.3552876629468
1828.0	11581.416923793826	-627.9678886904143
1829.0	11740.120567834623	-667.2389016638044
1830.0	11624.03208573474	-610.3417120152766
1831.0	11696.866858999567	-632.7315995927196
1832.0	11399.72002532913	-780.0116362747291
1833.0	11364.52322709872	-717.6000691817135
1834.0	11244.712362428036	-766.1221859987636
1835.0	11146.4026443758	-930.8103156995676
1836.0	11727.738185923312	-641.8852378975007
1837.0	11734.025026808116	-603.255737736552
1838.0	11750.790280523242	-637.7874340318831
1839.0	11708.298474059578	-589.6217199117806
1840.0	11656.177763098143	-596.2502644286906
1841.0	11683.684036817349	-616.2074313936246
1842.0	11704.22655157795	-602.181023198406
1843.0	11689.44892632139	-574.4123530316787
1844.0	11971.212985113054	-1056.016375127867
1845.0	11984.655887184213	-1046.3042165503127
1846.0	12105.25139949967	-1230.574659600119
1847.0	12115.031431151821	-1291.5881560196315
1848.0	11290.514393439591	-842.272294564263
1849.0	11483.215924706727	-730.2805173806415
1850.0	11688.90119376845	-601.2063860602399
1851.0	11958.88903590332	-1084.4267997118288
1852.0	11746.431206140884	-1115.4717296706337
1853.0	11713.45066199978	-630.4320761833818
1854.0	11635.030915021054	-634.3369952376166
1855.0	11764.552319044806	-711.6155428086689
1856.0	11692.609314753705	-650.6516358203522
1857.0	11665.853376836438	-615.1906167421148
1858.0	11721.06708689242	-693.7229306034982
1859.0	11787.64394926178	-753.1566262340699
1860.0	11658.057995627232	-634.8120725062612
1861.0	11761.095686065722	-727.6400989718392
1862.0	11556.48385348854	-819.7850333878426
1863.0	11612.583237030092	-720.5550896047249
1864.0	11375.203356432781	-840.5834374072074
1865.0	11547.743851087973	-689.4341962667264
1866.0	11463.62859001576	-780.6954937750428
1867.0	11826.0813241581	-823.4897821455537
1868.0	11667.990920816306	-678.2494392445193
1869.0	11625.019419980033	-659.0150277110466
1870.0	11531.968354599056	-729.7120707985827
1871.0	11759.897165359356	-763.955578403887
1872.0	11584.606421805378	-689.7312926172739
1873.0	11492.368530838508	-891.44915407802
1874.0	11563.283504799823	-767.4161669463405
1875.0	11687.868877447605	-1129.4275036284598
1876.0	11786.768786434382	-769.9454113980482
1877.0	11855.036761319026	-874.232375021842
1878.0	11818.65864350333	-864.8063049437563
1879.0	11812.960895527489	-817.0776214912912
1880.0	11825.155835505937	-837.586760934395
1881.0	11810.166847600542	-850.5237181934468
1882.0	11837.24017433337	-858.7922369405527
1883.0	11899.720567632206	-944.9632439892163
1884.0	11853.091665320913	-886.9296510506441
1885.0	11792.080742418866	-919.2891739977003
1886.0	11869.344494870958	-913.6255429649736
1887.0	11616.41029654204	-1053.5556392559404
1888.0	11871.724923054111	-956.1797568627402
1889.0	11835.508494937014	-894.8068297968402
1890.0	11881.574117658109	-996.828890502106
1891.0	11918.289587882433	-978.1865704613447
1892.0	11885.103639569032	-938.7539753321149
1893.0	11930.764492431104	-1047.5262391513945
1894.0	11931.479456147876	-1012.4292145958456
1895.0	11899.618473192086	-963.0673386776476
1896.0	11916.483698908642	-990.5824369700264
1897.0	11939.630617433415	-1060.355238521631
1898.0	11901.359173483113	-1005.0812600477742
1899.0	11911.461894477945	-1020.5260243187853
1900.0	11945.491296174505	-1017.8328303996132
1901.0	11958.2874474993	-1051.6099219113632
1902.0	11854.438082930114	-1163.6523860347327
1903.0	11971.521148848731	-1069.8223400313
1904.0	12021.104436506947	-1121.4686716491753
1905.0	11997.831564507236	-1093.5354755606556
1906.0	11968.527174163464	-1098.5102246139668
1907.0	12034.494758736071	-1141.3879828422098
1908.0	11908.845462503106	-1130.623393833029
1909.0	12004.224119510376	-1115.5091229036934
1910.0	12001.466044271794	-1258.96269811133
1911.0	12020.562006741	-1136.1021099875113
1912.0	11943.027594950638	-1201.97351363657
1913.0	12066.592965087832	-1182.5233007269642
1914.0	12035.429118932821	-1155.3086505854135
1915.0	12022.16826771265	-1168.8127225074447
1916.0	12032.364670521012	-1198.8997871167248
1917.0	12051.828933797471	-1175.7646621875065
1918.0	12053.532401924544	-1208.874692119538
1919.0	12068.853691379583	-1198.8678493595041
1920.0	12108.071130864942	-1249.443663157422
1921.0	12089.361121734551	-1222.945133195805
1922.0	12056.162659931004	-1261.9523562105885
1923.0	12042.053820506257	-1242.4283938590768
1924.0	12078.483187297117	-1255.2332682539352
1925.0	11772.887331978192	-747.8065139697501
1926.0	11769.6334190955	-778.4077795293033
1927.0	11800.285701854009	-793.9207960888252
1928.0	11768.403859877733	-672.6625962349868
1929.0	11750.563295784	-705.7384423532827
1930.0	12032.92192868569	-1182.1343058172333
1931.0	12057.48533799954	-1227.042056320873
1932.0	11853.419881465828	-924.6963495248256
1933.0	11671.631111362281	-653.7489233854036
1934.0	11643.821651684053	-714.3651963878316
1935.0	11755.003822673882	-968.0025626123328
1936.0	11786.116449273344	-809.1677258673972
1937.0	11718.207570117358	-716.0911429202309
1938.0	11986.27171627728	-1173.6684559540572
1939.0	11969.385610981686	-1214.7776593614697
1940.0	12014.134863612833	-1209.4458582954728
1941.0	11992.026918461039	-1129.8530081659403
1942.0	12004.308473011895	-1162.6833104813068
1943.0	11970.677634586573	-1133.3374797212552
1944.0	11888.969232167663	-1057.3857975952385
1945.0	11939.924042101755	-1079.3661514186635
1946.0	11824.143747482556	-1099.2124671969893
1947.0	11881.396678850933	-972.7843399762805
1948.0	11815.704779397534	-882.8633782030896
1949.0	11831.808687484541	-996.0548629656956
1950.0	11854.880279799014	-950.4478889773782
1951.0	11813.528078332725	-929.3533081710715
1952.0	11835.758654987747	-915.5065294814194
1953.0	11629.186674001832	-993.7887743173754
1954.0	11794.230060109263	-824.1924813648033
1955.0	11768.920231990924	-801.331007512128
1956.0	11740.243270097599	-757.5799593470414
1957.0	11749.080503368372	-815.0685806975252
1958.0	11607.035816513455	-757.9620894019354
1959.0	11673.171442953508	-781.0365525390747
1960.0	11496.351534096337	-1009.1233778384327
1961.0	11638.638526242103	-787.1980845897275
1962.0	11505.581368596808	-832.495913634486
1963.0	11722.489644126683	-769.8879593304773
1964.0	11676.92524465719	-732.5418426479415
1965.0	11686.132985909768	-694.060638606598
1966.0	11644.406310040236	-683.9906208388069
1967.0	11424.051694744623	-976.0232144096954
1968.0	11590.328463864718	-945.6561680829722
1969.0	11922.944502857586	-1093.2092830937988
1970.0	11911.089427871653	-1041.4425780487097
1971.0	11751.996174978764	-691.0646392991445
1972.0	11704.87905697545	-683.468545138246
1973.0	11695.651968106837	-717.9784664609955
1974.0	11737.763529582198	-683.9601616425704
1975.0	11726.260263442806	-658.0931836976021
1976.0	11964.250531627913	-1158.3629827326422
1977.0	11990.45034162553	-1197.8256635186826
1978.0	11855.83399077779	-1119.1945131165128
1979.0	11885.042946725765	-1179.5842749854103
1980.0	11710.254633052517	-1043.5920105335517
1981.0	11786.112907715993	-1130.6622399112596
1982.0	11857.100641516901	-1012.1734277159698
1983.0	11661.725608712228	-1081.3725517697883
1984.0	11611.329689610031	-900.0409054238917
1985.0	11748.103345139083	-1062.4613602855995
1986.0	11913.238631817185	-1155.9675533623056
1987.0	11958.208515752563	-1117.18810131567
1988.0	11835.384340251527	-965.7979479412752
1989.0	11680.027189645281	-973.3821175038496
1990.0	11733.471133612373	-721.0021770134414
1991.0	11707.715195273413	-664.5600582111159
1992.0	11688.693702169441	-757.3867829827699
1993.0	11665.297208248594	-854.9091302989333
1994.0	11595.682325385931	-851.2977531452652
1995.0	11771.11434181463	-858.0696678440903
1996.0	11726.021698432824	-798.8385551443025
1997.0	11721.682759151656	-861.9368803955537
1998.0	11784.21501316002	-978.6329521357075
1999.0	11787.533958301583	-1041.4672418451075
2000.0	11811.693365263318	-953.8931871783747
2001.0	11894.834280232584	-1084.6386523109904
2002.0	11823.892659069947	-1063.0278385158715
2003.0	11931.59083824825	-1116.9478080886674
2004.0	11882.045685259363	-1109.7822425379138
2005.0	11794.507603534405	-893.4989437142976
2006.0	11748.06195897588	-845.2611254907455
2007.0	11747.11549757873	-910.4151417228628
2008.0	11770.953647461714	-883.9267511917715
2009.0	11533.827800838471	-948.1621058060633
2010.0	11720.896992107419	-901.2338132799899
2011.0	11796.70913408181	-1006.5605632702778
2012.0	11858.359788882533	-1044.2397246913158
2013.0	11715.779836525782	-995.3684412061781
2014.0	11761.034838863321	-933.1986634816288
2015.0	11657.815818198855	-899.2328665583555
2016.0	11687.65510809699	-924.4414724039101
2017.0	11699.242660079639	-807.9150228020208
2018.0	11634.084686425862	-828.1648818915552
2019.0	11695.922265190966	-840.8208032600518
