1.0	56.42445957652666	-1288.566647544888
2.0	11996.219608411351	-1015.5840740947516
3.0	11720.12513430284	-550.4458524493398
4.0	11735.79154076076	-562.1707787315135
5.0	11710.00556331343	-551.3163321016536
6.0	11740.965326259613	-573.0245332276245
7.0	11696.468108788105	-552.2919556672593
8.0	11718.299381125094	-560.0183829524116
9.0	11745.717760481939	-587.4596731329859
10.0	11678.871295802395	-553.6080257094947
11.0	11656.17813946097	-555.575985175665
12.0	11762.223320848847	-616.2195990944707
13.0	11690.763109897596	-568.5756089731034
14.0	11764.468024912707	-625.1843612694241
15.0	11775.866913802456	-643.0281606626529
16.0	11356.1584706415	-1335.6151648489242
17.0	11792.597793867164	-675.0162057824472
18.0	11792.24643140509	-678.6092916722523
19.0	11797.891793284856	-689.2247737987658
20.0	11772.954282050443	-658.0293354421046
21.0	11538.737856597358	-564.6906412018244
22.0	11818.2171515631	-722.7082887597502
23.0	11454.578978731122	-1343.1485312543184
24.0	11829.801818184953	-743.7820284983803
25.0	11486.275500529491	-1346.030261783434
26.0	11838.53065271961	-759.5646001864646
27.0	11838.225060499293	-763.186818431633
28.0	11841.178116089373	-768.4554566194312
29.0	11500.013041965818	-1337.5892080379283
30.0	11411.896361306106	-693.1382763099979
31.0	11853.030397570566	-789.3864585683183
32.0	11524.767392099464	-1337.8553855779764
33.0	11865.172808652986	-806.6898043325929
34.0	11549.366534257817	-1337.783331214386
35.0	11876.960525620112	-831.1604759486154
36.0	11574.047993531653	-1337.789782026397
37.0	11518.4745329786	-1279.9928820555415
38.0	11598.72945397319	-1337.7961725744856
39.0	11895.300353189372	-862.2634188448422
40.0	11581.33610656535	-1318.1222846056073
41.0	11623.405290482617	-1337.8247520603481
42.0	11911.023122353321	-884.4136098196037
43.0	11648.086753291742	-1337.8310809479715
44.0	11920.316104054347	-903.4379659611345
45.0	11672.766129191548	-1337.8441667021766
46.0	11647.253543680628	-1318.2493855496887
47.0	11697.44759596612	-1337.850435185673
48.0	11722.136778367634	-1337.8276670711682
49.0	11955.887179986845	-955.7063298519205
50.0	11746.818248974829	-1337.833874657482
51.0	11969.116741740238	-979.4414396370552
52.0	11771.4931504137	-1337.8616138789837
53.0	11796.174680889837	-1337.8887912587343
54.0	11996.274203865696	-1019.2134402780772
55.0	11820.862678514219	-1337.8561542724292
56.0	12006.60166711027	-1030.3639154324753
57.0	12006.689257913837	-1033.987080187813
58.0	12010.167851333885	-1038.8894721722397
59.0	11845.544104923223	-1337.841208583562
60.0	11875.76679486027	-1181.455228082168
61.0	11870.22557165529	-1337.844441168888
62.0	12038.418084959763	-1077.922395839721
63.0	11894.916113706024	-1337.8773714803679
64.0	12024.1769952798	-1071.4922820046515
65.0	12052.755124379944	-1097.2325780285853
66.0	11919.597675750838	-1337.9033771225652
67.0	12063.505744338523	-1111.7121685483644
68.0	12046.257057286899	-1096.3194494490501
69.0	11944.270116935002	-1337.8824334038472
70.0	12053.248513603918	-1110.2139947651947
71.0	12077.944991410548	-1130.9850450839454
72.0	11944.323611555366	-1317.694078509064
73.0	11968.9380279295	-1337.939576722664
74.0	12069.641408095986	-1127.8991767248299
75.0	12092.425496518043	-1150.184633703501
76.0	11976.409660998295	-1318.5338255492297
77.0	11993.619531098406	-1337.9454773332898
78.0	11992.863011474248	-1318.5379798642796
79.0	12018.308845397327	-1337.9002949989956
80.0	12117.859515343798	-1183.741414820963
81.0	12042.993534417525	-1337.7435988805057
82.0	12135.873275807056	-1204.0277207543256
83.0	12067.731875139076	-1337.5702407310814
84.0	12135.890145267324	-1219.790642891602
85.0	12158.183345150203	-1236.2104929414338
86.0	12092.636167345308	-1337.6747865151244
87.0	12147.986065548619	-1235.1762701551852
88.0	12134.405677167013	-1300.753422479911
89.0	12172.96710819845	-1255.1771357057087
90.0	12117.84365689673	-1338.1505283374543
91.0	12166.705832338013	-1254.738062644991
92.0	12142.972872623817	-1339.2668928074356
93.0	12188.874166049578	-1282.8989915736208
94.0	12202.957136650024	-1292.8884748425214
95.0	12167.209202023669	-1341.3420065785328
96.0	12189.122249597354	-1343.7881733453466
97.0	12225.836785707068	-1320.8330374431187
98.0	12207.591419883696	-1345.5281292186526
99.0	12222.83967663336	-1346.9150615911649
100.0	12235.086958769374	-1347.7107756546875
101.0	12241.892706493627	-1352.7220913874387
102.0	12248.066971183567	-1352.7234017777375
103.0	11730.846507769946	-551.21365427314
104.0	12256.495817018871	-1353.4578637814413
105.0	11850.325179106454	-780.5532161391311
106.0	11862.173809508598	-801.4779396945568
107.0	11871.161170782538	-817.1359172841198
108.0	11883.259110300345	-837.928095803772
109.0	11895.507048548045	-858.6444829541006
110.0	11907.903003824382	-879.2751722975945
111.0	11917.294791476097	-894.687280120364
112.0	11929.973410540058	-915.1320649271997
113.0	11942.838929599138	-935.4763766226505
114.0	11952.605347228551	-950.669005557199
115.0	11965.788366621784	-970.7967213145657
116.0	11979.181597610326	-990.785690273197
117.0	11992.794128209513	-1010.6434527126584
118.0	12003.129977809527	-1025.4552685178949
119.0	12017.063029209157	-1045.0661031568363
120.0	12031.162401063135	-1064.5625738282135
121.0	12045.415981627848	-1083.961332330885
122.0	12059.742736538074	-1103.27607319107
123.0	12074.141067045282	-1122.5582200018407
124.0	12088.612004178322	-1141.7653915100511
125.0	12103.102404265237	-1160.9579132957679
126.0	12117.645718771937	-1180.124303794921
127.0	12132.223214852334	-1199.250549610969
128.0	12146.866412655922	-1218.3546313193583
129.0	12165.303298055522	-1242.0957066886442
130.0	12180.124464031915	-1261.037713044605
131.0	12195.101617733902	-1279.879198399593
132.0	12210.213952623795	-1298.6108598306264
133.0	12221.64199499233	-1312.5935954820798
134.0	12233.172958942234	-1326.4557566544793
135.0	12240.875977510717	-1335.7231606419648
136.0	12248.712458923163	-1345.1167997610462
137.0	12253.884920029901	-1350.416638127041
138.0	141.07408258119293	-1232.8409081737134
139.0	143.4286550033988	-1129.4712057672843
140.0	67.01159793394505	-611.145682143051
141.0	905.717772070826	-611.9971979768129
142.0	1101.3110982491426	-1291.005983294803
143.0	1015.4387824824613	-1102.969094221479
144.0	1403.2370171564296	-679.4421599156312
145.0	1603.666969141151	-687.9855177027366
146.0	1809.000238785499	-687.953112921264
147.0	2011.7125409360767	-682.2255326553044
148.0	2286.693307559894	-1292.5695826677124
149.0	2210.099282493137	-679.4546794548913
150.0	2612.344854006467	-685.4179045354293
151.0	2816.2135646589704	-688.4071284334208
152.0	3018.285148037127	-682.6949084644493
153.0	3302.178921152919	-1292.1312157372565
154.0	3309.1564467472394	-1027.0917997777553
155.0	3618.7494461476235	-685.7582266029693
156.0	3822.88109688317	-688.7659110941453
157.0	4024.7587460352356	-683.2088725471477
158.0	4317.599104313961	-1292.496248553108
159.0	4233.6470362862865	-1104.922665118777
160.0	4619.815301364226	-680.7988486596769
161.0	4820.161218491382	-689.3511653938461
162.0	5025.465392886047	-689.2317563498908
163.0	5228.295102964427	-683.490514681013
164.0	5502.890270805324	-1293.3663348031998
165.0	5426.680920741608	-680.8183555675358
166.0	5828.861353212091	-686.7320447212593
167.0	6032.708456134332	-689.6897285272688
168.0	6234.835557030455	-684.0314055480718
169.0	6518.367868774797	-1292.903929387353
170.0	6525.477299425057	-1028.1594178287858
171.0	6835.323110679953	-687.1034590602293
172.0	7039.412788614228	-690.0829219307521
173.0	7241.28823343397	-684.550576992031
174.0	7533.604828537843	-1295.1487132337695
175.0	7449.747411224002	-1108.648442382233
176.0	7841.8025482551175	-687.5242434745273
177.0	8046.119800227595	-690.5674755512046
178.0	8247.77351928044	-685.1138700781383
179.0	8446.009488019057	-684.5948684706785
180.0	8719.092733442658	-1294.1700188706764
181.0	8643.470545278433	-682.1513832685383
182.0	9045.522664717848	-687.8059136195283
183.0	9249.379903920732	-690.8265401712014
184.0	9451.457806388224	-685.2566806283363
185.0	9734.299755645263	-1295.5904305206254
186.0	9741.438542012538	-1031.2048553911911
187.0	10051.942866229792	-687.9320902904213
188.0	10256.065891943212	-690.9680415826723
189.0	10458.22202642748	-685.725264484881
190.0	11754.155461420987	-600.0632805992327
191.0	11773.11660015398	-637.6822048751584
192.0	10857.21377773005	-681.6409133934295
193.0	11789.784987039448	-669.7025469704084
194.0	11050.947311664611	-660.4341790361395
195.0	11806.735746285767	-701.5425845269054
196.0	11815.331449760257	-717.4340437137103
197.0	11781.385671894905	-653.710848242999
198.0	11826.89992756483	-738.517046377735
199.0	11334.70985657008	-1266.849386124751
200.0	11824.001753174198	-733.249501005099
201.0	11835.617257922995	-754.3055344031646
202.0	426.7174797069063	-1290.4589005011856
203.0	592.9096367997863	-1294.4211477377296
204.0	759.4183948769423	-1292.0442782544405
205.0	59.57026044582259	-855.6443893655296
206.0	161.6524315691447	-674.5542452760925
207.0	806.4334370717753	-680.5372577857389
208.0	930.5127706804315	-1293.839694606283
209.0	1269.3828090411482	-1292.2329480084409
210.0	1438.830194524562	-1296.6789288843129
211.0	1608.1159134037514	-1296.9753765647718
212.0	1777.3868530031289	-1296.7113005055342
213.0	1946.673552411866	-1296.101726021637
214.0	2116.43937443393	-1293.6778833652354
215.0	2454.6747955111464	-1291.6267986044675
216.0	2623.744914608857	-1296.522806744966
217.0	2793.0347133721893	-1297.2259493762413
218.0	2962.2689045197544	-1295.610976823861
219.0	3131.865456109661	-1294.5145099470776
220.0	3470.116900304188	-1293.8060895814508
221.0	3639.37363628135	-1296.3878697605949
222.0	3808.7052520216325	-1296.7367119455776
223.0	3977.90999358822	-1296.630744386812
224.0	4147.407424706634	-1294.6964484030154
225.0	4485.605334322724	-1292.9749897924498
226.0	4655.052703612936	-1296.802190354207
227.0	4824.332020445083	-1297.3156430540193
228.0	4993.59715128092	-1297.3577207243513
229.0	5162.847877203646	-1296.1545021654829
230.0	5332.616845545708	-1294.4309386706727
231.0	5670.935081382872	-1292.4144844516302
232.0	5839.961701575922	-1297.315095491821
233.0	6009.240477875078	-1297.5702668736901
234.0	6178.516997114981	-1297.9401914886628
235.0	6348.140413736212	-1294.6658224131286
236.0	6686.325439717264	-1294.5774413126642
237.0	6855.602446894075	-1297.4232579827767
238.0	7024.88677928079	-1297.7950733261932
239.0	7194.156649202123	-1297.839021596197
240.0	7363.554236180581	-1296.025859138862
241.0	7701.791662591065	-1295.6522925449287
242.0	7871.2201444516395	-1297.6078500697638
243.0	8040.566149985454	-1297.6132599856353
244.0	8209.81584286774	-1298.0641073699544
245.0	8379.078090721314	-1298.0918551282355
246.0	8548.808290744519	-1295.2355990524138
247.0	8887.224519889998	-1293.6350391781245
248.0	9056.14572122774	-1297.9566435444242
249.0	9225.439372224406	-1298.2381054871457
250.0	9394.681481842332	-1297.1193538055238
251.0	9564.146139511222	-1296.2797583815416
252.0	10750.921715131337	-1295.213377669637
253.0	9902.577505883848	-1293.3158974048258
254.0	10071.746412226084	-1297.8060360261754
255.0	10241.142561905508	-1297.6945343680338
256.0	10410.253924333463	-1296.180985000229
257.0	10579.902199053175	-1295.5822421872062
258.0	10918.787547535096	-1300.7917626048359
259.0	11070.620727109737	-1313.0125103938105
260.0	11786.978399940099	-664.3856273107239
261.0	11192.411823535853	-1322.7222127253983
262.0	11812.449616273361	-712.151324797153
263.0	11285.303243836868	-1330.295233401213
264.0	11411.394326758373	-1340.1981976140553
265.0	11509.917985718203	-586.8902825453077
266.0	11809.578644954658	-706.8400900297244
267.0	11609.806234083966	-570.8855676344765
268.0	11643.13826510503	-565.7338677681718
269.0	11759.526278783078	-610.8466132226945
270.0	11751.501772350064	-594.6683648327976
271.0	11743.586477407262	-578.4617592480585
272.0	11738.374378033654	-567.5993523106564
273.0	11733.174639203133	-556.7522337690367
274.0	11969.126049846222	-975.8135768286094
275.0	12020.580797701254	-1049.9571424942676
276.0	11746.217531870265	-583.8682654180049
277.0	11724.20592787707	-552.1399725921575
278.0	11725.916086904266	-555.7443928477629
279.0	11731.970116115828	-569.0244190963422
280.0	11715.79168307837	-554.0624989813923
281.0	11756.835944875273	-605.4687304600093
282.0	11706.220729069531	-563.8393019965728
283.0	11735.254469580717	-565.7531870387472
284.0	11704.119348895489	-555.9141276088303
285.0	11736.42028341596	-579.125214334225
286.0	11770.372669948165	-632.3309117539749
287.0	11741.478510009008	-589.5633107127542
288.0	11740.443418959025	-576.6262314247417
289.0	11764.927101063367	-621.5890948806192
290.0	11748.856091601303	-589.2700429242853
291.0	11688.745903436773	-558.2130875695356
292.0	11741.218220720702	-595.0757093645194
293.0	11754.614543224941	-622.0642255428447
294.0	11668.807661152723	-561.5065000168258
295.0	11787.829801362139	-680.2853272444772
296.0	11778.623234681008	-648.3709032943449
297.0	11756.36610339866	-609.0701303858441
298.0	11784.196822388034	-659.0551140804728
299.0	11761.76502134494	-619.8146244275268
300.0	11767.17473654981	-661.0063830356079
301.0	11767.637607309218	-626.9555858202758
302.0	11768.52620135519	-643.5038774618248
303.0	11767.191640083474	-630.565570563261
304.0	11798.238125909285	-685.6355160169443
305.0	11769.938131813835	-635.9369793116462
306.0	11803.898766535867	-696.2430111307657
307.0	11775.443099255825	-646.6282057964908
308.0	11832.70768994601	-749.0448195549606
309.0	11868.156826286346	-811.9091227822161
310.0	11785.945560051028	-676.7473904043442
311.0	11780.999766066263	-657.3209155298173
312.0	11821.10713718281	-727.979734738914
313.0	11795.415525046259	-680.3276338701402
314.0	11795.068549350995	-683.918260147265
315.0	11572.624886677419	-607.5392685085226
316.0	11801.065802367972	-690.9405151442355
317.0	11795.27552719102	-700.2343383824058
318.0	11800.717233832811	-694.5306375151346
319.0	11389.393328854005	-576.3253184671111
320.0	11588.59526627794	-560.7118940696323
321.0	11799.310446107795	-701.9960435345189
322.0	11853.285781087403	-785.7857309613828
323.0	11847.369015395881	-775.3186323810872
324.0	11809.227439908313	-710.4594666728821
325.0	11821.056198294771	-747.2773007320351
326.0	11817.902116743726	-726.3134465717056
327.0	11386.850980063902	-1321.0227096133551
328.0	11889.368934765014	-848.3054938695085
329.0	11859.220504104242	-796.2428847677505
330.0	11829.495928971019	-747.3812200095812
331.0	11472.329641838705	-1334.3695011428265
332.0	11446.22823413857	-648.9213744072707
333.0	11827.436811136746	-753.3415130443591
334.0	11832.397600773076	-752.645838377921
335.0	11841.468121590717	-764.8340603515015
336.0	11874.178190474684	-822.3451250807057
337.0	11844.416579953868	-770.0815073572513
338.0	11877.200019838232	-827.5425347051373
339.0	11844.139474191792	-773.6955000839895
340.0	11512.425604193346	-1346.3746398166072
341.0	11482.481040576275	-1315.0357172084616
342.0	11852.623221365591	-798.1482859748454
343.0	11850.065170817841	-784.1569255732675
344.0	11856.250899612865	-791.0154787375513
345.0	11886.308279052968	-843.1232320345298
346.0	11855.997279111785	-794.614938938798
347.0	11914.149552762325	-889.5489382217642
348.0	11537.026245984982	-1346.3019566470555
349.0	11848.843891454851	-791.3999416888704
350.0	11892.435511121175	-853.4767823664469
351.0	11858.944937738524	-799.8530548211066
352.0	11863.643154715428	-823.1196959555758
353.0	11864.906822897576	-810.295733871932
354.0	11561.70920443056	-1346.307824338756
355.0	11926.793915401087	-910.0294935747337
356.0	11858.168320454153	-807.8582212061501
357.0	11901.679748799392	-868.9775601243658
358.0	11867.896604976317	-815.5308367314084
359.0	11904.788468551667	-874.1326529915654
360.0	11873.935234656661	-825.9655137867281
361.0	11875.999092847414	-844.3681382338551
362.0	11880.22673253867	-832.7366933732183
363.0	11586.39216333768	-1346.3136463448832
364.0	11936.387873981594	-925.3299893450377
365.0	11869.559494413008	-827.8384067174107
366.0	11881.289519388869	-853.0431837661066
367.0	11883.028767612142	-841.5542975297006
368.0	11885.40254353211	-854.7071097777971
369.0	11886.089131026469	-846.7502324386497
370.0	11920.455190688299	-899.8124675639956
371.0	11889.157930943167	-851.9277164560917
372.0	11611.07512295096	-1346.3194537727368
373.0	11946.074703930824	-940.5434886669699
374.0	11597.789414313935	-1318.1269288583983
375.0	11917.880972148057	-924.9867630769368
376.0	11898.58442424642	-863.8093478575398
377.0	11899.706391456573	-878.9574300432874
378.0	11898.386675270865	-867.4371072897902
379.0	11933.172266679621	-920.237475204844
380.0	11901.494645269937	-872.606687827691
381.0	11635.75245792597	-1346.3474647167104
382.0	11959.175476319253	-960.7385235286594
383.0	11891.014316309944	-864.3664428666798
384.0	11939.61036840909	-930.4055329243496
385.0	11904.612087493404	-877.7565375842978
386.0	11910.146332814465	-901.1206628888182
387.0	11910.851640094377	-888.033756079812
388.0	11660.441043838946	-1346.3310215463944
389.0	11942.156923782662	-947.0391337560164
390.0	11899.126886152197	-883.0206335200637
391.0	11916.42443731027	-911.0509424212802
392.0	11913.987248723337	-893.1780509927476
393.0	11949.330759439823	-945.6127284093171
394.0	11923.621478929344	-904.9232691941697
395.0	11926.623380623025	-922.4910818724693
396.0	11923.487069474986	-908.5449245212599
397.0	11685.116291904635	-1346.3657893570166
398.0	11680.070594166726	-1318.3412682923529
399.0	11928.459091415047	-930.2634890884583
400.0	11929.849415370138	-918.7622513889122
401.0	11962.471100953766	-965.7669402726341
402.0	11933.063245169966	-923.8707851928745
403.0	11936.289431153862	-928.9565459214251
404.0	11938.544378114666	-941.3716779066241
405.0	11922.600062241652	-921.0584292259676
406.0	11709.806968692379	-1346.3425289160562
407.0	11942.746604606376	-939.098161089309
408.0	11988.0276085932	-1015.3900527059728
409.0	11945.99186331861	-944.1743704826953
410.0	11734.489932385011	-1346.348260128739
411.0	11975.821702691726	-985.8000905129501
412.0	11949.26414221502	-949.2474632813863
413.0	11745.996579899265	-1318.3133114530804
414.0	11955.83766598195	-959.3288771385129
415.0	11967.946810469686	-1021.5400452133005
416.0	11959.126739500573	-964.3606245844827
417.0	11952.12987107667	-962.4349472163316
418.0	11759.172897378436	-1346.3539753886564
419.0	11958.522402070832	-977.3526970680347
420.0	11982.562611139918	-995.7726309194736
421.0	11965.767496762763	-974.4323649683129
422.0	11779.72940826758	-1318.8448183277208
423.0	11972.470179501406	-980.8098361454992
424.0	11982.157986383501	-1028.727566484545
425.0	11972.467023190971	-984.4325327310406
426.0	11964.917812324793	-981.6127311298151
427.0	11783.849291902743	-1346.381238236583
428.0	12027.629848574137	-1059.6979693080002
429.0	11971.146603101706	-990.7498885949335
430.0	11985.966174289168	-1000.7468075341958
431.0	11979.189608752231	-994.4164426385792
432.0	11981.298135597734	-1005.8474025032865
433.0	11989.37654073896	-1005.6981947674952
434.0	11982.589500287404	-999.4087113543019
435.0	11996.272231456356	-1048.0221140249748
436.0	11992.840830188487	-1014.2647133010499
437.0	11986.005359538669	-1004.3744605318833
438.0	11808.538885933434	-1346.3863916548028
439.0	12038.257140812353	-1074.2977938166844
440.0	11975.029111922957	-996.8586393708434
441.0	12024.10270815795	-1054.8298613597153
442.0	11999.664305217562	-1020.524974323814
443.0	11833.22174760599	-1346.353840136724
444.0	12048.992363467236	-1088.794204615527
445.0	11985.750232903118	-1012.0929260286624
446.0	11999.943518861504	-1037.09892712017
447.0	11999.735588701127	-1024.160331345117
448.0	12034.70936613391	-1069.4281952813383
449.0	12010.079239790037	-1035.2673876043134
450.0	12010.726224158198	-1047.6748552595607
451.0	12013.56337359894	-1040.1667972798957
452.0	11857.904770421299	-1346.3766848524306
453.0	12063.332781065614	-1108.0982165801713
454.0	11846.381155399207	-1318.2987444772098
455.0	12017.189330367926	-1056.784233772684
456.0	12017.17193691639	-1048.6999980145426
457.0	12019.541485514084	-1060.0288996333322
458.0	12020.698210434488	-1053.5848819859646
459.0	12052.572678626413	-1093.6243265736728
460.0	12024.224758100818	-1058.4537515403078
461.0	11882.58767241692	-1346.36231160859
462.0	11876.025334370874	-1307.2195538593903
463.0	12049.294573726962	-1114.5346646592322
464.0	12031.292568234292	-1068.1914358950694
465.0	12042.262472810231	-1095.5492656720442
466.0	12034.83934670354	-1073.072982560998
467.0	12049.705943418177	-1120.8897664649212
468.0	12041.843772613114	-1079.125775375687
469.0	11907.279770550895	-1346.4148540504932
470.0	12070.525969390974	-1117.739692613299
471.0	12045.59304937235	-1087.573953825781
472.0	12048.408769183612	-1103.7898536605924
473.0	12049.173653869882	-1092.404018083466
474.0	12077.756307606245	-1127.3619608868814
475.0	12056.156014705792	-1098.451285589071
476.0	11931.953692540594	-1346.3935561374103
477.0	12037.439093478331	-1084.3531683930148
478.0	12084.991905306446	-1136.9653366486525
479.0	12056.337375141766	-1102.060018979111
480.0	12077.961287903594	-1153.3398757920968
481.0	12066.925341061788	-1112.9185233239232
482.0	12092.233226655228	-1146.5645115886975
483.0	12067.096591599142	-1116.5402328323048
484.0	12114.00630520074	-1175.3391472967742
485.0	11956.636669813917	-1346.3991492184357
486.0	12059.448746383694	-1114.0119528844716
487.0	12099.478426250314	-1156.1607980766669
488.0	12070.705905286597	-1121.3695559170544
489.0	12076.755324748918	-1137.2008425955191
490.0	12081.373277131514	-1132.164217903595
491.0	12106.73044056406	-1165.7554798658455
492.0	12081.564319878444	-1135.7854356369164
493.0	11981.306061613956	-1346.4559383429219
494.0	12124.93020972424	-1189.690560980245
495.0	12081.360451320965	-1143.4697836877592
496.0	12074.341449931542	-1134.0013978191364
497.0	12110.368368730267	-1170.5526929864402
498.0	12085.184283741342	-1140.585520145146
499.0	12093.467263154766	-1159.2517302503456
500.0	12095.855404091895	-1151.3630208923678
501.0	12107.507353065585	-1192.095589538596
502.0	12096.046540354051	-1154.9839023369252
503.0	12006.002631061687	-1346.4102887157876
504.0	12139.52587625757	-1208.8031190736315
505.0	12088.5867896169	-1152.8383149259928
506.0	12105.616953985758	-1175.4331146857294
507.0	12103.292388150132	-1164.583092305819
508.0	12128.575526810433	-1194.4713004598698
509.0	12106.9288714657	-1169.3848710668465
510.0	12110.633072350372	-1181.899193752169
511.0	12110.572972461357	-1174.1772743499766
512.0	12030.679833991739	-1346.4159948953836
513.0	12150.547257592758	-1223.108270796815
514.0	12117.898229068247	-1191.5219053553894
515.0	12121.286952443106	-1184.9082026728436
516.0	12143.185331177245	-1213.5783355188075
517.0	12121.5037914079	-1188.5228273839464
518.0	12125.14879779448	-1193.3036219744502
519.0	12055.371778160743	-1346.2588314840796
520.0	12124.927715031663	-1200.8993437613917
521.0	12040.790371904377	-1317.9853093461334
522.0	12131.651105887087	-1213.9959093132718
523.0	12128.794634140453	-1198.0840763313493
524.0	12154.230943927882	-1227.8592018607224
525.0	12136.08879354725	-1207.6430578581055
526.0	12157.91782388494	-1232.607607957758
527.0	12139.741259129236	-1212.423638377223
528.0	12080.102632792152	-1346.2478756327653
529.0	12067.937148927987	-1317.8450930336614
530.0	12162.59649151643	-1253.8642132520908
531.0	12151.93548348125	-1235.8499209408008
532.0	12143.417529932622	-1217.208686836552
533.0	12169.001859677208	-1246.836004630329
534.0	12150.800420225869	-1226.7218654103538
535.0	12172.704143747016	-1251.5725681416081
536.0	12154.49116143718	-1231.466759713467
537.0	12161.608657729541	-1237.352944255526
538.0	12104.960528445838	-1346.3686161549494
539.0	12187.605461779733	-1270.4781856808613
540.0	12183.864454990258	-1265.7717131268657
541.0	12165.572647767165	-1245.6955839616585
542.0	12169.166719814844	-1257.9014731111668
543.0	12169.269249827632	-1250.4369657614254
544.0	12191.35105722439	-1275.1806168987748
545.0	12176.410634031272	-1256.3062742831569
546.0	12129.994580422434	-1346.7288563419406
547.0	12170.05006238725	-1263.4384842957322
548.0	12159.267928953945	-1245.2605462953882
549.0	12198.85925606842	-1284.5744488506282
550.0	12180.398039833299	-1264.6640980073914
551.0	12181.640236486135	-1273.679499913663
552.0	12184.146384839363	-1269.3916817401607
553.0	12202.64108313351	-1289.2713179652708
554.0	12187.892403569489	-1274.0936529013193
555.0	12154.773872287487	-1347.490219441762
556.0	12198.099704028085	-1298.7361348634768
557.0	12198.328848053183	-1294.7140631898935
558.0	12195.391440727319	-1283.4942157927826
559.0	12214.023111124092	-1303.259546157066
560.0	12199.165623399082	-1288.1993781945564
561.0	12217.76969973988	-1307.9804954863487
562.0	12206.424852923823	-1293.94347652275
563.0	12178.205131049972	-1348.8090582633422
564.0	12203.049968191757	-1300.522355726979
565.0	12169.501898318209	-1328.697615312228
566.0	12210.552696958466	-1302.206213742996
567.0	12225.4747267949	-1317.2256714517162
568.0	12190.39465823256	-1334.046908917171
569.0	12214.30655122165	-1306.9184722720977
570.0	12198.610090647948	-1349.9410390557844
571.0	12210.298336516069	-1309.3387090714957
572.0	12222.166140246743	-1323.8028360342105
573.0	12218.113824039088	-1311.6031783022142
574.0	12237.011666073238	-1331.089643842808
575.0	12229.313503388623	-1321.8522018585934
576.0	12215.400416004033	-1350.5529884591272
577.0	12207.750386406458	-1337.3473031493456
578.0	12233.537679277071	-1330.0614165853021
579.0	12227.08128684925	-1329.4224437098055
580.0	12236.037296387325	-1342.182403622731
581.0	12229.142714434378	-1351.3312152941296
582.0	12223.605859446145	-1340.199272049652
583.0	12244.380648569566	-1340.6914060614226
584.0	12237.376644855589	-1334.7229046344935
585.0	11727.693429249417	-549.3980812129788
586.0	11732.633694690034	-560.33695263076
587.0	11847.101754505784	-778.9265908968273
588.0	11846.86552203403	-787.9147405250114
589.0	11861.914443483067	-805.0800943883942
590.0	11548.301706709608	-1316.826405497112
591.0	11867.54044739392	-824.3671381451344
592.0	11870.911281970291	-820.7604539216021
593.0	11879.721137986242	-845.2396393800949
594.0	11879.987727315034	-836.3542724430141
595.0	11892.22838068717	-857.0959667064158
596.0	11630.800233564458	-1318.2448029574105
597.0	11903.860494195435	-885.4401774674885
598.0	11907.730915830789	-882.8956087040091
599.0	11914.089516937747	-902.2531197118382
600.0	11917.146400374628	-898.3185053954013
601.0	11696.523908248346	-1318.3457904804607
602.0	11926.660555485856	-913.6506198224059
603.0	11939.517092286538	-934.0277800945264
604.0	11729.543261985027	-1318.3088501621958
605.0	11948.02651244098	-960.9357392608199
606.0	11952.550122580906	-954.2962730232666
607.0	11962.679403775788	-978.2716790212162
608.0	11962.432380914846	-969.3981465216648
609.0	11796.182786050762	-1318.8702494120062
610.0	11975.820107748157	-989.4216929925318
611.0	11989.422038690647	-1009.3204804512442
612.0	11825.838750549947	-1307.7910878881612
613.0	12019.585295835897	-1076.0111300222816
614.0	12003.212082128308	-1029.0830363057169
615.0	12012.972053628471	-1055.4074405430238
616.0	12013.6581496379	-1043.7953528910741
617.0	12028.341681012304	-1072.1972041944318
618.0	12027.752935789491	-1063.320708754518
619.0	12042.014239359969	-1082.7433845259995
620.0	11912.198287228806	-1318.30308347969
621.0	12059.9211203844	-1106.8865956999366
622.0	12057.063441393175	-1110.7919046037853
623.0	12069.468031890045	-1132.0933031919365
624.0	12074.32614233318	-1126.184187154966
625.0	12088.804725734946	-1145.385194955022
626.0	12086.173588655603	-1149.6382329860444
627.0	12100.75672831846	-1169.0337365362163
628.0	12099.667832084582	-1159.7829366593105
629.0	12114.216002810426	-1178.9595510294012
630.0	12113.064230833143	-1185.0852973494027
631.0	12132.441322402623	-1202.8639020918606
632.0	12136.735921547988	-1230.6543080923032
633.0	12150.71036386812	-1249.3270580164924
634.0	12147.110279852366	-1221.9759731359914
635.0	12161.877171134409	-1240.953033194105
636.0	12118.945615754163	-1321.1380902402495
637.0	12180.5901765275	-1286.311995162526
638.0	12176.669465641817	-1259.9176253394246
639.0	12191.470935586798	-1290.500268271384
640.0	12191.640033572772	-1278.7942161912035
641.0	12206.74682849065	-1297.555285733624
642.0	12203.776122607365	-1305.5506201677024
643.0	12219.603839571035	-1320.7212631080995
644.0	12221.997198916839	-1316.2071812983486
645.0	12229.69262061541	-1325.4390739344992
646.0	12229.574635985819	-1337.5210611941784
647.0	12233.835288966111	-1338.7093438761767
648.0	12240.870371936506	-1339.7281548130343
649.0	12250.426109362093	-1349.683230934913
650.0	12244.82017432697	-1344.5349440061764
651.0	12240.35956007596	-1349.1000647897445
652.0	253.92300173424618	-1296.6854710919104
653.0	500.7203406882554	-610.6669586428497
654.0	58.779031998732535	-1052.80322617761
655.0	295.67562743703496	-605.8001670034677
656.0	1104.9114374257624	-609.5768615754115
657.0	270.32033057919034	-1064.292655740296
658.0	1305.8805833986705	-609.5590224992319
659.0	1005.4552404874108	-678.8117162000932
660.0	1204.5832580134193	-676.280855852086
661.0	1504.599990370608	-612.8308505093831
662.0	1707.3453291852275	-618.1950651567635
663.0	1910.9680538167916	-612.8911305983369
664.0	2111.0924251376405	-612.56016976123
665.0	2302.381084222481	-884.3906311827019
666.0	2017.6666377340346	-824.6131874873039
667.0	2512.021717287278	-610.2829978212347
668.0	2310.3895891756874	-610.2129622683501
669.0	2409.993780840939	-677.0848226444699
670.0	2713.7754561430515	-618.6387290297357
671.0	2916.925221741618	-613.3649065896525
672.0	3116.8818333230433	-613.0191939311904
673.0	2875.34186218572	-1114.0096680195002
674.0	3316.012466813485	-610.6225777231839
675.0	3517.6232828155466	-610.7522276993818
676.0	3216.337599307158	-679.8598947275544
677.0	3416.044254997825	-677.5002436253195
678.0	3719.7524517651195	-618.97324557126
679.0	3922.7897273529284	-613.852597060984
680.0	4122.6648947190215	-613.5088918946886
681.0	3956.292374012673	-899.2061285035579
682.0	4321.536643402304	-611.0076517569369
683.0	4522.437442329648	-610.9654607861934
684.0	4222.470868282776	-680.2712423726744
685.0	4421.208622091566	-677.6351263937528
686.0	4721.1781164768	-614.2640588932874
687.0	4923.81815325864	-619.6104623907887
688.0	5127.517084673301	-614.2373347197582
689.0	5327.6826571388565	-613.9619055923372
690.0	5518.851196981349	-885.6161718311663
691.0	5234.3422047062995	-825.5225608690058
692.0	5728.577789953121	-611.7079991938253
693.0	5526.937696252317	-611.6578604767072
694.0	5626.541259754037	-678.4717642985976
695.0	5930.292583512208	-620.0108257697951
696.0	6133.459686677197	-614.7583678702612
697.0	6333.454478210167	-614.4451876610245
698.0	6091.687978559298	-1116.196516967604
699.0	6532.565160964253	-612.0574511220958
700.0	6734.192349062854	-612.1906295588386
701.0	6432.906237515675	-681.2378039294804
702.0	6632.609314566525	-678.8905609568683
703.0	6936.313750879516	-620.363034095883
704.0	7139.316820798963	-615.2627772997879
705.0	7339.2239895010935	-614.923374027588
706.0	7172.8392264768545	-901.0254897192511
707.0	7538.198038879623	-612.4648912494914
708.0	7739.801467982689	-612.6514665594788
709.0	7439.134657712795	-681.6600060713082
710.0	7638.677342392555	-679.2954137327728
711.0	7942.358038544019	-620.7864058616723
712.0	8145.153513757003	-615.7873835065822
713.0	8345.0465513987	-615.4254852590321
714.0	8544.424276297454	-615.3610667695488
715.0	8735.520352167392	-886.9526911520521
716.0	8451.995429161447	-826.6870869698378
717.0	8945.161759456985	-613.0077558040767
718.0	8743.54240245991	-613.0746849273183
719.0	8843.17323463613	-679.7053874326401
720.0	9146.926626343462	-621.2678959846327
721.0	9350.053792461704	-616.121067226176
722.0	9550.03932261279	-615.7907213121939
723.0	9307.874787017063	-1115.196301409378
724.0	9749.164891239707	-613.4221310064707
725.0	9950.765589483686	-613.4049681871847
726.0	9649.53411136439	-682.4650595382046
727.0	9849.22558443345	-679.9866215427692
728.0	10152.916966837884	-621.460284624549
729.0	10355.923408998939	-616.533604349862
730.0	10556.107895123989	-616.310192397184
731.0	10389.301745229712	-900.4488614351782
732.0	10756.560174718872	-617.1944274372196
733.0	10668.690829077173	-1107.9320864456367
734.0	10657.872529271715	-686.2934250764597
735.0	11746.31430102206	-605.2906843753541
736.0	11748.359760487787	-592.8593641647677
737.0	11753.672912512004	-603.6696453121212
738.0	11766.468050605778	-666.8198768837592
739.0	11772.689496875624	-641.2842666444511
740.0	10953.879541765025	-611.7491648567561
741.0	11279.578754383469	-585.3528177578058
742.0	11777.87847301933	-667.3568050338581
743.0	11783.810448121121	-662.6664655798073
744.0	11789.4257792621	-673.299915649089
745.0	11136.177883233633	-596.0733929247646
746.0	11811.56890403325	-724.5674844826026
747.0	11803.543926393184	-699.835555700627
748.0	11436.334476296972	-598.5598885909998
749.0	11215.88886654903	-633.9637163953204
750.0	11801.229500653268	-711.3812625396009
751.0	11815.007230509456	-721.0443852615399
752.0	11614.112572388813	-593.8350098398987
753.0	11778.198799479489	-651.9711059659053
754.0	11820.798808485766	-731.5815023596829
755.0	11816.166952266585	-738.3204236090132
756.0	11826.5956959479	-742.1157806043612
757.0	11340.67356400857	-614.1564303602731
758.0	11443.178242321585	-1302.38516784834
759.0	11838.243972952652	-778.3945204373194
760.0	11819.907949500206	-739.6512566714943
761.0	11823.696973498054	-736.8493937731288
762.0	11831.32796072022	-760.2603162372428
763.0	11835.300549731432	-757.9101777242107
764.0	342.09372398199275	-1234.6972356668687
765.0	245.24096802034668	-956.89080558494
766.0	511.806980317953	-1232.3969868494305
767.0	835.5079600765542	-1103.7932898462416
768.0	543.239865471438	-1102.3628181278382
769.0	675.2345167584095	-1233.9464391392548
770.0	1016.1835965520955	-1232.2548401205604
771.0	118.34929244455513	-953.496249260547
772.0	154.21109408102225	-781.4212161260866
773.0	472.1931212831296	-1031.4016188344078
774.0	394.32638052161957	-673.9828369054649
775.0	704.8548402082914	-611.209718290631
776.0	726.3705086209799	-1032.4623636804724
777.0	281.1027696568138	-853.6316406367217
778.0	602.4707994910405	-679.2997033222022
779.0	650.2429423353678	-1103.900295263192
780.0	843.5642719094749	-1233.3290605441473
781.0	1008.1991942072103	-819.4688017771047
782.0	1185.7802561832325	-1230.6121680584235
783.0	1201.0644406671854	-810.0609607196214
784.0	1389.6483027441402	-820.921497471833
785.0	1354.0259737290728	-1236.2491881832348
786.0	1644.459231402332	-910.7285279108479
787.0	1523.485699362096	-1240.9556912744065
788.0	1824.6636296860768	-832.1138969262016
789.0	1692.7689791110834	-1240.95213742995
790.0	1751.6213125661718	-911.8599281620014
791.0	2118.124914607437	-1036.9296855192958
792.0	1862.0532393896192	-1240.0425614205612
793.0	2202.57875850929	-1233.4051499918703
794.0	1860.1519563539114	-1114.3242180013112
795.0	2030.8089433099328	-1109.5006660223723
796.0	2031.832382090841	-1236.9732188133746
797.0	2371.540800856928	-1231.3181397627734
798.0	2402.8858997118696	-810.6968487917129
799.0	2658.2359090262166	-912.0460929690053
800.0	2539.319029176312	-1235.2354383708914
801.0	2834.9526890813117	-832.362391750005
802.0	2708.405568307776	-1240.7986636726655
803.0	2764.6683393598237	-911.9482153450014
804.0	3131.7649519823667	-1037.088615566706
805.0	2877.656179489095	-1239.8509082806388
806.0	3217.850181400576	-1233.587856820031
807.0	3027.097673725925	-824.2200150855939
808.0	3045.5597658174897	-1108.85106622251
809.0	3047.213543496989	-1237.103543379574
810.0	3386.8282468655248	-1232.843510980371
811.0	3410.760533693398	-811.3739890693614
812.0	3600.51400031585	-829.8137498423681
813.0	3554.749583264378	-1237.0642395285233
814.0	3844.7378435117826	-832.5807500402321
815.0	3724.064556252246	-1239.958936416254
816.0	3776.683572752958	-911.548160228261
817.0	4060.4471576583687	-1109.9334290938812
818.0	3893.327534829538	-1240.1658855648072
819.0	4233.172060781127	-1233.91927522918
820.0	4036.404646066368	-824.7475650436348
821.0	4062.7563287849625	-1238.089696543256
822.0	4226.313776588241	-820.9506724114423
823.0	4402.096591667642	-1232.1618911368012
824.0	4417.677225098924	-811.4004157235692
825.0	4605.703105877474	-822.6909501160584
826.0	4570.276812237043	-1236.4319074545892
827.0	4860.039820055754	-912.4044826690866
828.0	4739.730119629824	-1240.736635231292
829.0	5041.012236059408	-833.1575195672098
830.0	4909.0011885682325	-1241.256240114956
831.0	4967.781950116117	-912.8297913674305
832.0	5334.592531141642	-1037.7304229268386
833.0	5078.243666597221	-1240.0591737382679
834.0	5418.758997004541	-1234.2723733407593
835.0	5076.346670823433	-1114.3726008254755
836.0	5247.18038328458	-1109.5350960461121
837.0	5247.989982132437	-1237.096466194709
838.0	5587.8038541121305	-1232.2199936282063
839.0	5619.39991380697	-811.9947247046306
840.0	5874.456102433253	-912.9275028200913
841.0	5755.601906153156	-1236.1328288214154
842.0	6051.413200704924	-833.5741015864205
843.0	5924.633923915789	-1241.2526857461041
844.0	5980.94830481994	-912.9394379119149
845.0	6348.287997200852	-1038.2256051179095
846.0	6093.915840725275	-1241.8418562435577
847.0	6434.119890787083	-1233.829298676629
848.0	6243.681565669081	-826.1730657586808
849.0	6262.042938116316	-1111.5323539466979
850.0	6263.542397856839	-1238.9014862815336
851.0	6603.031538038561	-1233.70499207038
852.0	6627.242893675929	-812.6900873269582
853.0	6817.075653514702	-831.0681018995341
854.0	6770.992737428268	-1238.188395157772
855.0	7061.183079455336	-833.7852214127961
856.0	6940.280698262223	-1241.3701016609639
857.0	6993.12090957109	-912.7185213163551
858.0	7276.873478679139	-1112.577044216768
859.0	7109.5615218407	-1241.7499397616846
860.0	7449.130400617075	-1237.2185661792084
861.0	7253.040348270752	-826.6109899294503
862.0	7442.998766130865	-822.4991312699349
863.0	7278.955600010923	-1239.9448000592336
864.0	7618.094448297991	-1236.8090740651423
865.0	7635.052325428766	-813.4140807389886
866.0	7826.2355160940415	-831.3110879713726
867.0	7786.436385482222	-1239.2322853784106
868.0	8070.995343825048	-833.9803637445506
869.0	7955.937494147042	-1241.15732729374
870.0	8005.373526886561	-912.6587275715016
871.0	8262.230780623797	-827.3748798427363
872.0	8125.259813833575	-1241.5776590658454
873.0	8184.486318697811	-901.4612814645261
874.0	8550.952052012028	-1038.992400092967
875.0	8294.498375839868	-1242.0203286775943
876.0	8634.958708978864	-1235.198133032264
877.0	8291.632633225252	-1114.935793398133
878.0	8463.467520528924	-1111.9214880604025
879.0	8464.217444987085	-1239.1558948263792
880.0	8804.10155939478	-1233.5616476184798
881.0	8836.108771374815	-813.2844803636714
882.0	9025.388803023985	-830.5929458479422
883.0	8971.881168450296	-1237.3123467497364
884.0	9267.981438744993	-834.2794906970418
885.0	9140.822642055144	-1241.8794875132123
886.0	9197.529301787203	-913.5518942228427
887.0	9564.408384563092	-1039.598348053277
888.0	9460.24265928308	-826.4583218337963
889.0	9310.085023940175	-1241.0062722256546
890.0	9649.863307570802	-1237.4471507282717
891.0	9478.078632002338	-1110.9696392044395
892.0	9479.518412497433	-1239.0119995682237
893.0	9819.021295213868	-1234.447364193218
894.0	9843.71270192886	-813.4462584045596
895.0	10033.73587165621	-831.2250812691691
896.0	9987.19457306513	-1236.6270441370878
897.0	10277.797594613401	-834.0600593997879
898.0	10156.486250357231	-1240.9697555352157
899.0	10209.654444564623	-912.5831678009417
900.0	10493.139874534396	-1108.8224225439753
901.0	10325.720383735052	-1239.3087789407311
902.0	10666.632827606116	-1236.1570350250288
903.0	10469.868659988062	-826.5485037530816
904.0	10495.206642153162	-1237.1605611878508
905.0	10663.056793564689	-827.2109346442036
906.0	10863.640595761242	-823.6634687180231
907.0	10838.326079213912	-1241.331071582403
908.0	11063.64148833602	-770.9516057634761
909.0	11244.920432781282	-1298.2581842319032
910.0	11001.20775572727	-1259.096922321129
911.0	11782.380647718213	-670.1195148264329
912.0	11786.60703908214	-667.9891764405647
913.0	11230.006153677643	-721.8104207446917
914.0	11138.948251858272	-1280.998533268058
915.0	11807.904543696119	-718.3724410581302
916.0	11812.113523024738	-715.7682244478115
917.0	11325.140738450931	-1311.1334092138957
918.0	11258.424186472359	-1240.9433626182326
919.0	11435.697171178866	-1328.5455546551336
920.0	11473.863746749217	-569.8017455309435
921.0	11825.506402547486	-749.829877734736
922.0	11805.084648917733	-712.7593193641745
923.0	11806.372535725795	-705.1395710664989
924.0	11566.437948697576	-577.7735932890354
925.0	11768.1394189248	-648.7289083989126
926.0	11791.91863653311	-693.573016711903
927.0	11626.761361980069	-557.8232033430442
928.0	11646.656599896314	-583.8346889302169
929.0	11777.05356128459	-659.938076816093
930.0	11759.064435341674	-614.4437788378923
931.0	11746.721402824538	-600.1618130423825
932.0	11751.004820173674	-598.2579882342628
933.0	11700.511508108219	-588.2376265472194
934.0	11743.078102232292	-582.0576518029925
935.0	11732.79379988921	-576.9865373572678
936.0	11737.83620497041	-571.1822693728485
937.0	11730.25417802833	-554.8170129917391
938.0	11728.140137987722	-562.6634956816639
939.0	356.136480404731	-1105.6741227216833
940.0	387.1948602295209	-814.9473396887248
941.0	602.1422695722698	-819.2342305266593
942.0	12229.64200507913	-1332.5063946949892
943.0	12219.623465852346	-1334.567532065649
944.0	11737.082633442362	-586.6668278916877
945.0	11724.342991376756	-560.0061566759645
946.0	11842.950175518401	-781.3000147694189
947.0	11837.184479424564	-770.9061066994503
948.0	11154.366762340302	-1208.6563974501885
949.0	11859.266723242967	-815.3259277712914
950.0	11221.33408770896	-1193.065255293858
951.0	11018.805253969214	-1163.6737110892748
952.0	11103.636735833716	-1145.2471633440866
953.0	11185.472067561803	-891.0441579343733
954.0	10852.197015239117	-1114.2300728923383
955.0	10323.151546868474	-1113.22049907964
956.0	10405.618319848121	-1041.754566495262
957.0	10156.604347519586	-1119.8014034489831
958.0	10238.691822201283	-1050.43790242071
959.0	9990.524360173875	-1110.7327928586794
960.0	10075.194296497182	-1050.7434326615348
961.0	10102.704149386906	-912.7532460057652
962.0	9824.45805603418	-1098.7008390282638
963.0	10572.938792977544	-898.0509412331285
964.0	10579.89343290547	-1039.0191549639385
965.0	10950.255981802247	-1078.267552682917
966.0	10973.000536467625	-864.2891469086862
967.0	10768.171257043039	-900.134492329557
968.0	10766.850652627598	-1039.8874304001802
969.0	9650.873631943883	-823.0510913711714
970.0	9141.424872569822	-1121.4286941095354
971.0	9391.031464424124	-1043.2670226254631
972.0	9377.44018018082	-900.7756589574765
973.0	9223.83136581597	-1051.9773412671923
974.0	8976.772856228155	-1110.8295130439462
975.0	9061.639639520276	-1051.023016434957
976.0	9091.782307335134	-912.8550809686076
977.0	8811.475507247758	-1097.8519548393222
978.0	8642.51295824723	-822.4502965622409
979.0	8122.225215115631	-1115.6260824352673
980.0	8375.462423648534	-1043.7729130827975
981.0	8365.489753884445	-899.7787135227894
982.0	8203.915501535177	-1045.0279954599148
983.0	7955.5801582193135	-1120.2333762055125
984.0	8037.17421533978	-1050.7377322668297
985.0	7788.7965322248465	-1113.6477204456642
986.0	7873.222955266538	-1051.09933404879
987.0	7897.919353194088	-913.0017889181921
988.0	7621.809471880481	-1101.5374118591935
989.0	7538.437130333902	-887.4226834543339
990.0	7106.910438155824	-1116.005150678735
991.0	7189.423444185461	-1044.726476670782
992.0	6940.309053229281	-1120.5572810484834
993.0	7022.264050562969	-1051.2374636307632
994.0	6774.161226956134	-1112.699004816274
995.0	6858.799291388998	-1051.121047028798
996.0	6886.091563630786	-912.9499697168072
997.0	6608.49392548366	-1098.0315654721962
998.0	6434.311610742563	-821.6585917255912
999.0	5925.065155558937	-1120.7482927036144
1000.0	6174.789675208482	-1044.9257198778735
1001.0	6161.010439886417	-900.7844011400217
1002.0	6007.44384735225	-1051.4205345552466
1003.0	5759.73076075354	-1110.4995047858786
1004.0	5844.521787819455	-1051.1773784137943
1005.0	5808.085493329942	-830.6353776453961
1006.0	5594.980084290176	-1096.1873772828876
1007.0	5425.7357674177065	-821.2537065159619
1008.0	4909.387164947777	-1120.9185499500697
1009.0	5160.141282582	-1042.9065591040937
1010.0	5149.111029588534	-900.19514412507
1011.0	4992.086131886675	-1051.3334576466725
1012.0	4742.939912948722	-1114.6487039450203
1013.0	4827.927790143524	-1050.8900216028615
1014.0	4794.977529538326	-832.88251486963
1015.0	4573.970960664825	-1108.685808353722
1016.0	4661.956645359616	-1042.9681599670682
1017.0	4681.882232036991	-899.6875098254526
1018.0	4405.784400232115	-1096.2700601136578
1019.0	4321.848154715128	-885.4523711255212
1020.0	3890.642071943005	-1114.26684476788
1021.0	3972.9153595750927	-1042.57543614051
1022.0	3724.0095827389064	-1118.9862125865602
1023.0	3805.9648156217604	-1049.8649473189569
1024.0	3557.8092491365655	-1111.398938386107
1025.0	3642.378328640198	-1049.7498447884846
1026.0	3669.5797823586267	-911.7579495647642
1027.0	3392.2524989076396	-1096.9775122441777
1028.0	3217.7700378702416	-820.4451414832862
1029.0	2708.9187470190714	-1120.3374632937823
1030.0	2958.30080953688	-1041.5172594056585
1031.0	2944.476871852757	-898.8452765273814
1032.0	2791.2335747801094	-1050.9235087362194
1033.0	2543.421200692382	-1109.516026047384
1034.0	2628.3602648362225	-1050.3421940425753
1035.0	2591.6631460291464	-829.5019404328262
1036.0	2378.6296608638295	-1095.1077978886758
1037.0	2209.198658669	-820.0203222220001
1038.0	1693.2297592977459	-1120.558169204666
1039.0	1943.7488305952502	-1042.910829811385
1040.0	1932.5855415153273	-899.4395694352739
1041.0	1775.9463501540838	-1050.5989888610002
1042.0	1527.2712543156013	-1114.129897914634
1043.0	1612.3622485439191	-1049.7556149797153
1044.0	1579.179876811834	-831.0457964133293
1045.0	1358.1227682421875	-1107.8235338673094
1046.0	1446.7125439911822	-1041.427481208615
1047.0	1466.5241836290018	-897.3704667761776
1048.0	1189.3598094049837	-1094.468361251916
1049.0	493.26029047738604	-891.565988630567
1050.0	812.4530313857067	-820.9632383660919
1051.0	1104.136573799328	-884.0140520199584
1052.0	710.5459046034521	-891.5702260754412
1053.0	11517.756695377218	-625.5762604835472
1054.0	11254.855268724612	-1126.2233083442436
1055.0	11802.695688728933	-727.1311028693781
1056.0	11872.908561593014	-833.5183650121204
1057.0	11813.503436299405	-728.0775611709063
1058.0	11804.09784595416	-717.0553940987642
1059.0	11353.282838619076	-680.6079023868891
1060.0	11541.001645039447	-1264.3875855773488
1061.0	11802.166182414987	-707.380890885083
1062.0	11333.314127090234	-817.4959741194052
1063.0	11306.305316122589	-739.650994133793
1064.0	11791.253303147563	-686.4883144586942
1065.0	11764.140127924455	-640.7519909065941
1066.0	11003.83833181792	-973.5854165361452
1067.0	11148.211136063286	-1063.1100977254198
1068.0	11162.989347033654	-794.4375240014724
1069.0	11763.289295725624	-633.2007590921052
1070.0	9744.99152931461	-887.4677997012277
1071.0	9911.344053812905	-1031.6751209614638
1072.0	9927.045712405517	-890.1575960277229
1073.0	9651.565333117765	-1108.8081007637913
1074.0	9560.163696087138	-897.5783943506207
1075.0	8729.360367021309	-1029.4515338980484
1076.0	8899.490155520834	-1031.4425126931765
1077.0	8917.963434501808	-889.3738809635221
1078.0	8637.852394704534	-1106.189340838794
1079.0	8549.45263040864	-897.7521985624104
1080.0	7537.93686272726	-1031.306927230845
1081.0	7707.86683291618	-1034.7960654062335
1082.0	7720.609418857824	-890.5569780625398
1083.0	7362.089125455724	-1040.087979499421
1084.0	7354.840212755943	-897.8229121636341
1085.0	6528.604113300546	-886.2777652882966
1086.0	6694.956316690227	-1033.4146243729822
1087.0	6710.5784710070075	-889.9547987682332
1088.0	6435.766933992246	-1104.7582137162456
1089.0	6343.705860075682	-897.0076356677442
1090.0	5512.8517854271595	-1028.194572862644
1091.0	5682.240166161303	-1030.7485440707744
1092.0	5700.660584123907	-889.1342925239951
1093.0	5421.544281448331	-1105.1332277455222
1094.0	5332.784605556827	-896.4293027287562
1095.0	4321.761888383593	-1027.6078074195618
1096.0	4492.98729131498	-1029.3370596684392
1097.0	4504.793849850254	-886.6228515723911
1098.0	4145.573229085199	-1037.5435708432378
1099.0	4138.153703055618	-895.7270144299437
1100.0	3312.1611840721416	-885.0815699229576
1101.0	3478.60081821849	-1032.274789702841
1102.0	3494.104115679346	-888.6814963828225
1103.0	3219.403454952781	-1104.4144395967232
1104.0	3127.126797574925	-895.1295473080669
1105.0	2296.4911465212112	-1027.083595738677
1106.0	2465.8658270341184	-1029.6970444068622
1107.0	2484.2321281808886	-887.9790598658747
1108.0	2205.287737463705	-1104.1295049369328
1109.0	2116.1458981114615	-895.5134673603383
1110.0	1104.1458374012593	-1025.5764305892142
1111.0	1277.059156776014	-1027.663486886008
1112.0	1288.7730516401473	-884.8184649229692
1113.0	921.7116447778766	-1035.018178009296
1114.0	914.4813201045569	-893.0802641341774
1115.0	12213.905533711377	-1315.067133799051
1116.0	12223.031524162143	-1328.8053702249915
1117.0	12213.985482952727	-1333.1014278369887
1118.0	12215.040345318817	-1320.5716327886676
1119.0	12200.041465805922	-1332.018948558302
1120.0	12211.549327223789	-1325.6487623157857
1121.0	12203.18776657142	-1325.1758537470512
1122.0	12209.553194706583	-1313.8646877825831
1123.0	12199.559944674465	-1310.1575339573653
1124.0	12198.64806826871	-1320.02962277966
1125.0	12207.81172724093	-1306.178904086717
1126.0	12193.399894086819	-1308.55228411424
1127.0	12184.1394683991	-1276.8125269286418
1128.0	12195.79536770749	-1291.5850094355603
1129.0	12144.751243330242	-1324.094359666761
1130.0	12191.37337593729	-1286.0344039725344
1131.0	12181.770235979719	-1326.423402568862
1132.0	12192.665807856049	-1302.1591494610748
1133.0	12176.596245468247	-1267.4990962417698
1134.0	12184.832254530806	-1282.0042663085144
1135.0	12169.529141632629	-1291.4328848794878
1136.0	12177.55651227198	-1272.8945295347464
1137.0	12158.844939288452	-1319.6732950347825
1138.0	12173.395296935698	-1277.7700681720598
1139.0	12154.399180076458	-1239.0102864857993
1140.0	12174.109282381401	-1264.3254979465419
1141.0	12161.73069709601	-1248.4226956998548
1142.0	12093.367468454753	-1318.9233350077636
1143.0	12132.87490998629	-1314.543885104061
1144.0	12157.911764889903	-1258.494079135724
1145.0	12142.12891382215	-1227.7802251638052
1146.0	12139.911439520743	-1220.5343372285527
1147.0	12155.215250475334	-1244.4602509011747
1148.0	12109.067975415057	-1293.646190893541
1149.0	12147.111219802537	-1229.655772477483
1150.0	12106.793788412715	-1310.604726550384
1151.0	12129.57402465882	-1206.7612089018137
1152.0	12024.333835577134	-1318.1437517602178
1153.0	12142.381136505093	-1223.7140204358523
1154.0	12119.888560185687	-1198.6915325703685
1155.0	12121.914908852856	-1216.704062637272
1156.0	12135.952163631191	-1215.3102953580164
1157.0	12082.734665339953	-1287.782590297459
1158.0	12132.00311867481	-1209.9491911169523
1159.0	12081.039207690506	-1307.7712764279847
1160.0	12121.301991510421	-1210.1244365653117
1161.0	12105.467356265091	-1179.534630355295
1162.0	12125.488997999739	-1205.9631238509646
1163.0	12053.981057797026	-1284.2516807147028
1164.0	12120.328750278526	-1194.7085866549066
1165.0	12053.373889436509	-1306.7753942522875
1166.0	12095.880017141659	-1162.4521256781318
1167.0	12112.886105592797	-1189.2511631727266
1168.0	12103.183413635003	-1172.2378250841732
1169.0	12096.778929490642	-1168.0777465449864
1170.0	12015.495668112422	-1284.0979104165192
1171.0	12089.437419991467	-1158.28453002828
1172.0	12011.271101617334	-1307.2462480079994
1173.0	12063.289013907422	-1119.4189875527281
1174.0	11895.744877876945	-1318.2788241330338
1175.0	12082.157034678601	-1148.902693083687
1176.0	12038.370427963271	-1120.0337243677652
1177.0	12076.359077756539	-1141.2650071498683
1178.0	12067.224561244308	-1124.6870318986403
1179.0	12035.030732415094	-1081.1465856260304
1180.0	12063.237047656961	-1123.9359233153082
1181.0	11968.631668551994	-1281.8489232479799
1182.0	12059.060765415239	-1118.097062380454
1183.0	11964.161797503077	-1306.805043150218
1184.0	12030.70569706292	-1075.4608035881672
1185.0	11992.33862161726	-1021.9460090529896
1186.0	12037.551531358506	-1106.0165501463343
1187.0	12052.700831198832	-1105.0926316493867
1188.0	12006.376263655175	-1086.305581261294
1189.0	12048.6444228007	-1099.538533429831
1190.0	11896.529592442328	-1235.6558748012383
1191.0	12041.779755298332	-1090.4135835167137
1192.0	12006.234661028036	-1041.4129850871257
1193.0	12037.02754167219	-1088.4107458888327
1194.0	11920.660534810806	-1280.990392143741
1195.0	12030.736138627066	-1079.909804630163
1196.0	11924.60779863893	-1306.6049075997519
1197.0	11999.326195510106	-1031.6612859044283
1198.0	11992.996433390588	-1027.474407591908
1199.0	12023.718417228147	-1066.2446486315937
1200.0	12002.114692682335	-1056.828816189923
1201.0	12018.91205742606	-1064.1970572781004
1202.0	11980.997511010495	-1009.9435823163167
1203.0	12013.072072910169	-1050.9509442765793
1204.0	11871.98383973924	-1281.9209628374902
1205.0	12006.69825781339	-1046.569812563268
1206.0	11968.912916016043	-987.4229276740898
1207.0	12003.91699628327	-1038.1438422767962
1208.0	11862.834469438321	-1318.300230767022
1209.0	11995.531562431088	-1041.3792815194913
1210.0	11933.926465317249	-938.9594619075784
1211.0	11953.487182212319	-969.9133917514779
1212.0	11821.776835566909	-1282.571296934042
1213.0	11979.014951517538	-1002.5349104511528
1214.0	11946.201410452966	-953.0524301306377
1215.0	11974.827565540778	-1001.3410267485888
1216.0	11812.642630982189	-1318.8358661302184
1217.0	11969.395493155205	-1005.094954535302
1218.0	11905.145591257547	-892.8803238487575
1219.0	11970.3475961346	-994.556082607863
1220.0	11965.020010226463	-997.0159909623799
1221.0	11932.653552200796	-931.857704887645
1222.0	11964.717142911033	-985.9715225813082
1223.0	11770.746909493339	-1282.5524206560265
1224.0	11958.254509350869	-972.1148082222304
1225.0	11920.399301718337	-912.4436345721903
1226.0	11954.3206923231	-965.7904143627608
1227.0	11948.397249940324	-956.4196123543474
1228.0	11766.587486156757	-1307.816616632992
1229.0	11947.563539120902	-973.0083855781808
1230.0	11942.45614960711	-964.3114868041939
1231.0	11942.433088141821	-952.2824585318898
1232.0	11938.037537903163	-945.6817687576064
1233.0	11934.806854496359	-935.2373485621392
1234.0	11928.580304124755	-941.2648035157241
1235.0	11720.386071317655	-1282.114460134039
1236.0	11928.770341556485	-925.903125970075
1237.0	11716.289764591997	-1307.3190673018714
1238.0	11894.332634409906	-869.9234899209447
1239.0	11886.443109822447	-861.8033473734959
1240.0	11922.513241934561	-915.8481536376166
1241.0	11916.206830191926	-905.6669291373146
1242.0	11909.895673498584	-895.676819444765
1243.0	11905.939253814353	-888.8663732547878
1244.0	11646.783969203801	-1267.7062007229367
1245.0	11531.930717244208	-1316.9002061559488
1246.0	11666.91229920301	-1307.2464277382878
1247.0	11893.42811430141	-885.1969752793042
1248.0	11897.624275596143	-875.5236339527825
1249.0	11887.63816369667	-876.3970423137611
1250.0	11893.755338264638	-874.3808888806119
1251.0	11885.161748547893	-872.1454492804842
1252.0	11890.24434650603	-868.398754510532
1253.0	11854.579146837137	-801.6449416062042
1254.0	11887.450478841	-858.1518071039736
1255.0	11880.910401856772	-864.0652953477626
1256.0	11881.765103061383	-848.7085290135425
1257.0	11500.624350767454	-1318.2533993704565
1258.0	11617.530026373546	-1307.0702609537118
1259.0	11871.20774589952	-848.067305147512
1260.0	11876.035339488	-839.1089730227031
1261.0	11864.057643276436	-835.9216784182021
1262.0	11872.222380684536	-837.8492830164123
1263.0	11866.499341126306	-840.2663009049842
1264.0	11868.772315567481	-831.7733166993252
1265.0	11859.101016395502	-834.1461120162281
1266.0	11863.749423485577	-817.9079311793321
1267.0	11860.163901344937	-811.3354444130837
1268.0	11436.010351935896	-748.1541245634762
1269.0	11567.932489916047	-1305.6834012006923
1270.0	11853.918435667365	-817.6396746306406
1271.0	11854.061895578301	-806.0479532974101
1272.0	11848.690335750956	-796.5623088941508
1273.0	11832.52645335896	-767.8841928723596
1274.0	11842.97395133526	-786.6844549634667
1275.0	11839.16601073595	-774.3979642676301
1276.0	11826.683879275455	-757.3513475826348
1277.0	11833.277028932347	-763.786300872472
1278.0	11317.357662811713	-1122.3332960780492
1279.0	11520.200238139723	-1306.083651727108
1280.0	11821.839602481254	-743.162395112861
1281.0	11820.92265103949	-759.3893049773518
1282.0	11394.723806250566	-1286.901579370864
1283.0	11472.21144861141	-1297.6543605131599
1284.0	11431.077293713375	-1216.0023488690451
1285.0	11807.946413382373	-735.7541157518117
1286.0	11816.753031576007	-733.8505620652317
1287.0	11810.483625729781	-740.3060358864859
1288.0	11807.684143955436	-723.5613595450917
1289.0	11812.662679828725	-732.0129090436634
1290.0	11599.088542562633	-613.4270114945417
1291.0	11491.596214249832	-658.849209285454
1292.0	11815.258715306443	-749.4497414335923
1293.0	11552.763504236216	-633.1422943595511
1294.0	11826.72921248798	-769.9027324230925
1295.0	11567.823314390227	-664.3210584943918
1296.0	11791.864886274436	-707.4526296414642
1297.0	11798.295912689568	-705.9443921793815
1298.0	11796.327474773352	-696.3614769328827
1299.0	11793.134386509453	-690.0264359486852
1300.0	11610.707839682867	-637.7504791591413
1301.0	11786.417623940244	-695.4627155446409
1302.0	11782.078376464444	-675.280360111532
1303.0	11787.183648799875	-684.5737237537942
1304.0	11778.936912564282	-663.5073049170733
1305.0	11308.376115647094	-1228.6963886983976
1306.0	11426.748224087756	-1279.9166805647703
1307.0	11373.60041494731	-1257.2100115172882
1308.0	11393.056246895045	-1217.475249624483
1309.0	11716.59975611773	-593.236556826089
1310.0	11773.7136144167	-653.6724318787352
1311.0	11662.58148002297	-617.6536561307561
1312.0	11760.065644037319	-626.863298925157
1313.0	11771.8788998986	-650.1093427153768
1314.0	11758.266371986743	-623.2821994796468
1315.0	11765.124955104744	-636.7871545257082
1316.0	11752.79398866015	-639.8866532330685
1317.0	11759.332882075978	-631.269712004853
1318.0	11751.915821078139	-610.5994878433357
1319.0	11726.840225813094	-615.9354654228215
1320.0	11754.954307075963	-616.8208302341463
1321.0	11634.586035076203	-598.8734667105115
1322.0	11671.946438431756	-575.2735682321412
1323.0	11762.830166295636	-652.0876056412981
1324.0	11684.699185528441	-600.7472606830937
1325.0	11750.115169462211	-606.993224280123
1326.0	11750.965868196845	-614.7530220764402
1327.0	11662.835251531287	-587.4438745530255
1328.0	11745.21514017472	-617.5593858654914
1329.0	11717.805936299499	-571.5460844827012
1330.0	11744.961140080117	-596.5613930252335
1331.0	11714.614641534195	-565.1973904604152
1332.0	11684.02727954225	-577.737615328378
1333.0	11736.326001666312	-598.590581163738
1334.0	11728.013630593558	-567.7685538400123
1335.0	11738.18245427732	-582.7525766969071
1336.0	11727.32181139537	-577.9307144930553
1337.0	11733.68781414307	-572.6452905930086
1338.0	11700.58669542297	-570.5796514585696
1339.0	11731.141620745655	-588.2591925059169
1340.0	11997.00329912259	-1028.3771958382986
1341.0	11987.470804567625	-1019.4419822745871
1342.0	11988.607015412737	-1031.743368079433
1343.0	11875.783352832366	-856.3828858135699
1344.0	11848.619398263434	-809.390871908201
1345.0	11511.015418955229	-699.766574191542
1346.0	11899.550849940826	-895.1607090637602
1347.0	11832.411417297442	-780.6070328643776
1348.0	11853.253614655485	-848.5309844868674
1349.0	11781.617167085948	-687.6316417057411
1350.0	11116.962004214462	-976.8545093238359
1351.0	11415.12379873755	-1075.2083244468165
1352.0	12013.226186075639	-1067.0884816791422
1353.0	11953.834318490275	-981.5699977619661
1354.0	11959.417844033456	-989.7739423258942
1355.0	11981.679587311717	-1021.9545792186176
1356.0	11724.259340126962	-572.3336024724662
1357.0	11704.700673944622	-579.1986304860342
1358.0	11707.389847887569	-595.9566229160009
1359.0	11725.889149961666	-583.4621264745638
1360.0	11713.52600235649	-578.8069750463231
1361.0	11741.239987672032	-608.6495801158368
1362.0	11718.546744750247	-585.1259050175964
1363.0	11730.645278257909	-594.6705471262018
1364.0	11749.831985691664	-625.4653658803436
1365.0	11689.66169923122	-588.7806538750295
1366.0	11758.509912622188	-642.70424653871
1367.0	11693.512191586857	-611.0153188447117
1368.0	11735.874755830475	-605.2355892925267
1369.0	11669.953578939001	-601.8745284573264
1370.0	11753.944228900684	-661.1610526748785
1371.0	11732.625201988152	-618.8786785680537
1372.0	11741.059361192987	-633.6305733576488
1373.0	11740.19157949712	-614.9498020091002
1374.0	11746.423429255694	-656.1836894879385
1375.0	11744.421021520562	-623.0283343606965
1376.0	11776.934814046335	-678.8115671987853
1377.0	11748.59928863631	-631.4248353178773
1378.0	11738.39273451457	-628.1152516755052
1379.0	11753.548971375758	-634.2203108306645
1380.0	11757.586733423757	-648.8148303363263
1381.0	11488.629053641465	-1274.7812730035882
1382.0	11621.203547832643	-1281.5712598156388
1383.0	11333.788410970796	-1176.9282691078286
1384.0	11761.707248637618	-658.2269532267134
1385.0	11789.783459291875	-703.512463089591
1386.0	11772.148671639901	-669.4820050283548
1387.0	11617.674842264541	-685.5619410162313
1388.0	11795.885997311549	-714.5412125581928
1389.0	11759.872107160767	-671.5323193007013
1390.0	11771.507283920675	-675.775921908183
1391.0	11781.126094603975	-693.2050731630201
1392.0	11796.50313193218	-737.7762640214647
1393.0	11777.648391506578	-703.7518397465361
1394.0	11797.792125248052	-718.4290420525571
1395.0	11785.334394281343	-701.5293004728059
1396.0	11443.645879602831	-1248.7522119557568
1397.0	11503.125924039938	-1220.9758780563018
1398.0	11476.493502866717	-1248.3476117297548
1399.0	11682.822203409438	-681.7144978420856
1400.0	11838.046349376382	-790.8187523076953
1401.0	11814.912688040664	-755.796205466193
1402.0	11843.904227662264	-800.0962758107695
1403.0	11820.75391563124	-766.0861902611196
1404.0	11781.690168098992	-741.9152054609773
1405.0	11826.545184935043	-776.8791821504668
1406.0	11826.017647675122	-801.9520464335941
1407.0	11832.190017904313	-787.6468245407056
1408.0	11838.140822191495	-797.3255393770893
1409.0	11858.909253200974	-827.0189860813225
1410.0	11843.361921085918	-806.7787627081107
1411.0	11832.841959814263	-803.859830908193
1412.0	11426.713634433787	-934.1071379282603
1413.0	11848.36518295909	-815.2586649917927
1414.0	11570.502469812738	-1279.2591751924774
1415.0	11911.714904742708	-914.9787918125052
1416.0	11843.040036590151	-821.2377569657759
1417.0	11853.667234395529	-824.1209681644281
1418.0	11905.482749566008	-905.1414189836383
1419.0	11865.520952981882	-845.2251578249319
1420.0	11859.869878569147	-850.9579781412049
1421.0	11870.448362477495	-854.0082567858663
1422.0	11875.38706177498	-862.0311896677389
1423.0	11595.806262148515	-1266.2013722965537
1424.0	11932.617016723283	-949.1412697870522
1425.0	11873.096756211948	-873.0834964607438
1426.0	11880.399010386129	-870.3750856108987
1427.0	11886.849003630503	-881.4287143313777
1428.0	11879.913991061896	-884.5229325811857
1429.0	11893.60612121914	-891.6104947492471
1430.0	11670.990232856186	-1282.2267624029155
1431.0	11869.60230279425	-867.5085019371581
1432.0	11923.141534571087	-933.8772705149489
1433.0	11899.637348933413	-901.9779607545879
1434.0	11910.708971567406	-936.3880537152696
1435.0	11938.088366074158	-956.2119731309618
1436.0	11905.774475865264	-911.9036356131643
1437.0	11912.027551668265	-922.0025288096027
1438.0	11747.05615646905	-1234.62059096316
1439.0	11917.664784078981	-931.7350047977749
1440.0	11923.06568891162	-939.4667353020619
1441.0	11696.479205947393	-1268.09024275739
1442.0	11899.069842724806	-916.1539916368716
1443.0	11920.479933483866	-950.0173664503922
1444.0	11927.77769574229	-947.1365205442156
1445.0	11926.456726128928	-959.5910382556813
1446.0	11932.391680535113	-954.4281493845343
1447.0	11929.590555948505	-964.5729101622989
1448.0	11941.730834876531	-970.584248394142
1449.0	11935.237981850967	-985.0439806591318
1450.0	11937.38382489225	-962.0343830111318
1451.0	11746.025651654787	-1267.8422696864382
1452.0	11917.354285557325	-945.1008753778539
1453.0	11796.805465345931	-1234.6016319568819
1454.0	11947.642782678895	-979.4271027428646
1455.0	11953.810177049587	-987.9544375269155
1456.0	11942.417772428054	-986.6170598689865
1457.0	11957.037412648222	-1006.1292661519225
1458.0	11959.402730091975	-995.3493603567973
1459.0	11796.286761552552	-1268.3264481148483
1460.0	11953.807495513558	-1001.1794479625036
1461.0	11975.788083213303	-1012.6552236936532
1462.0	11964.269453629246	-1003.0724755120737
1463.0	11975.887975666847	-1018.9664012158306
1464.0	11969.513958823956	-1010.6483477618955
1465.0	11846.504342394246	-1267.7624966663086
1466.0	11991.573287718355	-1065.4307813219814
1467.0	11989.36245649537	-1038.5603316095003
1468.0	12025.674190789714	-1083.9124240274068
1469.0	12002.306868196576	-1050.5325989637815
1470.0	12031.895789666502	-1091.2707778782678
1471.0	12007.573156187847	-1058.9622462732034
1472.0	12037.570206967708	-1099.730081841891
1473.0	12007.280273170516	-1064.8527290241134
1474.0	12013.440846433821	-1073.6549210502653
1475.0	12057.443470589096	-1126.4894953404273
1476.0	12019.867933523483	-1082.3545092483207
1477.0	12023.131486918239	-1107.5429544308602
1478.0	12026.031667638883	-1089.6180577641237
1479.0	11895.973736020978	-1267.3409271509452
1480.0	12070.976320980633	-1144.1114648187886
1481.0	11999.693415394628	-1069.2959646324762
1482.0	12031.955737450122	-1097.454431675996
1483.0	12063.954861976496	-1134.873103339586
1484.0	12030.825539551777	-1119.0391840103646
1485.0	12043.20214685302	-1107.6965764647805
1486.0	12043.540268991283	-1113.3200243476124
1487.0	12050.654972782999	-1143.21397022161
1488.0	12042.559404123267	-1125.1238618767784
1489.0	12054.46479457542	-1122.263916513503
1490.0	11944.846218776156	-1267.1234431508153
1491.0	12092.487119101354	-1172.5092043897955
1492.0	12085.252385450198	-1162.655833306674
1493.0	12057.125147465507	-1131.6199507602632
1494.0	12064.652399348151	-1141.2274969564285
1495.0	11993.344362604119	-1270.3802258372161
1496.0	12065.756964796865	-1155.3248654551037
1497.0	12058.02632422493	-1145.8390036411377
1498.0	12114.430876163104	-1201.785106880173
1499.0	12072.712509585674	-1172.2651512175846
1500.0	12071.781947770054	-1150.7534240650893
1501.0	12100.058029470705	-1182.4788791614167
1502.0	12078.99936676056	-1160.0468493165724
1503.0	12087.712267453164	-1191.7993078178035
1504.0	12086.196735989957	-1169.65477066305
1505.0	12093.48913148554	-1179.6047327887034
1506.0	12101.060496988044	-1189.2810364707293
1507.0	12129.985407038	-1222.3816413245786
1508.0	12108.276917285193	-1199.0533134511916
1509.0	12103.363906187651	-1212.642372519668
1510.0	12037.401209215837	-1272.3110446286526
1511.0	12110.538978645724	-1214.2419504187721
1512.0	12039.38320884716	-1251.2112499541927
1513.0	12115.283024519762	-1208.1542307855434
1514.0	12114.705255589675	-1227.5995721928837
1515.0	12143.833842618624	-1239.7064970726096
1516.0	12126.964609917866	-1218.1832634971663
1517.0	12070.23977493795	-1275.332693365551
1518.0	12123.04366174566	-1231.5542463344361
1519.0	12129.84675344859	-1227.5792318521915
1520.0	12101.527686279602	-1267.5520927191628
1521.0	12137.566004598377	-1237.0600823234054
1522.0	12144.510268092956	-1246.8271341561824
1523.0	12135.73834903434	-1260.431343139125
1524.0	12097.337113106543	-1281.9761132203948
1525.0	12142.618786044264	-1262.4956268607366
1526.0	12131.192149253919	-1241.7341981150378
1527.0	12165.864884816898	-1268.0231555478938
1528.0	12151.309604604845	-1256.338797060934
1529.0	12153.891844106418	-1278.684690256129
1530.0	12159.066066688489	-1265.5345250257924
1531.0	12122.750569937225	-1290.3890919592566
1532.0	12161.17435361825	-1281.2783246071788
1533.0	12143.090566509114	-1269.409882197553
1534.0	12167.01701450852	-1275.3757631609703
1535.0	12145.818190888267	-1295.5701495886424
1536.0	12186.375231072629	-1294.6075484125013
1537.0	12174.486209907152	-1284.4293363967197
1538.0	12161.806613113278	-1309.0644249410664
1539.0	12173.593094255417	-1296.933065797184
1540.0	12162.5955677709	-1290.6761781010366
1541.0	12172.893719531154	-1305.7311712621176
1542.0	12180.786772044026	-1292.8823367495127
1543.0	12184.919633892554	-1312.9261352072838
1544.0	12186.530505762892	-1300.6698587752046
1545.0	12180.242672010025	-1307.7427525771498
1546.0	12186.877345250366	-1319.2492112426019
1547.0	12202.850407498541	-1315.3117965874674
1548.0	11767.708693651817	-695.9637733974838
1549.0	11776.177193573842	-685.1059939332627
1550.0	11279.49768517344	-896.2620346632048
1551.0	11775.255796086973	-710.4714830204581
1552.0	11802.831334526687	-733.6335139855897
1553.0	11807.815526889173	-759.5823647563187
1554.0	11809.392764449925	-745.5649410578808
1555.0	11552.235710236631	-697.6723895244759
1556.0	11404.40564021651	-813.4687306259797
1557.0	11610.223862187597	-715.9775849448403
1558.0	11489.76142947376	-744.8545875668369
1559.0	11835.661472798636	-850.618121020611
1560.0	11295.238829348338	-978.6396732091549
1561.0	11379.577983841516	-1175.3465046413767
1562.0	11362.067033060157	-987.317382632688
1563.0	11232.462343585526	-1059.6773848819073
1564.0	11789.542808937093	-726.4081444254347
1565.0	11796.610367763506	-723.3158323362095
1566.0	11790.391652658132	-712.0490783657575
1567.0	11643.392587795142	-618.2617800067497
1568.0	11599.303993951666	-663.0415003079628
1569.0	11634.538422227988	-637.5467908007364
1570.0	11774.752969668667	-698.2242547507194
1571.0	11761.225967333949	-683.7728218695933
1572.0	12155.572413975815	-1299.5096126976816
1573.0	12145.558835171527	-1284.1430806409473
1574.0	12020.751346281197	-1095.644198936069
1575.0	12012.957485998051	-1088.1542307463303
1576.0	11946.388794242846	-992.3509233882165
1577.0	11963.745395569744	-1016.171757326539
1578.0	11982.968407606799	-1043.0115728463934
1579.0	11905.67051472255	-926.1293609658072
1580.0	11934.630287857442	-975.4298863489712
1581.0	11918.140966182016	-976.2610877791454
1582.0	11886.974461102276	-895.462468421579
1583.0	11919.384300058673	-957.1850045643756
1584.0	11746.358268153928	-1149.3562814792494
1585.0	11863.13898652969	-857.081486064974
1586.0	11893.16986664416	-905.7799872764712
1587.0	11521.279870751148	-783.4782796716494
1588.0	11802.164609643549	-748.6545580121001
1589.0	11649.354040302276	-655.838874584127
1590.0	11745.714431463357	-644.201313358221
1591.0	11701.964649226325	-634.5542828709227
1592.0	11723.445818841405	-597.9841329033412
1593.0	11674.139167318464	-630.9860851646536
1594.0	11576.265409721125	-726.8084752666558
1595.0	11813.932787604854	-769.7516325453313
1596.0	11782.572653402649	-714.9408150769674
1597.0	11361.792941384449	-1064.465082039246
1598.0	11854.999501872799	-880.6539046201893
1599.0	11444.464848121512	-864.012068511062
1600.0	11647.627710581777	-1235.0157840128165
1601.0	11819.508605411298	-780.4889249506547
1602.0	11781.888756993658	-722.5911805982341
1603.0	11595.246202828033	-1230.0214591726035
1604.0	11507.588001118289	-837.321154553371
1605.0	12152.935686868283	-1270.293498287819
1606.0	12126.322242594179	-1279.0492268441164
1607.0	12137.71799410723	-1277.9864884170759
1608.0	12116.83022124507	-1267.8823052771688
1609.0	12138.229071819756	-1251.7745894790125
1610.0	12115.561459506576	-1246.3712768124017
1611.0	12120.708158290714	-1253.1599067553216
1612.0	12131.178791000964	-1249.3280681870722
1613.0	12073.356667537353	-1257.7186234945432
1614.0	12123.1566834061	-1260.7662359644826
1615.0	12123.558974500598	-1239.3034383661804
1616.0	12107.243759813568	-1243.0384747615553
1617.0	12090.042131112417	-1255.744499925219
1618.0	12094.992957171225	-1193.8965072031867
1619.0	12114.954265151164	-1220.117540676262
1620.0	12095.920731647633	-1218.3622762020732
1621.0	12094.578441269494	-1245.1355812232177
1622.0	12079.924449474374	-1174.3738494447705
1623.0	12076.712024618078	-1229.4438845151744
1624.0	12101.953993183777	-1203.8228594574575
1625.0	12095.116889147348	-1201.4806062773193
1626.0	12061.955071058788	-1232.44407244785
1627.0	12041.904211915824	-1186.0517608052153
1628.0	12087.21090928482	-1184.3096907126328
1629.0	12059.299971081162	-1199.049106679781
1630.0	12079.93661038505	-1181.9332410954455
1631.0	12072.731777411616	-1164.9370884457628
1632.0	11996.340641271128	-1245.776536061537
1633.0	12059.079950027752	-1245.5378161692352
1634.0	12080.382728014773	-1197.7694127403386
1635.0	12050.623889903582	-1161.016542504455
1636.0	12065.668715581463	-1162.8015563113015
1637.0	12042.172868670013	-1132.269536223322
1638.0	12058.325262884218	-1153.2944128935123
1639.0	12020.473946410755	-1238.3944259663804
1640.0	12055.573543261431	-1167.3330493429942
1641.0	11947.26339925477	-1237.784497736356
1642.0	12041.397739441316	-1148.1332278529146
1643.0	12050.451333395235	-1135.3493109575782
1644.0	11980.792192344583	-1205.6908856294267
1645.0	11997.32305613521	-1102.027916387727
1646.0	12030.344765085276	-1110.6454576717654
1647.0	11974.045127697618	-1227.9062880578415
1648.0	12023.013827783196	-1126.2954029946752
1649.0	11846.609645218787	-1234.817133147261
1650.0	11970.44138415748	-1185.226173545437
1651.0	12024.723783673879	-1100.638396739534
1652.0	12013.483421906598	-1095.7382866973614
1653.0	11992.012277850708	-1084.0914637411079
1654.0	11990.025109502203	-1053.0344324721318
1655.0	12007.142261778528	-1078.1496507912682
1656.0	11996.778196162255	-1091.1201213976856
1657.0	11999.340743644454	-1076.026447028508
1658.0	11993.701681988736	-1058.8541156303381
1659.0	11927.953558277999	-992.6680653617683
1660.0	11923.63357171077	-1219.966394379575
1661.0	11981.815606147358	-1069.1506780601212
1662.0	11971.185167824098	-1062.5086239598993
1663.0	11975.483926119858	-1032.622273005222
1664.0	11956.39488891997	-1013.6751547397944
1665.0	11872.644998985132	-1217.2905469687357
1666.0	11947.627715634504	-1017.6049894707254
1667.0	11697.525679819475	-1234.8169005091647
1668.0	11946.401226648297	-1000.0005157929014
1669.0	11822.400842184828	-1215.901117257028
1670.0	11938.164597057586	-1036.1665334929792
1671.0	11927.562333644273	-971.6956519101901
1672.0	11772.296118100987	-1215.605925774782
1673.0	11864.204463467142	-884.3271111556454
1674.0	11911.353981027167	-961.7286538843297
1675.0	11910.474318705215	-944.1644595082356
1676.0	11891.274594301658	-929.6446248795291
1677.0	11904.568122690764	-933.7666441506359
1678.0	11895.0850996457	-936.6502855125776
1679.0	11898.65323465653	-923.3559799924169
1680.0	11483.14361446917	-966.5234627850459
1681.0	11722.463050004006	-1215.6194391625359
1682.0	11882.695172636633	-926.7859984242781
1683.0	11892.310634136296	-913.193801529229
1684.0	11872.140104974193	-880.0964701708726
1685.0	11886.451707534716	-902.8147092579753
1686.0	11871.64114081506	-897.8780364332221
1687.0	11879.861441615938	-892.1431672014442
1688.0	11660.58564877273	-1171.7510051314778
1689.0	11672.880448106242	-1216.2630034445701
1690.0	11846.746776250458	-827.0255523741229
1691.0	11862.689217903831	-864.9334273620971
1692.0	11459.239770481103	-1182.9206444777271
1693.0	11595.643436579654	-1134.6320031487685
1694.0	11537.788586875531	-1231.8042428519427
1695.0	11621.48722989014	-1212.7009299815684
1696.0	11836.26135935064	-810.0503089699729
1697.0	11852.837921443153	-838.8952677197727
1698.0	11836.193690159213	-818.6415101440465
1699.0	11825.460178580286	-792.2458271355008
1700.0	11631.269820489726	-770.2919573872636
1701.0	11818.644998449667	-788.8157782593607
1702.0	11504.114151883048	-1113.1542386250428
1703.0	11566.729352328344	-1210.4959193431212
1704.0	11812.87150493785	-777.1779175074922
1705.0	11802.710582847365	-779.7625451159929
1706.0	11807.004361861618	-766.8409065516893
1707.0	11566.563559717113	-767.5263520385342
1708.0	11772.39537401194	-728.1836357981992
1709.0	11809.29216268418	-793.4211651926738
1710.0	11798.756495348243	-772.9321009514351
1711.0	11643.894306070033	-678.5630036508004
1712.0	11765.912995471073	-714.4334117249673
1713.0	11633.719106928305	-734.9449854527653
1714.0	11728.189932984023	-642.1671110073779
1715.0	11757.154901468157	-710.5611566954667
1716.0	11768.64184507502	-688.418944037306
1717.0	11751.105188217596	-687.1093433458755
1718.0	11763.333785707107	-677.4242264749477
1719.0	11416.478093035532	-1131.494774019168
1720.0	11498.440777543778	-1188.2987738909858
1721.0	11562.56366310323	-1159.1345432373994
1722.0	11458.118832856788	-1140.5418146109562
1723.0	11742.078267041763	-682.4563133962844
1724.0	11738.92948673565	-640.7407089955886
1725.0	11752.815773367867	-668.652924900715
1726.0	11748.943016120751	-649.9768147348017
1727.0	11713.410292357572	-611.3246851010845
1728.0	11669.765893164928	-649.8862928240378
1729.0	11735.63667157988	-658.8982748493812
1730.0	11690.324272292914	-625.475015652842
1731.0	11722.293157899832	-605.2611756889086
1732.0	11731.620475659758	-626.5751797392537
1733.0	11723.547548586548	-633.5169034331866
1734.0	11705.353045068985	-606.7677084054291
1735.0	11716.379191822043	-618.5545308765844
1736.0	11729.041371480498	-608.5925980405578
1737.0	11982.890391588364	-1050.8428412035416
1738.0	11967.064361850915	-1028.4229297367644
1739.0	11967.418663160204	-1046.270986217872
1740.0	11975.538906260525	-1040.089315837003
1741.0	11789.299927308019	-734.3661649944783
1742.0	11791.767707919447	-761.0719390353406
1743.0	11800.93339934858	-756.3255176779372
1744.0	11795.611885309045	-745.2760758834829
1745.0	11785.795405053717	-749.1435762778165
1746.0	11845.725700103556	-834.6727259945619
1747.0	11845.255198660763	-855.2261143036018
1748.0	11714.091240923895	-628.4394677157494
1749.0	11684.209102028944	-660.4952580093413
1750.0	11901.525692991907	-949.7491089352916
1751.0	12013.122687155626	-1111.6079021324003
1752.0	11958.383264048774	-1032.8675181423562
1753.0	12106.902868651609	-1232.0159621737814
1754.0	12087.736052278546	-1234.4492884990912
1755.0	11762.35311167306	-747.806294424794
1756.0	11700.222753115891	-650.674317568038
1757.0	12007.447059536673	-1104.7974322023667
1758.0	12035.612889334327	-1140.6271668033467
1759.0	11940.863970497498	-1008.8801687132515
1760.0	11972.4697905531	-1053.7290276064844
1761.0	11958.682585217399	-1043.2485317916828
1762.0	11743.614129219766	-673.0658708477434
1763.0	11725.427349916237	-651.529749868126
1764.0	11728.65112356627	-686.4525773759942
1765.0	11471.827870448646	-1030.4769498970443
1766.0	11528.93775115426	-1147.765762580905
1767.0	11549.611102230192	-867.9614214137509
1768.0	11723.159044813838	-676.757294572432
1769.0	11733.955827076768	-668.2885839833494
1770.0	11772.98002841815	-766.5438154393183
1771.0	11662.919260313176	-693.8296617234555
1772.0	11818.171606677555	-808.8457787031263
1773.0	11783.182437959089	-757.268479763837
1774.0	11790.401968946671	-770.419980513468
1775.0	11799.994847555326	-787.6789394924684
1776.0	11828.86745304198	-824.1008952853208
1777.0	11808.261301817227	-803.744946338346
1778.0	11797.864490526857	-826.163126442522
1779.0	11836.547667453759	-839.7004494786657
1780.0	11818.96921794483	-819.5185556445304
1781.0	11809.776040439829	-829.5417037692708
1782.0	11828.152715853377	-835.0646095440092
1783.0	11720.318381581948	-1172.0879851095003
1784.0	11626.050152866874	-1168.6728500634551
1785.0	11574.68424608902	-1035.20721757155
1786.0	11879.38944029375	-946.6907001557998
1787.0	11871.740431500986	-909.0019885327474
1788.0	11722.583040895537	-1078.1551007776209
1789.0	11883.314604402995	-917.537163429523
1790.0	11879.4379787343	-910.6193601373658
1791.0	11683.086212063909	-1146.7734481430368
1792.0	11825.132557157152	-1176.266167164936
1793.0	11607.092507506275	-1078.1572690877608
1794.0	11773.74289820792	-1173.8730703439069
1795.0	11945.564050703862	-1047.198232340602
1796.0	11750.68773905548	-1104.565997186223
1797.0	11800.98396042519	-1153.2338264339148
1798.0	11958.400835165778	-1067.0643373865175
1799.0	11891.091519847228	-966.1056304281683
1800.0	11852.463156066247	-1159.3468641686013
1801.0	11926.707481694762	-1190.1635602351155
1802.0	11872.552884974255	-1064.5343453798753
1803.0	11982.607268029888	-1081.0808780832158
1804.0	11972.724423544014	-1088.5168999993577
1805.0	11988.587074564108	-1109.026826372349
1806.0	11907.356415906563	-1143.1832563651121
1807.0	11902.72529830146	-1170.0177217702112
1808.0	11950.124422730056	-1176.9782457857134
1809.0	12025.742010886666	-1138.7138064517985
1810.0	12030.83929310266	-1166.8787315142206
1811.0	12001.44025783071	-1129.6735371980587
1812.0	12023.35473430506	-1218.482796575691
1813.0	12064.674313738944	-1178.9052530874942
1814.0	12041.06771790261	-1158.4803908833849
1815.0	12005.968493812397	-1203.6495042424328
1816.0	12069.592436399449	-1185.3127929711536
1817.0	12012.435525121662	-1188.2272735341903
1818.0	12054.598409244856	-1176.1086833473648
1819.0	12069.537195860825	-1193.659347510876
1820.0	12039.680741652968	-1212.7760311277168
1821.0	12085.325616959011	-1204.3644300428732
1822.0	12084.719546455424	-1212.4265869054168
1823.0	12097.22302170373	-1227.5922677667616
1824.0	12074.997808851049	-1216.6511744861884
1825.0	12062.571479178436	-1210.7880013438528
1826.0	11519.177483772894	-1059.3758234834822
1827.0	11824.663815437141	-858.5397516617977
1828.0	11598.07272574501	-792.0424336512169
1829.0	11542.9179292688	-927.0686602282276
1830.0	11778.332802031262	-775.8426283129647
1831.0	11681.021400475947	-1097.630848104184
1832.0	11677.122364320681	-1013.1055429193226
1833.0	11632.710556790176	-854.9858227115456
1834.0	11594.81213789095	-838.6346281447119
1835.0	11680.672201610127	-731.6739342891373
1836.0	11772.43966674635	-739.5496400918988
1837.0	11712.36134953348	-657.7202190209622
1838.0	11736.650228326393	-702.9572039076011
1839.0	11711.77388893419	-673.5574545912999
1840.0	11660.195041248395	-719.7959995968116
1841.0	11749.3169290191	-696.9727561287915
1842.0	11750.628649326152	-728.1709478416038
1843.0	11763.736469805031	-724.4951989814417
1844.0	11718.947019658173	-726.482983686327
1845.0	11758.504556712249	-701.1810640126872
1846.0	11845.06038910857	-866.4692431528462
1847.0	11850.25302842117	-910.769690254631
1848.0	11863.758048753967	-894.4884427977364
1849.0	11638.044492073968	-897.7287845160045
1850.0	11854.548998971442	-870.6401377897497
1851.0	11892.27732280903	-944.8563445042673
1852.0	11917.924496822212	-987.619406920563
1853.0	11901.376290792015	-958.0744613412529
1854.0	11806.768231858607	-1113.1956125095523
1855.0	11896.878255844398	-974.9847798492234
1856.0	11909.975238356315	-971.5135386126021
1857.0	11947.992710713506	-1027.6442627070664
1858.0	11931.223285956265	-1006.0469686512266
1859.0	11859.102740108669	-1124.4798552832272
1860.0	12018.247244809376	-1162.5419523642875
1861.0	12012.524253554084	-1121.9666243576164
1862.0	11873.617795465396	-935.6260147088591
1863.0	11906.876900105171	-994.0954389860023
1864.0	11861.397171319108	-917.226861354787
1865.0	12044.198233561901	-1197.603621103035
1866.0	12052.514212982373	-1220.060098436832
1867.0	11593.45290021335	-940.4848287636474
1868.0	11698.248393897096	-687.73079297112
1869.0	11745.995511491115	-718.8462695449816
1870.0	11737.736708652172	-747.9058596288978
1871.0	11725.0113440494	-697.0900551043948
1872.0	11815.570187984284	-839.6539684539694
1873.0	11834.586494296856	-875.9490597628507
1874.0	11659.162804814418	-783.8796236542257
1875.0	11663.864128968926	-821.9812944850128
1876.0	11749.20099845977	-740.1160389912566
1877.0	11787.989199249996	-792.5762406013158
1878.0	11988.10671089581	-1169.1503743054043
1879.0	12029.858367854924	-1182.6453444946176
1880.0	11932.098064639695	-1137.9903403088356
1881.0	12002.459163466141	-1143.7335433280368
1882.0	11896.826993607741	-1097.8749147801136
1883.0	11964.613823674017	-1114.3221552381692
1884.0	11946.680034372592	-1089.2794912182944
1885.0	11840.422420707124	-1024.9069046838122
1886.0	11887.037496507792	-1119.7537537916949
1887.0	11837.556412632986	-1101.3609443551995
1888.0	11846.644112388667	-940.3902163365898
1889.0	11923.054799792562	-1014.8702314091806
1890.0	11893.996386953062	-986.208361081206
1891.0	11845.834136879306	-1072.3328272062324
1892.0	11652.002971978882	-1062.5531337093162
1893.0	11830.088147510758	-1003.5771104622514
1894.0	11783.856640542886	-1089.044572126518
1895.0	11692.285434031399	-941.2594702581804
1896.0	11852.713196541956	-899.1552237971058
1897.0	11782.71374442269	-852.318812246101
1898.0	11763.028261664813	-797.2472224380193
1899.0	11835.873908702071	-889.4241358323634
1900.0	11743.900699116193	-828.6564338278289
1901.0	11797.147363171529	-811.0391459530014
1902.0	11692.342763065846	-829.0427093019116
1903.0	11786.172575733151	-805.6126659161764
1904.0	11705.047393471606	-763.4421914052012
1905.0	11763.038463620302	-762.9459825223724
1906.0	11776.398225829687	-786.7969450293525
1907.0	11705.993770259875	-701.5681106806527
1908.0	11682.089251614727	-760.4105864120532
1909.0	11748.66057646382	-774.411695640208
1910.0	11770.048308716132	-810.3563535555259
1911.0	11929.382694883534	-1083.8843172367924
1912.0	11943.933908390436	-1058.5522010297002
1913.0	11908.73747539726	-1007.9673601851615
1914.0	11812.967482223177	-852.2114390298126
1915.0	11830.710597866911	-931.8807266039821
1916.0	11970.71136508767	-1143.5250250907113
1917.0	12004.924550392177	-1174.1928556811515
1918.0	11734.678466042504	-715.4506246410116
1919.0	11701.901208152538	-718.4676185291743
1920.0	11959.148429003166	-1081.1424134028814
1921.0	11975.045306656919	-1102.5331282473762
1922.0	11794.937146797218	-1053.757948465495
1923.0	11878.353039531838	-959.6146336737396
1924.0	11861.863652593871	-931.2760619034094
1925.0	11720.676154972642	-742.720904439438
1926.0	11748.116665354188	-793.181731010946
1927.0	11783.259889409857	-835.0474130853205
1928.0	11715.203339436785	-779.1138048009216
1929.0	11766.418495037507	-824.6671202351494
1930.0	11734.13951225695	-1040.5654111388492
1931.0	11810.904119542081	-885.8041391054982
1932.0	11798.654843195292	-860.7481271126677
1933.0	11709.224614809393	-855.5070486959576
1934.0	11865.982092058885	-965.2582006132931
1935.0	11781.324409315823	-893.6560969240594
1936.0	11896.91302554631	-1016.9709959078949
1937.0	11877.498902835041	-993.8317170318775
1938.0	11826.126462359258	-1048.880871699562
1939.0	11927.384162738768	-1067.2351030645623
1940.0	11877.769200126233	-1042.6437923903625
1941.0	11918.856498814137	-1099.7923279612503
1942.0	11949.824545930538	-1108.4430048055638
1943.0	11732.618916484187	-810.2801757211322
1944.0	11736.510934708984	-767.0618281802708
1945.0	11761.990517631326	-861.6848000398883
1946.0	11711.855232321623	-803.5621169710448
1947.0	11604.917049819298	-982.8240804382816
1948.0	11773.32471667123	-1031.689683886428
1949.0	11811.397820011902	-969.541576672737
1950.0	11878.554966136202	-1010.7224306594071
1951.0	11848.110199302091	-956.1822358198345
1952.0	11846.798306415136	-889.9580860527985
1953.0	11812.154824231207	-903.862485873878
1954.0	11989.74117413008	-1123.635122900251
1955.0	11897.462981455537	-1034.5499142715955
1956.0	11926.045007851264	-1031.0326191303332
1957.0	12016.271342292986	-1148.4450339447176
1958.0	11987.617226486167	-1152.7879803718595
1959.0	11823.783646487558	-872.6275615547929
1960.0	11826.321765581897	-904.1609843926854
1961.0	11950.88388806989	-1151.6394912645326
1962.0	11973.854218367016	-1128.432173749081
1963.0	11933.80865044732	-1116.478250916555
1964.0	11662.444703578352	-976.3265411644988
1965.0	11679.349372132967	-905.00096528432
1966.0	11834.78599517418	-916.3094010706458
1967.0	11740.018866697175	-848.4027144717875
1968.0	11797.471649463783	-880.2530172953581
1969.0	11796.246608257448	-921.6710816850378
1970.0	11709.576693800365	-882.4902374418452
1971.0	11761.78437625597	-883.5171945351564
1972.0	11865.34641037915	-1026.4683072009695
1973.0	11910.959446182847	-1060.6741399537234
1974.0	11834.423981772727	-968.3128961262477
1975.0	11863.96586964508	-984.3762117740122
1976.0	11717.697264179156	-1010.5935676754185
1977.0	11734.926037883213	-942.2197264600212
1978.0	11806.338152300872	-937.5409057371817
1979.0	11912.277639365187	-1041.7086662700149
1980.0	11890.92847312122	-1075.405940944817
1981.0	11740.164804312792	-897.2182977129432
1982.0	11756.88223464957	-963.238861800069
1983.0	11781.163393039535	-1002.8399058675568
1984.0	11778.848663420364	-917.0158145453594
1985.0	11752.57808649721	-920.6892817572589
1986.0	11844.704418685435	-986.7659325117347
1987.0	11748.472578007284	-986.1353430189702
1988.0	11805.40178639783	-993.9468525765678
1989.0	11795.569083295894	-955.5381487448249
