1.0	11509.856758033771	-5.632076429692941
2.0	11515.507250060647	-2.902428393550508
3.0	11520.733544314577	-13.385084461212196
4.0	11522.666815497394	-38.57609675941808
5.0	11535.863774998665	-10.672508001225651
6.0	11529.925969922537	-57.493680333856275
7.0	11554.8657065406	-13.758122927555329
8.0	11538.052887722704	-75.92138694580933
9.0	11547.767214237625	-69.0272566172401
10.0	11550.24326471803	-103.562946711158
11.0	11555.380340693913	-106.80019310190055
12.0	11613.456568701711	-21.699617082813347
13.0	11562.433641720278	-131.2045064588848
14.0	11567.570763277841	-134.44179593662477
15.0	11571.838229489089	-124.76904391965945
16.0	11575.697711707491	-152.86953125637447
17.0	11656.08984385724	-27.491192070832767
18.0	11582.75093689678	-177.27377255717064
19.0	11587.888133764349	-180.51113425527828
20.0	11591.951602960396	-189.7250039868609
21.0	11590.773991020358	-167.73014214914534
22.0	11600.078534797894	-208.15274666994546
23.0	11711.82219316287	-34.659708439256065
24.0	11608.20546669157	-226.58048894094622
25.0	11612.233071399105	-235.80615089702118
26.0	11616.329103922786	-244.99685838419703
27.0	11620.428430844951	-254.1989390771721
28.0	11615.626739359315	-222.9800093835535
29.0	11628.522796474424	-272.64984534935724
30.0	11632.586262537698	-281.8637165945427
31.0	11636.649728451472	-291.07758771958277
32.0	11785.075983420698	-45.23865157118902
33.0	11644.776508242794	-309.50539729360884
34.0	11648.839811574151	-318.7193401678589
35.0	11652.903256204518	-327.9332208135841
36.0	11656.966700825864	-337.14710145777383
37.0	11661.030145451803	-346.360982084276
38.0	11651.64151758703	-305.7718635797913
39.0	11669.157034644553	-364.78874340163117
40.0	11673.220479471958	-374.00262394742595
41.0	11879.262713333183	-59.11108653152527
42.0	11692.463942254428	-426.04798120923033
43.0	11704.654275037474	-453.6895602815295
44.0	11709.79148182156	-456.9275492106123
45.0	11717.918371637046	-475.355310394616
46.0	11726.04526123935	-493.78307144862765
47.0	11730.108706044237	-502.9969521757126
48.0	11734.172150598579	-512.2108330986615
49.0	11973.332478325217	-528.9933593418108
50.0	11740.510292909888	-536.6083223014451
51.0	11743.823988707343	-545.7548107870125
52.0	11505.050188079947	-2.729648036142434
53.0	11513.24031366484	-20.841046452251955
54.0	11517.735592973526	-29.85212067661334
55.0	11526.009156442293	-48.17553883620814
56.0	11533.989428828369	-66.70753362347038
57.0	11546.179805819209	-94.3490933871189
58.0	11558.370182742447	-121.99065324404567
59.0	11578.68747771534	-168.05991943162448
60.0	11603.068214616784	-223.34304647469045
61.0	11639.639308488991	-306.26774211950857
62.0	11680.273609456557	-398.4064020309932
63.0	11737.316406678037	-527.4987185234223
64.0	12132.133675953284	-514.0212094347524
65.0	12387.638787249525	-494.67588232300096
66.0	12468.376285980281	-438.84888721036015
67.0	12965.065497094021	-481.83622050073467
68.0	13065.481591003509	-414.3162437809367
69.0	13571.85491367835	-483.20107491919725
70.0	13969.809430973988	-489.2192045515996
71.0	14363.70747464377	-487.5849265756844
72.0	14462.318068538203	-413.25739798350634
73.0	14964.784159410818	-488.94774353057795
74.0	15369.195326000001	-494.3533879998167
75.0	15763.075938100601	-492.8531861019066
76.0	15862.57661230675	-421.3554338762686
77.0	16363.71702511493	-491.1812692175011
78.0	16770.015440268613	-499.568483998363
79.0	25354.363474247166	-519.6088067985437
80.0	25947.26772493772	-529.3737053861232
81.0	26076.41109988659	-112.67262550666783
82.0	26041.68811750496	-440.2614657710562
83.0	26663.076954885928	-520.3038352421416
84.0	27144.245783920807	-407.2387607688977
85.0	27631.542178847663	-408.5365139031701
86.0	28803.373125353613	-411.9158451825824
87.0	29449.180753821827	-413.8626329416032
88.0	30096.206679847044	-415.81465095571656
89.0	30742.051769970753	-417.7615995408125
90.0	31348.818392860445	-209.36772552084793
91.0	31580.95405980502	-419.7116397640527
92.0	32227.75385478334	-421.66268697833726
93.0	32876.256818904214	-423.6210460426949
94.0	33528.967281310834	-425.5974682552622
95.0	36337.5537452832	-433.5263722136158
96.0	44578.14429922926	-457.34385785879994
97.0	44807.66294397874	-229.16460046666668
98.0	38880.60463114666	-220.23362171934647
99.0	28518.469226098605	-205.47398917673124
100.0	20183.84072122094	-90.63581279679784
101.0	26449.64450356802	-114.18246598502931
102.0	26299.0520148458	-429.2380476071976
103.0	26906.840394896484	-203.31977545789118
104.0	27394.239549917464	-203.9189853110065
105.0	27934.297418551054	-204.6175285921636
106.0	28186.090518497527	-410.09151776889485
107.0	34418.436077020764	-214.28866197251935
108.0	34803.110189063234	-214.28866197251935
109.0	29128.59119347086	-206.44185600585124
110.0	35418.57617611953	-215.2794711329327
111.0	29741.28802263054	-207.420776935752
112.0	36033.45926661007	-216.26777786878333
113.0	30352.628287559797	-208.3938740199645
114.0	37264.874722203596	-218.25147181675325
115.0	30964.144280817967	-209.36772552084793
116.0	37880.355680147004	-219.24234524845903
117.0	31960.878801479015	-210.34391424320472
118.0	38265.02979218948	-219.24234524845903
119.0	32572.629355902493	-211.31877273513257
120.0	33186.3929336636	-212.30227330756236
121.0	33802.35098637284	-213.2951949476998
122.0	39496.67592151379	-221.22702949838614
123.0	34183.99925660428	-427.5838569202192
124.0	35030.87622226601	-429.56813310545203
125.0	40112.76101216171	-222.2204965232057
126.0	35684.214131749126	-431.547249001716
127.0	40728.674642009406	-223.21322745221804
128.0	36648.92695771732	-217.25859434483246
129.0	36991.95803281301	-435.5100661615857
130.0	41344.57429568076	-224.20589838031603
131.0	37646.37558717897	-437.49381706521234
132.0	41729.24840772324	-224.20589838031603
133.0	38492.75727203707	-439.4759669678055
134.0	39147.39223329767	-441.4606512177326
135.0	42345.330461871315	-225.19935236918332
136.0	39802.53744624901	-443.4475260215918
137.0	40457.5249986809	-445.4337239754238
138.0	42961.41555251924	-226.19281939400287
139.0	41112.32711413623	-447.41912583253406
140.0	43577.45806674058	-227.1861036345997
141.0	41959.63470991319	-449.4052507494994
142.0	42614.79068664547	-451.39217176318624
143.0	44193.470187186766	-228.1792573921332
144.0	43269.90712345102	-453.3789230286025
145.0	43924.950590054825	-455.3653610267329
146.0	11720.908052262275	-490.54499921786186
147.0	11712.781163718493	-472.1172798067135
148.0	11746.905720981797	-543.031771126506
149.0	11700.590830718858	-444.4757007275923
150.0	11757.335773593748	-541.9251888431169
151.0	11696.527386627344	-435.2618408751614
152.0	11768.589224762161	-540.1402206412671
153.0	11688.40049797229	-416.8341214560944
154.0	11783.158920705891	-537.5825362524753
155.0	17340.282964773498	-97.80400192748009
156.0	11684.337053690391	-407.62026170274993
157.0	11801.815863450516	-534.7942070668664
158.0	11676.210421337159	-389.1924292225414
159.0	11825.09156494235	-531.4178102547953
160.0	11917.505631503516	-532.7987342783659
161.0	12074.865510952563	-44.74744019761905
162.0	12003.347346837485	-504.16710493551665
163.0	17710.8314833839	-98.83392395775688
164.0	12253.659047688285	-65.72795715119234
165.0	12178.070165700243	-464.90630059270705
166.0	18053.034520256282	-107.84850594521413
167.0	12482.560468769285	-68.27418362322108
168.0	12770.163721647355	-93.78987707898341
169.0	18392.000781280294	-99.96912515852212
170.0	12658.480459721928	-405.23376923203637
171.0	13133.30547339979	-116.62380964803258
172.0	18760.452717140724	-92.2678073222293
173.0	13534.443061815227	-223.17335735879897
174.0	19130.523881000863	-100.2953561758962
175.0	13270.409300769286	-411.47006209551256
176.0	13809.43315588319	-95.54164721669561
177.0	19471.599660518503	-108.72714400302841
178.0	13681.418633891322	-393.7847321332668
179.0	14166.61034569522	-88.78583811753197
180.0	19811.59335589699	-100.57439237653792
181.0	14070.063302456363	-392.50425024330843
182.0	14531.753594161995	-111.71606625684217
183.0	14900.345437545133	-114.96074535134782
184.0	14663.006629903304	-413.4439308864242
185.0	15209.971169494807	-96.682909484293
186.0	20542.06654265398	-90.50083078207051
187.0	15073.896475330015	-398.77285453105515
188.0	15569.411327661328	-89.421864095338
189.0	15470.73756998744	-396.3746511881418
190.0	15935.1452748054	-116.44565110457188
191.0	20918.334030437876	-101.33862837981724
192.0	16304.318784344083	-113.3946540758916
193.0	16063.241526893595	-422.86705740746874
194.0	16618.075230952993	-97.76498327741622
195.0	21263.675467127465	-110.13177299347929
196.0	16474.971943451685	-400.1886455299118
197.0	16981.022832312967	-89.72841715998463
198.0	16875.673528265146	-399.996491770145
199.0	17162.46986511908	-501.3632175633304
200.0	21605.97157439982	-101.9361588922499
201.0	17358.350961779044	-478.3046291850749
202.0	17453.457303828178	-409.0845377171955
203.0	17756.8745929922	-480.4201560617458
204.0	21980.56321839668	-91.59929402537576
205.0	17888.22257701154	-397.61124656076476
206.0	18127.27981694577	-490.52034289559714
207.0	18362.82853363678	-483.1837645321022
208.0	18464.524860687186	-414.5985722949719
209.0	22344.21619241106	-92.79508437314507
210.0	18761.5783772514	-476.5680515422035
211.0	18859.67059700629	-407.4349606211269
212.0	19161.130249780075	-485.68120524226447
213.0	22727.392431651213	-84.25176451085524
214.0	19297.19946816997	-401.85112531790804
215.0	19530.985293535712	-495.1985979157908
216.0	19636.5209316179	-402.6729639417468
217.0	19920.787911324114	-223.5765213949368
218.0	23083.350746535172	-104.78589513221475
219.0	20168.41363928319	-478.73567397915144
220.0	20268.71191894636	-411.1803494010248
221.0	20554.52563912523	-479.6862968108182
222.0	20649.14435910642	-409.1378325173385
223.0	23440.400846772707	-105.52618028351087
224.0	20956.830005413052	-491.609699254959
225.0	21091.378083193584	-406.7416374166667
226.0	21328.158178636975	-501.48844871501524
227.0	23801.477690451848	-85.69898151354573
228.0	21432.60717763855	-407.8819703522965
229.0	21669.159008836523	-423.531203754664
230.0	21966.145597471153	-484.58437701650286
231.0	22066.414283069407	-417.0183631513939
232.0	24189.31798558022	-93.22347248164199
233.0	22353.59789870615	-486.8657722106663
234.0	22453.863726385942	-418.5220002845693
235.0	22694.1954497332	-475.54651916031986
236.0	22793.784513799026	-544.7044947212124
237.0	24567.20073826844	-97.5296985828827
238.0	23136.503041061438	-501.0277926625242
239.0	23259.45627597315	-408.56872478667964
240.0	23514.76365302005	-454.46860343571916
241.0	24938.910350584338	-94.77451353943616
242.0	23591.665309853965	-547.7418749463594
243.0	23824.415655871475	-479.7873687691019
244.0	24167.140207265973	-492.17938212793666
245.0	24269.770298742475	-421.9849914533249
246.0	25322.72693428211	-117.39608261306664
247.0	24561.105510876747	-497.57121307557145
248.0	24659.320640927068	-427.9166735026309
249.0	24950.724972012507	-495.901632878519
250.0	25047.310830066304	-422.4538352244978
251.0	25688.5936095494	-102.51651222278694
252.0	25450.326417054515	-448.1878283075832
253.0	25742.382158366483	-505.814841254658
254.0	11528.860758473927	-4.31366569121019
255.0	11509.429476350351	-11.432464653227568
256.0	11521.679170224821	-7.216094084760698
257.0	11532.330613851971	-27.015269822057842
258.0	11562.01029546964	-36.032812221778535
259.0	11518.377253183333	-24.07816357206758
260.0	11545.143073139661	-6.358842310015461
261.0	11537.180882396016	-39.2214684650462
262.0	11527.950430867246	-41.708954266440145
263.0	11597.49347292376	-9.47590200201133
264.0	11568.282611548197	-7.399280617539868
265.0	11542.11634682957	-85.13524016917563
266.0	11535.062970061059	-60.730854855752
267.0	11584.682320812086	-59.97144159581512
268.0	11543.189918245022	-79.15859024102193
269.0	11580.931537362349	-16.875182619551197
270.0	11550.476207160556	-75.16984464801983
271.0	11558.304257593607	-93.94530269572472
272.0	11547.253392532824	-88.37245779613743
273.0	11609.070734725408	-41.14249088780343
274.0	11554.306723709247	-112.77679992328801
275.0	11570.560559747048	-149.63221300680925
276.0	11634.773650421206	-12.223715080802018
277.0	11563.679871300206	-106.35491981097584
278.0	11559.44381490963	-116.01406074859388
279.0	11651.430447454923	-52.06505329747597
280.0	11566.497100717033	-140.41835966886842
281.0	11571.634237495906	-143.65566359835512
282.0	11574.624018737324	-158.8460662130819
283.0	11594.941304731088	-204.91533654005534
284.0	11683.452876298259	-15.26747699003075
285.0	11579.95460946105	-143.2033086877394
286.0	11579.761185867079	-162.08339879499565
287.0	11598.934238310625	-186.13484125127675
288.0	11586.814395070556	-186.48762632020706
289.0	11706.820144308971	-65.98210675217706
290.0	11590.877849901532	-195.70148117494762
291.0	11596.015068812223	-198.93887532051485
292.0	11599.004759695907	-214.12919141057236
293.0	11747.078892574915	-19.392231449225317
294.0	11623.385488856227	-269.4123218854213
295.0	11604.490353659394	-198.47913888502566
296.0	11629.791872357642	-243.75491073859544
297.0	11607.131669321292	-232.55690151932617
298.0	11611.159263133026	-241.78254731695975
299.0	11615.291145653675	-250.96144789269636
300.0	11778.913533379326	-84.72096310122772
301.0	11619.322033863893	-260.1984668961291
302.0	11643.040185619158	-274.7775945563214
303.0	11624.459330238802	-263.4359741837029
304.0	11627.448943908217	-278.6261769479775
305.0	11643.567980045045	-287.54088505661156
306.0	11631.512398728206	-287.8400320168009
307.0	11635.575853630695	-297.05388695921175
308.0	11830.133721827026	-25.8464201219637
309.0	11664.019832429278	-361.55096300027725
310.0	11630.832278282962	-257.5707999812803
311.0	11643.70261127864	-315.4816642029187
312.0	11659.703659635037	-323.4483447697833
313.0	11647.766055629052	-324.695523879953
314.0	11651.829499717707	-333.909383734838
315.0	11655.892944059102	-343.1232434103367
316.0	11659.95638815235	-352.33710324753423
317.0	11921.061115861477	-154.40869900513403
318.0	11665.093590013275	-355.5748627880221
319.0	11681.275872720134	-362.19968833116826
320.0	11873.654587675437	-536.3778895063548
321.0	11668.083276592333	-370.7648227473376
322.0	11680.489659978082	-371.1774371141825
323.0	11672.146721065385	-379.9786824322662
324.0	11936.614502374034	-33.26466640956156
325.0	11672.37148690452	-352.9061948338276
326.0	11701.664592499517	-438.4997881672162
327.0	11708.71771924817	-462.9034201370088
328.0	11716.844608000049	-481.3311395682167
329.0	11724.971496675977	-499.75885898346877
330.0	11741.894825446578	-531.0850558472496
331.0	11739.329152160544	-493.43041412248084
332.0	11729.034940875868	-508.97271883114104
333.0	11733.098384964745	-518.1865786241923
334.0	11991.533146483964	-146.79659543882735
335.0	11703.689058281469	-411.82125457821286
336.0	11751.792628060817	-534.0724574999089
337.0	11753.035653261968	-545.1602610541564
338.0	11514.134342466985	-14.871806993536632
339.0	11523.621973761357	-19.52016141101194
340.0	11523.740311207184	-32.59937499303964
341.0	11531.570616196337	-19.710013344575902
342.0	11531.146141483683	-51.41269895468404
343.0	11552.281101889486	-26.28486423589008
344.0	11539.126444052525	-69.94472258151076
345.0	11551.31686661258	-97.58632545192573
346.0	11566.388864246355	-112.49750782893777
347.0	11563.507289111954	-125.22792839799634
348.0	11588.06499793917	-161.5875543199824
349.0	11583.824660217833	-171.29726625289004
350.0	11612.9177548122	-216.8374177897252
351.0	11604.142000874888	-217.36661771838646
352.0	11640.713194403555	-300.29145893609615
353.0	11681.34762499055	-392.4302722489685
354.0	11689.474258242111	-410.8581463818898
355.0	11745.763871964313	-518.1241261174146
356.0	11738.390672874486	-521.5241282927328
357.0	12043.506017968297	-524.1306901278863
358.0	12141.687058419657	-205.31242891245105
359.0	12243.670101725133	-500.592634696037
360.0	12361.628723658934	-261.66252321664314
361.0	12568.19841283394	-495.0608899243625
362.0	12760.680863022768	-461.806048603046
363.0	13278.689114097784	-226.783473304485
364.0	13023.913320630973	-229.90105620150766
365.0	13166.593930443829	-485.7255860184892
366.0	13475.815392258182	-408.13134736142507
367.0	13879.518259441335	-398.9886581308735
368.0	13673.428006199823	-208.55534091904215
369.0	14289.51137898895	-204.01217378357737
370.0	14264.106454380524	-390.05576863259756
371.0	14806.739221825768	-230.1022127087126
372.0	14421.104695898088	-226.94240192288757
373.0	14563.77267264815	-484.6174595896782
374.0	14864.163224920349	-416.9600111925284
375.0	15278.452750173572	-403.36429536549826
376.0	15066.88175655891	-211.64365483564083
377.0	15664.763290342415	-394.0602456554362
378.0	15447.266091095022	-208.7026490695304
379.0	16208.050919625355	-231.3298546253815
380.0	15822.862340142672	-233.14062933446016
381.0	15963.646995179239	-493.14666139978726
382.0	16263.456665083655	-420.087461590387
383.0	16681.415466859744	-407.76165667597814
384.0	16470.97944813914	-211.15963735330783
385.0	17222.532416602047	-219.20939465641277
386.0	25584.22866982002	-232.06619521876564
387.0	25154.057199325674	-528.6499831720008
388.0	25975.54281104752	-238.20519943772283
389.0	26160.644635626115	-517.1118479555016
390.0	20422.156443578922	-216.85973618932135
391.0	19966.86749958595	-510.55918777755534
392.0	26685.948612575496	-317.5022414429205
393.0	26280.963785563712	-226.85509149169715
394.0	26444.861075160534	-519.367015899751
395.0	11721.981816372123	-484.56919091956996
396.0	11713.854926693873	-466.14142984960216
397.0	11724.125899812998	-459.3508843884459
398.0	11749.166075468214	-529.1649278039864
399.0	11745.720671155546	-538.7119767964297
400.0	11718.114950937905	-444.78016807747673
401.0	11705.728037100946	-447.7136686873899
402.0	11763.21818193498	-544.6847481795161
403.0	11746.616975992256	-509.3601052096371
404.0	11697.601147843792	-429.2859075350486
405.0	11764.76768819691	-533.3568787666203
406.0	11775.941998116563	-543.4227664383285
407.0	11731.892603354436	-476.9976509117405
408.0	11693.776041696197	-401.1243809301959
409.0	11693.537702997446	-420.07202700217584
410.0	11792.619313548394	-542.1874866741774
411.0	11768.617176492275	-526.5042295535799
412.0	11717.009449309307	-453.73524886804324
413.0	17068.273061369986	-400.9770217003169
414.0	17602.597596145213	-219.72844551287562
415.0	11885.33503175268	-493.1195495411618
416.0	11685.410813535078	-401.644265842983
417.0	11892.509315362828	-520.6875354266095
418.0	11813.370178745505	-540.7109107880009
419.0	11709.261782181762	-435.85397593446396
420.0	11798.395557819356	-521.1402755353314
421.0	11900.234008032296	-469.68146709849924
422.0	11677.284180408082	-383.21639153643565
423.0	11839.71929096667	-538.908149343044
424.0	11821.30890668244	-514.1142472886544
425.0	11854.536345526269	-526.9591491287815
426.0	11688.703942011758	-389.274778387616
427.0	11849.294870622107	-505.25793251104915
428.0	11689.481437594926	-380.140468899214
429.0	11941.424539378451	-513.0961994775063
430.0	11696.48500513366	-407.26698184037133
431.0	12000.810795214536	-78.01210660718061
432.0	12067.052177469106	-431.0769845950781
433.0	12081.064317032417	-488.8646199932535
434.0	11990.897149343364	-458.41795227523835
435.0	17558.091796987228	-501.9379512359106
436.0	17891.70791455373	-206.682429902971
437.0	12358.637914634322	-134.00214077441342
438.0	12157.962224734636	-110.47539734881138
439.0	12280.043398315755	-327.3593380961247
440.0	12150.65419334272	-376.52019807247416
441.0	12303.21351591908	-445.02988305439413
442.0	18216.59099167881	-207.81763110373626
443.0	17994.04322244869	-489.97754047240005
444.0	12612.967917378694	-162.0640607022045
445.0	12465.536339993016	-323.50607306227175
446.0	12592.952979577813	-289.63556769902544
447.0	12884.47344220408	-207.06712363245848
448.0	12859.423415328072	-391.210910000289
449.0	18637.086099934288	-215.15423416608974
450.0	18227.70332866195	-399.289250184727
451.0	18663.419812556178	-407.16865567027753
452.0	19017.95733305201	-223.17668675900737
453.0	18960.06191691237	-507.72437722628246
454.0	19308.003344128087	-209.02250017892462
455.0	13369.848098605422	-479.8042424501062
456.0	13436.755581490965	-110.15966365645242
457.0	13921.635811031832	-213.48786570505035
458.0	13775.30623198419	-466.2718308567434
459.0	19397.748699038624	-494.65579549259377
460.0	19632.949719891116	-209.30153637956633
461.0	14045.56255679832	-206.7320566058867
462.0	14165.706166744843	-460.6016266039739
463.0	19766.924902222174	-487.58864871249745
464.0	20074.182091237904	-407.5521718005743
465.0	14764.250927754496	-488.58566311339774
466.0	14672.200924057268	-226.85753361420697
467.0	15321.599568529697	-215.9636944584854
468.0	15173.839069909787	-471.21271008672016
469.0	20454.96902704277	-411.3167685978959
470.0	20805.32902339267	-225.24719649491212
471.0	15691.667315426877	-206.11684232522626
472.0	15565.978781469277	-465.03726954415924
473.0	20755.2824428493	-513.6368365670396
474.0	21099.146918474344	-211.47040137329654
475.0	16074.454078683833	-234.3808516540618
476.0	16163.595744433072	-495.17901326790235
477.0	16728.517278578554	-218.46124728777554
478.0	16574.965914546727	-476.0944008422228
479.0	21194.921584139895	-500.94564629181815
480.0	21426.97392809682	-212.0679318857292
481.0	16856.157042735413	-210.42468117034392
482.0	16969.078867697754	-469.14343957118535
483.0	17257.690263705652	-409.3240076794109
484.0	17099.73351151493	-211.1338098889173
485.0	21851.37166355067	-217.10889920962413
486.0	21564.532288852195	-493.8356370369829
487.0	17652.126043295706	-410.38586095907084
488.0	17470.547153926225	-218.69852348259883
489.0	22221.356778394944	-221.58591139780037
490.0	21870.917425709853	-413.46574009938837
491.0	18563.956240716634	-506.64386864063755
492.0	18504.809445313836	-222.85555200238255
493.0	22159.91665068576	-522.3187124389796
494.0	22615.36805336227	-212.8076358977196
495.0	19059.367577789337	-415.7339106863922
496.0	18884.878649517505	-215.14913790534047
497.0	22559.623576258546	-523.1693616475826
498.0	22914.936435525364	-189.03765964307
499.0	20055.803459390965	-213.63794181519674
500.0	19872.548245922513	-417.21935016871583
501.0	22927.021108296114	-545.2472971444095
502.0	23260.486964472304	-210.31207541572562
503.0	20361.25221904003	-515.0015690128015
504.0	20302.517632731047	-216.9947182040487
505.0	20851.593833648618	-420.2470313266837
506.0	20669.49784609902	-214.40939889716537
507.0	23381.730550472956	-502.31088023701733
508.0	23609.696509269575	-191.2251617970566
509.0	24048.44199689204	-223.52561567533849
510.0	23724.90190435105	-548.2846773695563
511.0	21764.564901580576	-517.9518857521783
512.0	21716.23154392588	-227.44576407649825
513.0	22254.01169255878	-418.48555471076173
514.0	22100.37766615412	-220.39012105003107
515.0	24437.797261822067	-226.67756212561895
516.0	24066.799067040774	-422.86786989268654
517.0	22726.666718968176	-362.3558379350167
518.0	22477.136934254686	-221.35095576000944
519.0	24814.64558924591	-225.00503060704068
520.0	24463.880710607624	-426.5626187661641
521.0	24755.976687830946	-530.8148339834903
522.0	25207.101142949923	-244.37614402278754
523.0	23957.855742318552	-528.7152504167942
524.0	23909.97013142022	-216.0011247072422
525.0	24360.681865765877	-528.6465756122279
526.0	24310.30514720546	-222.37133602437825
527.0	24849.085210317204	-425.4328896707828
528.0	24691.499317104317	-227.76021565048723
529.0	25251.094440555345	-445.3468055097267
530.0	25069.93582970943	-221.75457494915705
531.0	25833.23196584093	-228.04908615384193
532.0	25553.14406757047	-532.3052096046528
533.0	25832.75897504983	-429.83395127557674
534.0	25638.4902094282	-433.57965912890194
535.0	25462.683174694874	-246.94576560904534
536.0	11757.27779821885	-535.1571796189455
537.0	23794.88711512188	-366.41549727689807
538.0	23618.471706767537	-341.63953436671244
539.0	23004.601725541917	-452.31934532886726
540.0	22903.83640027982	-338.5858616803671
541.0	12193.08401176428	-294.5359872175347
542.0	11705.993856099283	-392.2465328194036
543.0	11861.238829161128	-487.1086870031747
544.0	11732.903043516664	-489.80981819814525
545.0	11704.524479991853	-424.792925569954
546.0	11830.6951578026	-499.90336975917063
547.0	11779.655635646855	-527.4473412423735
548.0	11806.167214854433	-509.7534162903248
549.0	11724.754103444553	-471.9237953598907
550.0	11820.102883942056	-480.83026658803766
551.0	11667.158122648507	-340.96317508037464
552.0	11761.936126296983	-519.7307283264357
553.0	11749.408230171988	-489.03986751338135
554.0	11785.695722858201	-518.3983601325405
555.0	11848.71208885951	-463.2062784900966
556.0	11701.815516415072	-418.6503246658128
557.0	11797.673488553359	-495.1069687069418
558.0	12090.705564032449	-367.8474715163441
559.0	12049.312695907009	-208.36896059290544
560.0	11664.449159292135	-334.82057408260397
561.0	11940.454045058379	-251.4552877968114
562.0	11695.995154638878	-394.7310232568537
563.0	11869.251934713155	-378.69187340539065
564.0	11931.327199517378	-477.54691818308737
565.0	12017.043680910867	-420.59390206943254
566.0	11698.028679559071	-374.54519328003516
567.0	11950.784940970023	-447.69492538711347
568.0	11751.960855789497	-522.1785883048409
569.0	11755.832792038054	-504.25365384710796
570.0	11740.317542536266	-506.78436185942456
571.0	11737.608579251493	-500.6417605652071
572.0	11777.676095924231	-508.29433489379153
573.0	11722.04513977095	-465.7811944436083
574.0	11730.194079919005	-483.66721729781904
575.0	11726.619687850216	-439.73810310957924
576.0	11750.849950666083	-479.56065201586654
577.0	11711.970745513625	-441.99657682590623
578.0	11734.010717881038	-456.8442650109573
579.0	12038.788194713388	-323.65668184956303
580.0	11658.722505322963	-310.33453407403186
581.0	11683.198879644637	-377.31992507446074
582.0	11690.76529275852	-345.55804206972243
583.0	11648.932685017358	-299.6292048510101
584.0	11675.080450266229	-359.0487958187053
585.0	11732.98722057219	-323.4612503478468
586.0	11640.85899540084	-281.3982935603029
587.0	11673.362262240298	-344.27062828943843
588.0	11628.15586015868	-251.4050445034809
589.0	11666.112361614498	-327.09798031586735
590.0	11872.986975551197	-111.47063029545097
591.0	11623.102401313025	-240.58421580378732
592.0	11660.130758780606	-290.1379531300384
593.0	11650.713595838073	-292.85493021115445
594.0	11804.814613947352	-148.81888837280226
595.0	11635.841305322223	-269.2666859919409
596.0	11650.839726362765	-198.18670864924692
597.0	11607.199338375498	-204.62173060572482
598.0	11637.076945748187	-260.16398832558235
599.0	11596.225250384143	-179.99225114842557
600.0	11622.680720648843	-227.6150590102552
601.0	11817.695534003667	-117.68827541592812
602.0	11625.581507898683	-207.77009680701062
603.0	11652.95827818235	-272.21241463194264
604.0	11614.901317210824	-210.06897541769044
605.0	11632.722198817131	-159.57009624745356
606.0	11582.663602403067	-149.34589671702756
607.0	11606.33577009893	-191.65158200387427
608.0	11574.547222385403	-130.91163182955643
609.0	11598.0373843191	-173.18776534657323
610.0	11735.91439367964	-90.19694129218503
611.0	11599.734477583732	-152.3193678318033
612.0	11639.474384486492	-191.3387343869399
613.0	11589.89372150499	-154.82658719872174
614.0	11592.78129817968	-122.59862942252948
615.0	11584.497049579668	-104.1074886283847
616.0	11581.793931789747	-136.43584065118435
617.0	11673.791431042046	-71.16373652959494
618.0	11666.432178648494	-91.72050514162159
619.0	11575.181356174027	-96.92782612696949
620.0	11573.646172456307	-118.01521584605264
621.0	11555.59526478342	-87.80271466866786
622.0	11568.27040895079	-77.5332596524895
623.0	11565.530186305352	-99.4766506640323
624.0	11625.728420042584	-56.240450112435305
625.0	11618.580561829755	-72.8676253891972
626.0	11557.744507995701	-80.57675144870397
627.0	11542.458963472405	-57.510834514347756
628.0	11577.2438259349	-32.98197291545512
629.0	11589.41992752001	-45.02556610290534
630.0	11539.022111742888	-45.85393352455867
631.0	11550.02619242482	-62.57004731779549
632.0	11560.4997259721	-57.35415635334357
633.0	11545.197933593086	-48.71489456232666
634.0	11557.025963507067	-46.57029763002598
635.0	11540.487569670951	-30.504505787042337
636.0	11764.954958517597	-510.5698147764803
637.0	11570.121145307729	-63.83916782247737
638.0	11597.185269804655	-72.71554165747511
639.0	11596.18411403434	-96.89046776602481
640.0	11577.126831966869	-85.28169240196682
641.0	11591.480517316375	-84.33170063361467
642.0	11583.45768437303	-115.24531513722953
643.0	11628.967144125281	-88.45026547599264
644.0	11605.79152030938	-103.52176693241199
645.0	11607.893240312327	-170.5635601033088
646.0	11591.57099210599	-133.96403291035676
647.0	11616.624991180419	-188.89665675066985
648.0	11624.772609633073	-116.33551366110866
649.0	11600.926922307175	-141.29557552880337
650.0	11724.600736065722	-117.87207736417379
651.0	11609.116106653446	-159.5274235778828
652.0	11638.774034874348	-236.60502212384745
653.0	11617.7248197507	-177.68441624923435
654.0	11646.075123633922	-253.8177061621415
655.0	11673.896411540683	-111.84854422531983
656.0	11626.814257854427	-196.49663063419575
657.0	11658.10268750682	-171.8432916103799
658.0	11636.676151436252	-216.57937420991462
659.0	11676.149286771084	-322.78778142589
660.0	11660.6249617778	-233.23070718833574
661.0	11654.757575771151	-260.35522390412126
662.0	11681.827241164743	-339.3818009341194
663.0	11674.152062170557	-275.9356511186367
664.0	11661.548743269916	-279.18743223975616
665.0	11737.028326429267	-142.76337838829204
666.0	11666.401309863226	-255.32696290658592
667.0	11905.30916573098	-200.2934532213864
668.0	11669.65620409453	-296.2037402161538
669.0	11689.85021802577	-356.66906243278453
670.0	11710.945724184488	-357.6622944993287
671.0	11698.965984980505	-363.1227231294324
672.0	11929.85707099128	-408.1959696650495
673.0	11820.279631486565	-180.63828296586385
674.0	11883.89416378628	-439.31398263869534
675.0	11702.031514609751	-338.7667043018252
676.0	11718.552922253897	-376.70856225720246
677.0	11741.114914215505	-474.21033173074346
678.0	11755.553189013488	-460.63450706310687
679.0	11781.882204584312	-496.38980271319934
680.0	11742.506750442479	-463.558556389163
681.0	11761.165376228151	-471.0357816481046
682.0	11758.25795493275	-494.2160632975865
683.0	11993.64167075234	-366.04873576640966
684.0	11787.89732335308	-467.97646438842884
685.0	12013.985544611924	-267.14289873463713
686.0	11915.292632129875	-328.87997406858875
687.0	11946.567269206096	-364.3738302501515
688.0	11735.399004289662	-446.18656452265714
689.0	11713.321203734891	-408.5234977852597
690.0	11856.468447205049	-438.8496565682799
691.0	11707.249885436308	-381.1950123309871
692.0	11730.289231174307	-429.1066992757672
693.0	11771.586230072375	-488.6276920463667
694.0	11744.075576868665	-429.09842459378706
695.0	11746.855609639379	-440.5822186930309
696.0	11802.222906520821	-480.39469653413835
697.0	11894.05948529262	-407.68047800121957
698.0	11789.643986191155	-451.1294990109939
699.0	11826.175856459944	-462.2824208268382
700.0	11836.311528878672	-415.9457160873935
701.0	11620.36085005891	-234.46478794534292
702.0	11647.49069301432	-240.98016945712152
703.0	11656.99469627424	-317.30574375278957
704.0	11678.338118864473	-312.28699508054706
705.0	11711.047908457651	-428.1230466773147
706.0	11723.970374003022	-413.6473562940543
707.0	11773.051930873682	-474.9266258943996
708.0	11774.193435752	-441.2216498369089
709.0	11603.428069661357	-118.09210208007183
710.0	11648.706804020427	-148.717992696557
711.0	11645.107344694297	-95.42362072048611
712.0	11873.774883335594	-343.71350888765784
713.0	11810.042541876785	-444.99988539550395
714.0	11812.421855949973	-423.0198025778761
715.0	11730.251601802489	-384.9495686300288
716.0	11838.92969488044	-387.4214375619801
717.0	11839.802497724939	-239.3277834506031
718.0	11814.402081726954	-371.36661993791495
719.0	11909.115455515006	-284.4060282640882
720.0	11730.058367450658	-338.3910809090885
721.0	11758.513761801769	-448.3158698552749
722.0	11791.227547821627	-410.75753730819025
723.0	11790.58960759684	-387.6286331936426
724.0	11744.308375500646	-351.7812384228552
725.0	11721.311455580646	-364.59831457614683
726.0	11690.438919998016	-306.97287274330785
727.0	11844.833161527707	-322.8995985524719
728.0	11713.096179080987	-344.41729603478353
729.0	11684.30554492728	-328.6928484170421
730.0	11713.248231548356	-168.64228443222964
731.0	11634.40443441966	-226.5845982539516
732.0	11782.263823003139	-198.68416987268574
733.0	11677.205331175066	-263.9323725132878
734.0	11670.853126489472	-241.03998289582037
735.0	11630.32655616384	-171.87889068751733
736.0	11641.886854225622	-177.93323494169695
737.0	11623.96908722702	-142.40514924431287
738.0	11621.34332874511	-154.33948528374458
739.0	11639.212730865102	-114.46942731564923
740.0	11650.14665927481	-124.14581373420515
741.0	11612.9343098588	-136.56929523545114
742.0	11754.937976588335	-418.4401968708553
743.0	11722.216138758398	-423.34653469004115
744.0	11743.846379672454	-378.9125289465325
745.0	11714.76137035279	-398.4134341956742
746.0	11698.07616774262	-327.7019293275832
747.0	11702.020710719968	-316.48273999919184
748.0	11679.603802705371	-287.00623088841775
749.0	11668.674521207091	-306.5546836943443
750.0	11691.689381921251	-255.07133007425728
751.0	11852.78576379351	-202.81067051283995
752.0	11763.286628856304	-152.6730439459158
753.0	11675.128186830632	-182.44549631222617
754.0	11691.124969987948	-123.09166614447652
755.0	11684.107645536098	-147.24519845438772
756.0	11642.67778542599	-137.57864764623324
757.0	11619.013520098995	-101.56673619686626
758.0	11614.225151139295	-124.73122527454689
759.0	11662.526994648331	-154.9368438053037
760.0	11725.328081303189	-191.98034758176314
761.0	11773.397683309282	-422.8297709517331
762.0	11734.303535092991	-405.5961003445773
763.0	11704.796875821005	-264.89114336475905
764.0	11690.722920951477	-292.0430520293691
765.0	11801.050980690847	-287.75932304717816
766.0	11756.141535294184	-183.59616308662467
767.0	11678.130869641085	-208.88536751850674
768.0	11718.486532108005	-295.99435570239683
769.0	11771.980003074248	-378.6435888850101
770.0	11860.987310119031	-269.76130662642635
771.0	11775.946659902927	-340.81234460783645
772.0	11805.780072582644	-348.0485839023847
773.0	11737.71191852713	-364.7434736253684
774.0	11649.274243268272	-212.15388229940677
775.0	11693.803316732963	-167.9045157180226
776.0	11715.970686588958	-216.3028875445331
777.0	11751.513114961426	-237.13786662999823
778.0	11838.222764926011	-293.42134209574095
779.0	11802.216892408556	-242.54631553098685
780.0	11749.456453180193	-405.47876624228473
781.0	11765.959064524648	-355.1453363347343
782.0	11749.930450643724	-309.5567318337028
783.0	11777.184349993702	-224.07508950004558
784.0	11789.93595089299	-307.9175608968629
785.0	11670.277695425708	-195.38341390585023
786.0	11687.61158442597	-239.0313385009455
787.0	11740.052470418685	-273.6423042669776
788.0	11786.229920567484	-267.3178196582473
789.0	11717.151245436966	-312.7674737033376
790.0	11739.136120166653	-291.6426687333951
791.0	11662.445408208214	-219.09967171010794
792.0	11693.068881147165	-221.00775860185968
793.0	11756.463775195569	-389.4485462942951
794.0	11727.716079238402	-395.602920080084
795.0	11703.639998344466	-284.77980128431227
796.0	11729.544563976806	-235.30615322360973
797.0	11720.559759836571	-258.1053333164261
798.0	11758.136254221688	-262.8056462096113
799.0	11814.955750649277	-330.19926380492205
800.0	11767.82543744369	-316.226778665606
801.0	67.01159793394505	-464.00351076148667
802.0	8141.792728944844	-468.1309130290756
803.0	11479.210735710294	-3.486830604378762
804.0	11503.400191174456	-32.60413011647906
805.0	11448.370849473473	-6.116274789714528
806.0	11475.74583245258	-16.838109865079787
807.0	11425.764106133007	-7.763750801132422
808.0	11491.85779176632	-47.63496152690019
809.0	11530.3936880811	-103.0072160667806
810.0	11359.523394604914	-13.388268358726842
811.0	11538.405975334128	-121.42955135666269
812.0	11166.231454440962	-28.456564963822377
813.0	11534.040101741979	-130.96233001989353
814.0	11343.443146566939	-60.75923438975102
815.0	11574.46130596059	-204.3300436784845
816.0	11578.467439350175	-213.54121559752284
817.0	11586.47971621986	-231.9635553754797
818.0	11588.253896244025	-266.71490608009316
819.0	11433.78631878151	-499.86458231517946
820.0	11606.209500333427	-296.83801946620787
821.0	11553.542858054418	-451.40041314545914
822.0	11508.63816781193	-510.7590866692194
823.0	11513.199585996685	-477.70040455235295
824.0	11638.113542110354	-370.3164581853089
825.0	11566.271907044764	-519.2639486768772
826.0	11570.601660349896	-493.53425065494656
827.0	11678.6210680596	-443.8203898242825
828.0	11610.205798521138	-525.5574090616025
829.0	11643.331342197896	-530.2425105824576
830.0	11685.871863317576	-480.8295772739032
831.0	11668.72147083697	-534.0829925925774
832.0	11688.900769124397	-536.5399847878048
833.0	11704.539595452567	-538.5713407636127
834.0	11720.106295173138	-545.2311137648147
835.0	11727.991098053377	-545.5980906325234
836.0	141.79818065370281	-379.8603770571794
837.0	189.04329010023366	-96.623172629026
838.0	506.8716791972616	-95.09952274545792
839.0	868.3223386313008	-93.68945166510139
840.0	993.5799806412662	-384.4751680574697
841.0	1239.130996970299	-109.68825436653894
842.0	1507.804642577538	-475.09143296325493
843.0	1539.127998364979	-113.09539594445702
844.0	1901.3271543757448	-89.47724407753276
845.0	2005.8194228930636	-381.3713155821703
846.0	2267.8379573731686	-109.96216369651286
847.0	2512.986861663761	-475.55823792019754
848.0	2567.8025584559514	-113.25325133331216
849.0	2915.059752335333	-475.74494533080014
850.0	2933.0853020867685	-113.3163789166797
851.0	3293.254532081632	-93.88042688841522
852.0	3409.877426802974	-385.6686406256916
853.0	3661.766426573285	-110.1018794875531
854.0	3920.2419722952563	-476.21167090572453
855.0	3961.4774484450595	-113.47415492351668
856.0	4322.236865098376	-466.5088612789855
857.0	4326.235190043523	-103.64776546954256
858.0	4684.235377094767	-94.41932975893587
859.0	4818.303239757638	-386.2180082405096
860.0	4991.239435663357	-110.29089318483041
861.0	5327.497077947245	-476.86499494967455
862.0	5355.737642310861	-113.6949495721442
863.0	5717.325918189642	-91.90547830739509
864.0	5824.821131103728	-384.7098173762251
865.0	6084.27103952756	-110.47824611333256
866.0	6332.679293777892	-477.33158972735447
867.0	6383.909576141843	-113.85259478173657
868.0	6734.752179948128	-477.5182070436258
869.0	6749.09165919604	-113.91563227077297
870.0	7109.09334021686	-94.31940326706156
871.0	7228.639292914379	-387.089360794505
872.0	7478.968970988004	-110.63030585485937
873.0	7739.934390394231	-477.98472285337084
874.0	7779.018042062652	-114.07319851243044
875.0	11490.20628599603	-6.215689395440092
876.0	8143.712821286504	-104.09580886090028
877.0	8501.221563476665	-94.49404147927378
878.0	8637.407452975911	-387.39128093049254
879.0	8808.116723861325	-110.80244997510924
880.0	9147.189483275843	-478.6377406272818
881.0	9172.785709374884	-114.29368689101891
882.0	9535.403516268203	-94.34272411400632
883.0	9644.651459907276	-388.1839029779626
884.0	9902.19462178329	-110.98157420931041
885.0	10152.37168745883	-479.10412133826804
886.0	10192.186234840134	-114.45111803391774
887.0	10519.647455365739	-89.00039775621356
888.0	10653.923227005642	-149.85876929415795
889.0	10851.291988510382	-112.01026343186732
890.0	10982.169707212977	-255.3697033344612
891.0	11551.535523904606	-143.10303035432176
892.0	11595.603155961113	-244.42590932696217
893.0	11627.6523436677	-318.1152753610717
894.0	11651.689234521034	-373.38230000884073
895.0	11671.71997696904	-419.43815391814525
896.0	11687.744571011732	-456.2828368401854
897.0	11699.763016375358	-483.91634919159725
898.0	11707.775313239972	-502.33869082908296
899.0	11715.963496149785	-521.0833452198241
900.0	11719.309878104548	-531.0805768724954
901.0	11724.687424871241	-538.2982738264556
902.0	498.2845416472043	-456.7866101961683
903.0	275.82137652159304	-458.2484701661189
904.0	700.510867924626	-474.7795247824451
905.0	897.2645768135511	-455.5001189430468
906.0	1304.9908556206494	-471.6225014717193
907.0	1708.8410868269884	-475.18479866889584
908.0	1907.3156750293704	-451.5968609235656
909.0	2310.7591422945966	-472.20536036978075
910.0	2714.0233206828957	-475.6380426160465
911.0	3115.1686551731273	-474.201413468973
912.0	3312.3848604223676	-456.43257312977056
913.0	3717.670039300215	-472.7776055561435
914.0	4121.278441316113	-476.28443048950953
915.0	4521.03460971457	-475.5834379378962
916.0	4716.974082147091	-457.4040053956137
917.0	5126.783045064625	-475.5929561963582
918.0	5528.533521754519	-476.9583186288053
919.0	5726.4428496508835	-455.1991035121605
920.0	6130.37916290235	-473.89545114533297
921.0	6533.715736369944	-477.42489763570575
922.0	6934.496767041277	-475.971473946938
923.0	7131.333095731199	-458.04555786714945
924.0	7537.285146778373	-474.48004028218224
925.0	7941.094879984612	-476.99124213304066
926.0	8340.658609530905	-477.27475614727865
927.0	8536.200726795361	-458.65272547468413
928.0	8946.456367890938	-477.3430019608067
929.0	9348.225924185675	-478.73102238947513
930.0	9546.291720787774	-458.8103576775041
931.0	9950.035704746764	-475.5727876000433
932.0	10354.20128159829	-476.57682723132615
933.0	10553.22134509753	-453.77698088779897
934.0	10755.8684299926	-488.3728890314217
935.0	11499.455607077252	-23.357804467374876
936.0	10951.911461900565	-484.5320666847127
937.0	11527.49861929514	-87.83601165399848
938.0	11132.797818715359	-502.23653926670505
939.0	11277.508906146328	-513.2007216326753
940.0	11555.5416713387	-152.31420149115078
941.0	11559.547820918087	-161.52537176624026
942.0	11539.517081681422	-115.46951664539112
943.0	11412.762293993255	-18.028255598774802
944.0	11515.480196951254	-60.20248931788649
945.0	11507.46790203802	-41.78014693340477
946.0	11473.479889588494	-8.211779541257178
947.0	11495.588881066957	-13.964363148785877
948.0	8391.560149134613	-207.67190354475952
949.0	7884.430251963466	-227.09112639091322
950.0	11486.044386345107	-3.486830604378762
951.0	11511.474049512246	-50.99131818313051
952.0	11523.492462510492	-78.62484441054916
953.0	11519.486344519066	-69.41366047134954
954.0	11458.012921707283	-10.841223726592943
955.0	11506.356825928111	-47.740210468307474
956.0	11531.504786838668	-97.04717418711293
957.0	11438.403417775715	-13.88002559084695
958.0	11499.62077625443	-63.98803415014739
959.0	11514.36911340239	-66.16254551123887
960.0	11512.462559835394	-81.25526171728309
961.0	11547.529376406792	-133.89185911147985
962.0	11518.375227738741	-75.37372578901676
963.0	11526.387524397216	-93.79605711846033
964.0	11385.041991562497	-47.57273428538838
965.0	11563.553971884861	-170.7365414845856
966.0	11310.780174751877	-16.868931690389672
967.0	11535.510934201908	-106.25834541720337
968.0	11247.677374119658	-22.06425267214081
969.0	11524.132392407084	-118.81961776592
970.0	11571.566274355528	-189.1588805628579
971.0	11380.072605705836	-23.65277315636922
972.0	11520.710235958473	-99.89493883192411
973.0	11567.560123243275	-179.9477110291687
974.0	11543.523229057959	-124.68068787857685
975.0	11575.572425679675	-198.37005032738372
976.0	11542.412118836612	-130.64071900786683
977.0	11060.621924148612	-36.71825819930367
978.0	11337.975742207776	-30.257200049116516
979.0	11211.697153330462	-50.52081763596319
980.0	11547.161149495054	-161.0525937464804
981.0	11587.590858887255	-226.0035677644495
982.0	11554.430551959986	-158.2742208305472
983.0	11562.44285238556	-176.69655045714103
984.0	11566.449003633337	-185.90771472052873
985.0	11599.609304255619	-253.6370801018463
986.0	11570.45515484685	-195.11887920385914
987.0	11387.843552836634	-520.6654882378826
988.0	11603.615452786222	-262.8482508728078
989.0	11579.578576692156	-207.581219852368
990.0	11607.62160127244	-272.0594217412441
991.0	11583.584710292145	-216.7923970613066
992.0	11574.136779006985	-223.12401150979485
993.0	11611.62774981527	-281.2705923244855
994.0	11582.473570322385	-222.75238869471977
995.0	11615.63389809413	-290.48176329885206
996.0	11591.597007412502	-235.21473855695118
997.0	11210.438953793617	-467.9747666121304
998.0	11555.176371710511	-179.47728346659537
999.0	11580.23576815852	-248.287046757599
1000.0	11639.670789282312	-345.74878768999696
1001.0	11619.640046885668	-299.69293390077155
1002.0	11590.485862070827	-241.17472212310756
1003.0	11623.646195256728	-308.9041045744602
1004.0	11598.498153293278	-259.5970555840789
1005.0	11598.18311529073	-278.4190466890403
1006.0	11602.504299087212	-268.80822240859214
1007.0	11631.658492134737	-327.32644623438614
1008.0	11606.510444893376	-278.01938904538525
1009.0	11635.664640549983	-336.5376170033694
1010.0	11610.516590492174	-287.23055578810846
1011.0	11611.539477435655	-309.11415798775806
1012.0	11614.522736339686	-296.4417225495097
1013.0	11643.676937694305	-354.95995847271155
1014.0	11618.528882279397	-305.6528890102332
1015.0	11472.865365251126	-526.7662694843516
1016.0	11612.287845811175	-321.92787281939565
1017.0	11439.042375132643	-457.1374133893223
1018.0	11663.707680127758	-401.0158123691969
1019.0	11647.683086031313	-364.1711293312471
1020.0	11622.53502783854	-314.86405565564877
1021.0	11627.440247473709	-345.8437025961428
1022.0	11630.547319153056	-333.28638932810304
1023.0	11655.695383061417	-382.59347079468665
1024.0	11634.553465077748	-342.497555968829
1025.0	11659.701531589933	-391.80464158911803
1026.0	11638.559610999182	-351.7087226232866
1027.0	11642.565756525293	-360.91988944965215
1028.0	11538.456420189177	-531.594921372328
1029.0	11636.187790132906	-377.10522737242235
1030.0	11630.111009654182	-351.9844776456387
1031.0	11679.732273981956	-437.8604953766794
1032.0	11667.713828557591	-410.2269831509895
1033.0	11646.571902129139	-370.1310561708967
1034.0	11651.643775971055	-401.21099873215945
1035.0	11654.584193782366	-388.5533895848441
1036.0	11675.726125486346	-428.64932470167804
1037.0	11658.590339625822	-397.7645563444698
1038.0	11660.164164812535	-432.3098967248079
1039.0	11662.59648537059	-406.9757230914567
1040.0	11588.710661033308	-535.2979692869704
1041.0	11652.344285269666	-414.0211467601791
1042.0	11691.750719350015	-465.4940077104373
1043.0	11670.146703277991	-444.06284902095103
1044.0	11666.602630988986	-416.1868898255204
1045.0	11667.902289718295	-450.9321241719851
1046.0	11674.61492248488	-434.60922320497366
1047.0	11695.756867877959	-474.7051784893195
1048.0	11683.738422283952	-447.07166613587134
1049.0	11627.045531661874	-537.908969552832
1050.0	11654.114052255414	-489.0026820018393
1051.0	11675.265446082441	-456.6495553123489
1052.0	11682.627213866488	-453.0315564729039
1053.0	11683.201101256083	-474.6888022125895
1054.0	11703.7691648298	-493.1275200579805
1055.0	11690.639505353007	-471.4538900668343
1056.0	11656.08704687203	-539.998861780163
1057.0	11681.612898263054	-518.2751251967044
1058.0	11694.645651155462	-480.6650567331096
1059.0	11711.71688397703	-511.77340613063944
1060.0	11678.87619807558	-541.7616416807482
1061.0	11689.787599418882	-525.6573565053162
1062.0	11692.250006284334	-505.5928432919609
1063.0	11702.657942526139	-499.0873903094871
1064.0	11714.368406636007	-528.1516267201883
1065.0	11696.618072202544	-542.4652369142751
1066.0	11719.23872119841	-536.5061025597387
1067.0	11710.275846456068	-543.8002640094204
1068.0	11704.520442914765	-523.7929811020289
1069.0	11716.04312709131	-541.3316922046339
1070.0	11724.484757551334	-543.1252433271769
1071.0	352.2698420777122	-191.72269537448392
1072.0	74.78658271975776	-199.06317576703728
1073.0	754.9782976343616	-206.72009908321857
1074.0	372.03633056512655	-372.5507916214347
1075.0	595.691028166324	-388.98916136733465
1076.0	1003.2957143554895	-203.55438694009263
1077.0	1101.4893728368927	-471.7373924665541
1078.0	1396.9879471547094	-222.78365031099597
1079.0	1405.5519415853385	-403.76622134199056
1080.0	1779.719369923963	-202.6042158140132
1081.0	1806.8436176398384	-383.64857675862527
1082.0	2026.9551499553136	-200.29605968074944
1083.0	2108.851685882049	-473.0002223628671
1084.0	2414.2831642865976	-223.21541502982504
1085.0	2411.3284783363306	-404.35246084486334
1086.0	2799.4453727005075	-226.58764503222332
1087.0	2814.59595979253	-407.78648076087916
1088.0	3177.1613536756363	-205.59148402965033
1089.0	3014.706500480925	-406.2571667433794
1090.0	3424.5825595527253	-204.3771200266095
1091.0	3515.084061011812	-473.1106292931672
1092.0	3814.6537818178563	-223.5760344110698
1093.0	3818.250929360593	-404.92934492376935
1094.0	4199.605662334532	-217.1328900632267
1095.0	4221.784636575937	-398.5479904895438
1096.0	4573.374135672047	-207.07988197377168
1097.0	4420.506011172561	-397.7543130675042
1098.0	4826.398833452707	-204.7102229437663
1099.0	4926.164208854605	-473.33735873512586
1100.0	5217.343519343878	-226.1796503045895
1101.0	5227.375484164139	-407.7492255149503
1102.0	5597.263076203933	-205.63196164505248
1103.0	5626.002144954	-387.26332676903075
1104.0	5844.443268392552	-203.047557295438
1105.0	5928.387301706083	-474.49749410642585
1106.0	6232.26118609366	-224.33084089506914
1107.0	6230.979848823332	-406.05489088947365
1108.0	6617.257068017167	-227.79974504724336
1109.0	6634.31972085749	-409.5855849552654
1110.0	6994.002613862514	-206.62651252752917
1111.0	6834.065957726987	-408.03947639607145
1112.0	7242.009003245751	-205.21083601605673
1113.0	7334.558774049267	-474.6793772627006
1114.0	7633.2230845150525	-224.7035043672898
1115.0	7637.897372702847	-406.64381905935556
1116.0	8041.49585685603	-399.11584134506637
1117.0	8240.024792600489	-399.3066704888781
1118.0	8644.266137171771	-205.29649145438302
1119.0	8745.702859659481	-475.02292388413713
1120.0	9035.62371215622	-227.35442502918022
1121.0	9047.080130084178	-409.51100441890725
1122.0	9415.923382380235	-208.66790285360108
1123.0	9445.882336287179	-390.8862721569456
1124.0	9663.722209294649	-205.93463871780932
1125.0	9748.02984160761	-476.1213380809184
1126.0	10050.767467696913	-225.43269224322816
1127.0	10050.667702113815	-407.74374641699893
1128.0	10426.316532864634	-200.86243176957183
1129.0	10453.613349000372	-383.2352758569602
1130.0	10750.039400846785	-60.8583715379444
1131.0	10654.294234518986	-394.93867516127676
1132.0	11001.682886166805	-87.87015009322658
1133.0	10925.17481192597	-51.151891893922915
1134.0	10827.558243701724	-304.02603672717413
1135.0	11119.350838910495	-65.17482316312605
1136.0	11538.261200684481	-152.1445023601635
1137.0	11546.41826246037	-139.85188666872716
1138.0	11590.128542612763	-259.9936615427476
1139.0	11594.492007691055	-250.38588885311785
1140.0	11622.172226140276	-333.6377178089019
1141.0	11626.541173493662	-324.07522250069013
1142.0	11646.205725672058	-389.02052332905197
1143.0	11650.578047936355	-379.3422228194515
1144.0	11670.608776694853	-425.39805656132404
1145.0	11675.615163728085	-469.276527090676
1146.0	11686.633359709667	-462.2427232325849
1147.0	11691.756272398095	-493.0508265812259
1148.0	11698.651796884418	-489.876223486886
1149.0	11699.305111722131	-511.67204254076086
1150.0	11706.599510450484	-508.52210156726125
1151.0	11710.781542137409	-518.0555811431176
1152.0	11706.771923672406	-530.818635074138
1153.0	793.6362695308352	-387.6099852437869
1154.0	624.0446542037956	-208.13017016357512
1155.0	1200.2714656465287	-400.50486571571605
1156.0	1142.9756014268069	-219.55318964153017
1157.0	1608.3673789898414	-407.2358336687408
1158.0	1648.254729207911	-226.22236768093748
1159.0	2208.228096356454	-401.88713015795906
1160.0	2162.352225484759	-220.78097929972955
1161.0	2665.418873764717	-226.5245174488558
1162.0	2613.5578629227934	-407.6924582207029
1163.0	3210.996814766124	-386.85210967192364
1164.0	3047.882637324383	-225.0274360579148
1165.0	3614.127811878985	-401.9209881816382
1166.0	3561.8213466947923	-220.59857262574738
1167.0	4065.657161267194	-226.95927951720083
1168.0	4020.8245375746537	-408.3434849867092
1169.0	4614.20843441944	-388.55677231370623
1170.0	4446.6833103591125	-216.30831768437838
1171.0	5027.077408873337	-404.3142741708278
1172.0	5084.05704198702	-222.77559391727573
1173.0	5428.091167052197	-409.0219030769712
1174.0	5466.363696236076	-227.4214329098016
1175.0	6027.722650553359	-403.3134801389713
1176.0	5980.333189908238	-221.62032510137547
1177.0	6483.23057358271	-227.73670755820694
1178.0	6433.28162848909	-409.49165250942025
1179.0	7029.612079708225	-388.4741423491687
1180.0	6865.468089815223	-226.2227415312406
1181.0	7379.914662557145	-221.52173860385452
1182.0	7433.556550159718	-403.43115833911156
1183.0	8018.242198778302	-217.11373673938306
1184.0	7840.67231210725	-409.0623360397878
1185.0	8433.397996649172	-389.73579806406036
1186.0	8265.198543019877	-217.27367092638602
1187.0	8846.628300269653	-405.9888725461888
1188.0	8902.183480275637	-223.86318811327055
1189.0	9247.814892577082	-410.8063399771495
1190.0	9284.867536604082	-228.61886563061367
1191.0	9847.36065006443	-404.8536480300755
1192.0	9799.419801517855	-222.5734888131134
1193.0	10253.798485163506	-408.6551011778556
1194.0	10293.51326696171	-226.31315204727602
1195.0	10694.261592089202	-273.3933076550241
1196.0	11483.331548736265	-17.54942188473463
1197.0	11470.400263041442	-24.43166166849763
1198.0	11498.28297507533	-29.353029565395275
1199.0	10888.47246628176	-231.64339026023086
1200.0	10854.553953139317	-425.60227681558825
1201.0	11132.432182322429	-129.54081477095937
1202.0	11522.38135129193	-84.58490215678114
1203.0	11047.844965534556	-341.5005835882207
1204.0	11045.599167281878	-439.3802272060366
1205.0	11221.947808204206	-100.41706889850032
1206.0	11337.053939754058	-486.3445040059143
1207.0	11225.094363748372	-400.5134839041111
1208.0	11537.811326234405	-175.6224791788859
1209.0	11550.42440616939	-149.06305423351353
1210.0	11544.490387445423	-154.9118187544083
1211.0	11291.190456745484	-78.64418605565409
1212.0	11282.674114151283	-38.93318436253048
1213.0	11546.34732151907	-170.15486929658937
1214.0	11558.436701283259	-167.4853860090972
1215.0	11531.369341980462	-124.82155397365098
1216.0	11534.399831700966	-112.218383710174
1217.0	11396.637934934648	-10.26450479764238
1218.0	11523.38101590139	-106.03570617528278
1219.0	11416.814022405519	-36.492626065958724
1220.0	11506.20696670888	-78.38178307396099
1221.0	11510.362969618456	-56.951378037904625
1222.0	11501.870258828478	-57.65033619582042
1223.0	11502.28911881321	-38.5641972165406
1224.0	11465.605055709071	-4.724948936878415
1225.0	11491.165575593608	-34.508886000974904
1226.0	11487.387881393277	-22.751517340386574
1227.0	11494.477813148505	-19.92443041775525
1228.0	11021.497303682436	-172.45483470540134
1229.0	11215.128789391434	-195.22024463230764
1230.0	11571.466031775732	-216.9832300175593
1231.0	11118.840294473981	-322.59248298730654
1232.0	11344.910561503706	-430.19159209903654
1233.0	11489.086099792743	-11.651950351973353
1234.0	11682.931579432412	-507.1993165056386
1235.0	11698.161386026035	-520.6607470630503
1236.0	11694.427034298858	-499.1916017988654
1237.0	11645.656517377336	-514.4154719960279
1238.0	11670.57134072996	-521.4791043910221
1239.0	11674.463353862937	-499.2569042744847
1240.0	11613.75834596008	-505.3315177262448
1241.0	11684.09370405115	-487.2554728267308
1242.0	11660.26209194446	-511.5679349921781
1243.0	11674.78383143967	-488.7846897451327
1244.0	11677.936208184658	-462.7903304670684
1245.0	11659.515035096787	-419.6050026519818
1246.0	11638.807457194716	-487.58964106232753
1247.0	11667.475941444232	-437.9220740066036
1248.0	11632.923254280257	-501.85603963104467
1249.0	11657.324904537076	-453.1149733904537
1250.0	11644.37649982486	-395.7182177210155
1251.0	11662.185797061691	-425.745777782824
1252.0	11629.494743049252	-428.92865541454194
1253.0	11612.77205794972	-397.6897681098605
1254.0	11654.314537974862	-407.3517738741848
1255.0	11620.176329933165	-340.2350921114821
1256.0	11643.534963567008	-382.8797481686209
1257.0	11596.592961777385	-489.3423799296822
1258.0	11643.162260394674	-416.22692039648365
1259.0	11635.442780247473	-364.17568306902587
1260.0	11596.93242095308	-358.6898792544471
1261.0	11603.53873822688	-290.6972443097682
1262.0	11628.105360071482	-358.4915071144375
1263.0	11595.51235322553	-272.27827165720873
1264.0	11619.501464221845	-327.4969425864506
1265.0	11547.347591679063	-472.8065412335309
1266.0	11625.900603127433	-379.76747320696876
1267.0	11602.357253012175	-324.42109048783897
1268.0	11400.956230937416	-421.78540740514774
1269.0	11490.67583687428	-422.385195004239
1270.0	11614.210239253838	-315.25493302821224
1271.0	11579.48193909778	-235.42808684744782
1272.0	11604.337406035667	-303.55049979499455
1273.0	11554.540116268116	-278.8564668181475
1274.0	11596.32256794733	-285.1369384898003
1275.0	11564.252971908127	-211.00834009014775
1276.0	11587.457780751503	-253.8528864167482
1277.0	11300.020937850728	-389.5865270177783
1278.0	11578.359633136912	-269.2458172491395
1279.0	11278.845717482196	-292.6562803828544
1280.0	11537.872204008165	-242.3462082683559
1281.0	11594.481533394994	-305.98244080046805
1282.0	11482.68283978701	-450.980418441628
1283.0	11563.466341378224	-198.17437662656403
1284.0	11582.152701207786	-241.56886199011402
1285.0	11562.381137970957	-232.3134376383558
1286.0	11554.64021284056	-188.8543330662895
1287.0	11572.256290449775	-229.8397220514927
1288.0	11532.865133554302	-211.48251584425103
1289.0	11566.137108751003	-204.31514949622775
1290.0	11552.505604349171	-173.33651062351313
1291.0	11371.288415820405	-270.85893339158264
1292.0	11560.795573905672	-192.03360374819522
1293.0	11267.787882730963	-196.86317626140604
1294.0	11266.444371587599	-111.67150562780155
1295.0	11093.517685076176	-185.66893441931174
1296.0	11125.185417546147	-249.67570244745744
1297.0	11189.56345272664	-142.71880783419283
1298.0	11539.077957964211	-143.0445941536741
1299.0	11515.13329964762	-87.39604648008587
1300.0	11531.817054816003	-137.40617760845348
1301.0	11521.995930949211	-140.0228610814012
1302.0	11324.763921705242	-87.08196772414779
1303.0	11369.960184820739	-67.81026382838051
1304.0	11479.082366397937	-108.23472162013438
1305.0	11371.833735375689	-121.77757266459305
1306.0	11526.051775780297	-112.17648221371458
1307.0	11514.573279212089	-96.74603769076703
1308.0	11416.381818993303	-72.80962629254418
1309.0	11441.380838388368	-28.12450038001195
1310.0	11507.002403495548	-69.24913218558397
1311.0	11405.659049203574	-52.648836393845464
1312.0	11497.921381190265	-83.80166941076898
1313.0	11475.846373772154	-33.732204173351725
1314.0	11455.949026648874	-55.64753881627257
1315.0	11485.248275840306	-31.340747825585822
1316.0	11499.199498879096	-51.50956023118488
1317.0	11460.542186175566	-21.92160613438955
1318.0	11432.793255157923	-40.47259605748135
1319.0	11481.0980931316	-50.810255601621975
1320.0	11453.877534554407	-31.44113198667613
1321.0	11489.347691694478	-66.86176175952232
1322.0	11662.916889185757	-471.7456890184397
1323.0	11662.83542390808	-500.42154356670653
1324.0	11493.836335590526	-40.64966204715862
1325.0	11460.290155920507	-43.32985337789781
1326.0	11472.400918272377	-43.11087003046532
1327.0	11466.463791510649	-65.24726970733248
1328.0	11505.615041193056	-101.98776336795238
1329.0	11479.502095641503	-60.62896984011437
1330.0	11514.285914812821	-121.22216974690689
1331.0	11477.672272178928	-85.26581008101932
1332.0	11440.948822052329	-56.10691310252029
1333.0	11488.44373341698	-77.54274613176692
1334.0	11449.766698501122	-85.78421459210904
1335.0	11496.554125600473	-94.9872577648028
1336.0	11529.756359950909	-157.7239084618791
1337.0	11382.231783726771	-93.9795042924314
1338.0	11297.961121748063	-243.6370474387733
1339.0	11504.576280224084	-113.67999252852815
1340.0	11435.692359089653	-72.2877330096964
1341.0	11482.993238617964	-96.84498085517241
1342.0	11408.03636025826	-93.90276464813799
1343.0	11546.074649811228	-194.38744015465227
1344.0	11501.54723636183	-137.41560735395205
1345.0	11513.037120386316	-132.9111774505656
1346.0	11522.224578388943	-205.1052576837842
1347.0	11223.208940530856	-296.71118417039935
1348.0	11327.584184510166	-157.43795443123614
1349.0	11505.703398001331	-168.76140585673798
1350.0	11286.719109449567	-155.61617619259246
1351.0	11340.882911607958	-121.93106553493892
1352.0	11554.31834737256	-213.55461695094786
1353.0	11528.784933524648	-169.0292218035867
1354.0	11570.335271753604	-250.73122778349367
1355.0	11536.739429911662	-187.40761392883255
1356.0	11393.648433780012	-147.57472361704654
1357.0	11544.966153713554	-206.2537605670218
1358.0	11411.87169942464	-384.0829258408824
1359.0	11552.991635874534	-225.07360995844238
1360.0	11586.364603259857	-287.62490205712874
1361.0	11546.534253489992	-260.51025362997353
1362.0	11561.041671280725	-243.41637102029335
1363.0	11573.000903733795	-303.5341336496975
1364.0	11364.489883246002	-321.6399231455686
1365.0	11562.139564870178	-297.3630222222014
1366.0	11568.998402288149	-261.8983661727278
1367.0	11576.995506491847	-280.3675337669018
1368.0	11610.24086519212	-342.7898657545264
1369.0	11585.060282208346	-298.68753627456636
1370.0	11448.615656072468	-376.84350347735807
1371.0	11618.108008580914	-360.8851265375312
1372.0	11571.091325534435	-359.5565902807527
1373.0	11593.088392925027	-317.10970423836335
1374.0	11588.905604882419	-340.57226818468297
1375.0	11600.970787615115	-335.6153214569983
1376.0	11519.372904472353	-416.28949664545326
1377.0	11608.842812172159	-353.86248323507243
1378.0	11634.498544404583	-398.67118583412713
1379.0	11616.493622759226	-372.30193579433643
1380.0	11586.142325275638	-397.17792622901953
1381.0	11603.55898452121	-377.14228982998065
1382.0	11624.705202187854	-391.5653497007873
1383.0	11576.355477714666	-446.9043549849521
1384.0	11633.919176623698	-409.4401280534451
1385.0	11573.571846963294	-424.5619830945482
1386.0	11649.733227021685	-434.7735399044959
1387.0	11604.801499065681	-471.5457440373272
1388.0	11641.237453466325	-427.34480704158403
1389.0	11633.474457305594	-450.7665373715754
1390.0	11607.75737083877	-440.2155116116646
1391.0	11647.802999292233	-445.6389539540293
1392.0	11627.851086162838	-473.26848326517273
1393.0	11653.325167215256	-464.37195411890997
1394.0	11636.548644490094	-463.05360628871796
1395.0	11662.52833511775	-481.75756855110984
1396.0	11185.7152805075	-353.0359545561446
1397.0	11189.665251457192	-246.04901959721988
1398.0	11520.751993363849	-151.24068372833744
1399.0	11516.855976517158	-174.79107855779526
1400.0	11316.278631561194	-338.0540938822667
1401.0	11352.884404444965	-193.30177824547613
1402.0	11624.706201451118	-417.1364300750981
1403.0	11623.661974617971	-441.48497169499996
1404.0	11342.192568401466	-238.2538711841997
1405.0	11488.804369043193	-175.8834785838973
1406.0	11465.537926325569	-79.20312557599284
1407.0	11424.116241819844	-111.80318963640472
1408.0	11613.35242499387	-412.49190626485324
1409.0	11553.429202982328	-390.79152343989034
1410.0	11586.765500393005	-414.6582139433024
1411.0	11601.032820651284	-390.7322456516861
1412.0	11581.16383442918	-321.95428194473016
1413.0	11593.26297912382	-370.5528765925501
1414.0	11536.79942011636	-350.69756948988334
1415.0	11586.265291240343	-352.5742085015857
1416.0	11578.367511783634	-334.22261492189045
1417.0	11550.083442752146	-309.60442132462003
1418.0	11496.184966214294	-370.9181486059515
1419.0	11570.497596424599	-315.673615881966
1420.0	11564.829846576722	-285.2590565568433
1421.0	11486.68957561737	-291.2171761847938
1422.0	11557.344545334483	-266.61749295179425
1423.0	11519.414136355315	-268.4487103537226
1424.0	11548.894509970785	-248.47627008770678
1425.0	11414.566339085095	-202.42931458646626
1426.0	11540.629863221688	-230.04648152102905
1427.0	11524.990378648625	-192.89667618073523
1428.0	11529.855554560467	-223.75624379076376
1429.0	11504.861345187463	-238.73994230157118
1430.0	11514.133317963875	-186.87339818499717
1431.0	11506.49288858559	-211.80821382895147
1432.0	11446.536039966353	-104.20653286322356
1433.0	11387.99782994708	-183.5920403016324
1434.0	11508.627988421766	-156.51632436898777
1435.0	11486.866457372338	-194.82237747927033
1436.0	11441.152478336471	-148.9113142750983
1437.0	11420.126363692674	-137.67708023315163
1438.0	11491.60449241147	-118.06922769034054
1439.0	11498.382041982639	-149.802931625438
1440.0	11481.770118977396	-152.44440883215626
1441.0	11461.719274698	-114.63173128304227
1442.0	11475.908433459472	-139.1122195570274
1443.0	11489.824242975723	-130.11583481210573
1444.0	11602.236362812802	-423.0146715209618
1445.0	11595.070139170342	-454.2014259244091
1446.0	11539.534034044127	-428.2871277414985
1447.0	11560.942493852408	-334.1772097263004
1448.0	11473.927467171292	-392.02536158748745
1449.0	11555.66862015322	-321.8302623898
1450.0	11452.109288771431	-337.35342046954776
1451.0	11501.042827777195	-199.7826243793129
1452.0	11460.325591195282	-133.4626220981701
1453.0	11555.49222681955	-413.28248746322
1454.0	11575.480137986962	-371.5556375421717
1455.0	11450.082238081644	-168.39637720466467
1456.0	11520.472465274164	-250.56104186959797
1457.0	11459.633800728741	-227.77535116476625
1458.0	11475.117036458383	-166.27987430286535
1459.0	11511.486775260239	-224.23487097006378
1460.0	11539.782486227588	-284.3865682137701
1461.0	11410.31724078657	-258.28727704376814
1462.0	11496.210184237687	-341.790431181991
1463.0	11534.453618608526	-272.2678602947473
1464.0	11538.016094418163	-303.0305570548846
1465.0	11556.306621245283	-347.50924476825986
1466.0	11517.666335433785	-385.50242823086774
1467.0	11570.88564800871	-384.5907313569357
1468.0	11395.516930883672	-342.90054040366994
1469.0	11478.62038737278	-244.1460553056539
1470.0	11520.89251150095	-309.9540486653479
1471.0	11535.764441168338	-375.0090953035833
1472.0	11436.54059918037	-283.01873941012144
1473.0	11428.538821851878	-316.85101301603726
1474.0	11507.619421057168	-287.49090988320876
1475.0	11477.446317893642	-323.4075611557167
1476.0	11518.726532405197	-332.06318499320724
1477.0	11443.607614758032	-188.15993812595494
1478.0	11469.35432382365	-271.33076189270906
1479.0	11424.144378785808	-230.22859538546814
1480.0	11466.704501463915	-204.98233411952864
