1.0	28525.500792546114	-3316.537724008989
2.0	28610.019789441445	-3275.161987721583
3.0	28445.23832605954	-3255.0161532973493
4.0	28684.614796715236	-3383.479167757567
5.0	28822.33332692192	-3401.712376000221
6.0	29097.284518001867	-3276.6755635071663
7.0	29213.396920334195	-3362.142998970425
8.0	29549.56348925011	-3346.0107956851075
9.0	29895.757254648637	-3336.049992041438
10.0	30240.084247682895	-3331.5676727778377
11.0	30583.555542958766	-3333.585302791335
12.0	30907.722045745646	-3248.154191926564
13.0	31030.63629665477	-3339.427450624053
14.0	31728.804960955415	-3355.9161030356067
15.0	32074.886954363465	-3363.7425212932453
16.0	33898.46130448776	-3405.5964195615343
17.0	35032.15610840772	-3427.0220942197243
18.0	36163.65385918857	-3454.3765484207875
19.0	36852.11376121893	-3473.349979604432
20.0	37196.407911818365	-3480.955695020768
21.0	37542.99789655755	-3486.7924078561286
22.0	37866.6766772067	-3406.2614874095016
23.0	37990.8490220717	-3491.9066101413014
24.0	38336.05147452568	-3494.5052079263155
25.0	38680.63097777549	-3496.0332707583625
26.0	39374.39240169513	-3496.9178538655774
27.0	41187.63557932324	-3414.918832143536
28.0	44812.71907406944	-3515.5122715677735
29.0	44907.66256509543	-3432.81377251426
30.0	42482.738712437036	-3419.528799170817
31.0	28906.729541959237	-3282.165813371115
32.0	31559.611162770496	-3262.147593030044
33.0	32409.608077074397	-3288.402212496256
34.0	29411.34004618521	-3265.700971343324
35.0	29735.99167396189	-3259.1876840157024
36.0	32733.790140387882	-3297.2577270230613
37.0	30060.06569888849	-3253.354556404532
38.0	33058.34974504667	-3305.7213577029834
39.0	30382.828212232078	-3250.02429573354
40.0	33381.66116339461	-3313.706034724926
41.0	30706.037313215682	-3249.887769235424
42.0	33703.85459624233	-3321.1622042927524
43.0	31233.2488951516	-3254.069470680759
44.0	34228.2570381698	-3332.2933378551365
45.0	31380.061509868658	-3347.9887572667703
46.0	34552.3523655357	-3338.43320021693
47.0	31884.387730281258	-3271.446157230037
48.0	34875.9841621076	-3344.447347938853
49.0	32208.041010166427	-3281.158631202392
50.0	35520.24359201183	-3357.575257392686
51.0	32521.141656929965	-3375.1934425147233
52.0	35843.95841061685	-3365.411955012822
53.0	32867.48531220166	-3383.040680471324
54.0	36045.60602018306	-3370.0595432909918
55.0	33212.92910117964	-3390.8564733890985
56.0	36693.06647099377	-3386.705719875472
57.0	33555.98586677589	-3398.4236266862426
58.0	34026.60137948348	-3328.0744960288052
59.0	34343.64922207331	-3414.3233320566433
60.0	34688.88249175516	-3420.594155334205
61.0	35198.1215645573	-3350.694891603745
62.0	35373.92424358858	-3434.137142818825
63.0	35717.27753811603	-3442.4733093462187
64.0	36369.91954118109	-3378.546001549719
65.0	36508.63942219711	-3464.23569675434
66.0	39163.36830117178	-3412.6722881087885
67.0	39689.833095634065	-3413.1842487952927
68.0	37015.879630492236	-3393.9017988612673
69.0	40013.071010674095	-3413.2424127304184
70.0	37339.86179090061	-3399.720651646509
71.0	40336.304412594465	-3413.3942078157393
72.0	37664.98668909486	-3404.193568136858
73.0	40661.04138081737	-3413.76397728459
74.0	38191.090690185745	-3409.0480325181306
75.0	40985.935494151665	-3414.362855347336
76.0	38514.422829726296	-3410.916014545195
77.0	41510.95533274483	-3415.8112261627116
78.0	38838.21708354968	-3412.063633653126
79.0	41833.850575979704	-3416.8859493071436
80.0	39027.02740953139	-3496.754383539023
81.0	42157.97081534351	-3418.131100987755
82.0	39488.13223162023	-3412.925889167742
83.0	39820.69353896123	-3496.893939787158
84.0	40164.61370451151	-3496.7207211335904
85.0	42806.35750987926	-3421.0528330407656
86.0	40510.033357477565	-3496.7635771809346
87.0	40857.11403703902	-3497.113568997187
88.0	43008.05560998258	-3422.0216152858357
89.0	41303.62774913456	-3498.055800231143
90.0	43330.8676407793	-3423.698823342785
91.0	41647.29294647267	-3499.001195420618
92.0	41991.75874049725	-3500.1857381091927
93.0	43654.44282354843	-3425.4686546861085
94.0	42338.09818866063	-3501.590055710412
95.0	42683.937166429714	-3503.180462432532
96.0	43979.30389007803	-3427.317571785414
97.0	43128.66998784506	-3505.419860954047
98.0	44303.56084574552	-3429.216207687769
99.0	43472.50986697739	-3507.319629699143
100.0	43818.399110528	-3509.3399429042115
101.0	44619.5328407411	-3431.09506149425
102.0	44164.97023295414	-3511.448303614536
103.0	44502.652511374275	-3513.5562534988326
104.0	16135.74084142576	-3005.164323026553
105.0	28298.7881096588	-3229.669610993071
106.0	16186.451938113098	-3037.3386076225706
107.0	16532.689305560474	-3001.7623438071537
108.0	16731.798656191288	-3009.5727660540338
109.0	16931.211361050835	-3013.955877838074
110.0	17430.201059637693	-3022.9788670006587
111.0	17361.157743065043	-3321.0715266003554
112.0	17829.228215387862	-3027.2498953282666
113.0	18028.68925496469	-3029.2471086886485
114.0	18228.143148667208	-3031.445537084619
115.0	18432.13023466607	-3032.1196446382924
116.0	18629.41828817977	-3033.0952557847945
117.0	18827.092486980026	-3042.7471399600167
118.0	19025.086196051183	-3047.6116375205906
119.0	19464.929681694466	-3255.488597281121
120.0	19724.023344302917	-3057.341659082911
121.0	20023.265632341587	-3058.9310823501733
122.0	20222.58136730018	-3060.898680781577
123.0	20423.665957664314	-3065.9356188239167
124.0	20621.024879023156	-3069.096812012061
125.0	20919.2186643303	-3080.3961103828115
126.0	21118.191903543517	-3090.6772054650137
127.0	21318.688333009282	-3103.45380348774
128.0	21516.588954083614	-3112.5086748343115
129.0	21815.815005850414	-3126.827016352916
130.0	22016.877147277915	-3136.2196728552094
131.0	22215.18943946216	-3140.2783515898577
132.0	22515.01464498529	-3144.446415310443
133.0	22716.285841625544	-3145.842740015687
134.0	22914.542496824997	-3142.16715296767
135.0	23213.821346012995	-3137.4866798744406
136.0	23414.984351525625	-3135.9985583447437
137.0	23612.712112505164	-3132.077071243317
138.0	23911.58804085123	-3129.2485968939304
139.0	24112.45225717148	-3129.117710823128
140.0	24310.84368140869	-3127.120503455615
141.0	24609.681805488693	-3125.9284906086723
142.0	24809.56894732427	-3124.9890183117127
143.0	25008.743528887484	-3123.2976961943073
144.0	25308.03825578537	-3120.295247635346
145.0	25507.504120656846	-3118.055051887172
146.0	25706.94002302583	-3115.8479148971837
147.0	26006.072102880895	-3112.9868930276066
148.0	26206.975264590914	-3110.7640283976107
149.0	26404.990962214146	-3109.7936177065953
150.0	26706.266822971524	-3108.162851487192
151.0	26904.62352936921	-3104.233877675597
152.0	27203.122416485076	-3099.2344223850073
153.0	27404.45763147093	-3097.2564308094493
154.0	27602.10470257432	-3093.743260497993
155.0	27900.635571381117	-3093.202176572772
156.0	28375.70284875702	-3290.5274021503824
157.0	15544.802672724973	-3070.369867692525
158.0	15179.411765182287	-3194.9605279161
159.0	15347.411236569964	-3111.782646915662
160.0	15313.278131314108	-3246.224407784708
161.0	16023.396117557952	-3457.363139857803
162.0	15074.550283598692	-3174.9252746172388
163.0	15138.594165768338	-3157.0518827011033
164.0	15240.450920457202	-3154.42641533674
165.0	15452.040489351113	-3290.432715590136
166.0	15407.899347328203	-3149.9007040546294
167.0	15622.02695980423	-3340.9527381212224
168.0	15811.73817698376	-3391.8835466516925
169.0	15696.884407816475	-3082.531841817765
170.0	17775.635111695352	-3312.2319099877263
171.0	16088.010284122152	-3041.561730430553
172.0	16243.996949732782	-3459.7946932679574
173.0	16478.032438401733	-3409.7432165336027
174.0	19635.77842992055	-3262.016058549681
175.0	16705.783263924342	-3365.986228299685
176.0	16581.841470586067	-3036.5929712515135
177.0	16941.901586271564	-3344.320446076917
178.0	16780.642651466518	-3040.059586349736
179.0	17149.26658228013	-3327.54942552435
180.0	16970.401084682755	-3134.9455268477336
181.0	17046.92826725565	-3280.8341669717556
182.0	17252.29206874508	-3270.3559413757625
183.0	17304.27391724005	-3130.6898338675946
184.0	17569.582232894445	-3317.820439471971
185.0	17479.70680081131	-3057.578958836059
186.0	17650.903904340943	-3173.6799352288567
187.0	17707.350820630585	-3133.418738932925
188.0	17976.761998366972	-3303.87378107137
189.0	17878.725674944824	-3061.8021096048633
190.0	18172.633486351635	-3293.5440504358926
191.0	18077.82346946196	-3062.9070142307223
192.0	18367.538569487948	-3281.3286594414844
193.0	18277.603901240906	-3061.355258983711
194.0	18558.155172853545	-3262.2153925724288
195.0	18488.99358573994	-3085.5387438016874
196.0	18740.437998583297	-3254.1610622274816
197.0	18678.97457573218	-3083.1642456496866
198.0	18927.728494437015	-3254.363336020684
199.0	18877.09093079045	-3094.3598893575513
200.0	19111.58182502787	-3245.1663263307687
201.0	19294.611653811753	-3256.052779120553
202.0	19179.087683265105	-3185.5561301458324
203.0	19385.582391052067	-3203.895276698119
204.0	19439.593336443486	-3061.942554238221
205.0	19547.931331728596	-3206.5025079862717
206.0	19673.515774507883	-3103.3458498136297
207.0	19822.056246484153	-3252.968648735356
208.0	20007.642159829036	-3251.128112634377
209.0	19885.714587361002	-3190.6268948215206
210.0	20192.8956711064	-3251.5366050825537
211.0	20078.09991356434	-3189.278968777637
212.0	20398.405419530704	-3195.9858234562657
213.0	20272.62833917895	-3097.701132018221
214.0	20532.402365124402	-3266.3521465501394
215.0	20475.637602073806	-3112.8543506358014
216.0	20713.169310889774	-3260.8311127101133
217.0	20896.69907158661	-3265.894701116114
218.0	20777.851328497254	-3203.5151394299974
219.0	21080.46753632495	-3275.0654762241084
220.0	20968.76131430453	-3210.066642207557
221.0	21287.249757390735	-3230.9889023180276
222.0	21166.683465764378	-3129.3219382206516
223.0	21417.144966532407	-3305.1122679321943
224.0	21368.403196325686	-3151.4763737765784
225.0	21599.35301675049	-3303.435480462038
226.0	21783.524213257286	-3312.0286693709127
227.0	21668.82550701522	-3247.5507443151896
228.0	21988.577752972342	-3264.4474010051567
229.0	21864.98800421611	-3164.8479711497052
230.0	22120.699026522238	-3335.496012207673
231.0	22067.728437636553	-3183.114839365861
232.0	22303.22186024846	-3328.547387263767
233.0	22488.186023734466	-3330.9270741789
234.0	22371.511869939695	-3270.443543130053
235.0	22692.39644800997	-3275.518971451847
236.0	22565.63326705195	-3180.522016805831
237.0	22826.560509183677	-3342.0716325634276
238.0	22768.746365273113	-3190.947737589766
239.0	23008.79403747948	-3328.3738525554386
240.0	23193.075606494003	-3325.3271724965184
241.0	23074.832691356714	-3267.59944493188
242.0	23394.36215010268	-3265.6269691451585
243.0	23265.034161151965	-3172.6575681586096
244.0	23530.674326857323	-3329.8184860019537
245.0	23468.37754798269	-3180.469682979945
246.0	23711.12091405514	-3315.117288318336
247.0	23894.32363842642	-3311.7168336619034
248.0	23774.454933459547	-3255.9873731775683
249.0	24092.19396044649	-3254.4647265088115
250.0	23966.391434209174	-3255.2187642339572
251.0	24229.168071513148	-3314.674078690734
252.0	24165.706665936	-3171.8394030536656
253.0	24407.98041272409	-3303.068548166513
254.0	24589.48699231833	-3300.7329889657376
255.0	24471.350257248745	-3248.2494630653005
256.0	24785.747180826977	-3245.8266068761864
257.0	24661.680160475953	-3246.7031805664774
258.0	24920.154803357684	-3305.1115871309935
259.0	24861.643247773067	-3166.2998233059093
260.0	25099.280629467074	-3296.356778083414
261.0	25280.35923068009	-3295.572948868468
262.0	25166.120372034366	-3242.9670105355326
263.0	25480.636755851763	-3240.9724610376966
264.0	25358.284967186668	-3153.7484076322603
265.0	25611.32979654534	-3304.149379216045
266.0	25558.47885451828	-3160.793394066788
267.0	25792.782740760285	-3294.287771234149
268.0	25975.14373298918	-3293.5181590188545
269.0	25862.20610705252	-3238.2597748879402
270.0	26128.742787220617	-3302.131728074606
271.0	26060.370187081022	-3156.010239361929
272.0	26307.737816046447	-3303.768225817505
273.0	26257.644755942736	-3156.8361983631953
274.0	26489.681661714796	-3289.5845084308653
275.0	26687.47067105699	-3234.043904458375
276.0	26560.707649690234	-3234.2314212693823
277.0	26826.320562922436	-3294.8242377580573
278.0	26760.71254027406	-3150.9109546279046
279.0	27004.996960341257	-3287.467036791097
280.0	27187.402849107748	-3279.7491159039523
281.0	27067.151363094297	-3230.4214698829624
282.0	27385.6318805284	-3223.358248166184
283.0	27258.994601857285	-3224.0876781976017
284.0	27523.609995141294	-3284.267933100815
285.0	27458.69534242645	-3140.195802298896
286.0	28163.735257007833	-3209.300974644455
287.0	27701.770610691583	-3277.269547004496
288.0	27883.710127235303	-3271.1908672759696
289.0	27763.685521949705	-3221.2117894905364
290.0	28087.69766433886	-3222.111651192766
291.0	27957.90173665657	-3220.758745375994
292.0	28106.114399693393	-3095.5838156157356
293.0	28226.74477961414	-3260.775321425955
294.0	15936.965951523913	-3016.719307369744
295.0	16334.104237343085	-3004.476364738812
296.0	16137.90708857347	-3284.968577047011
297.0	16234.905354054279	-3006.2755200652355
298.0	16433.38325029957	-3004.0965988791427
299.0	16352.444615245424	-3374.605807099901
300.0	16681.233137488034	-3042.432064646908
301.0	16580.650459543802	-3328.9556997943096
302.0	17031.0518231954	-3017.372470024867
303.0	16831.338130789136	-3006.666964146861
304.0	16779.79306630834	-3281.406005606565
305.0	17330.333560638832	-3021.1462873415167
306.0	17506.008659304538	-3132.7311818075996
307.0	17447.64673956508	-3173.9687528458803
308.0	17230.610747824798	-3020.0788957601053
309.0	17729.4980026111	-3026.273361501617
310.0	17978.458201620975	-3062.8251426521297
311.0	17907.35473608814	-3133.608177249989
312.0	18177.552592218617	-3063.9821757030877
313.0	18105.05882882953	-3132.142492365341
314.0	18381.866519879066	-3060.6031480654633
315.0	18303.991980096936	-3126.3797701080925
316.0	18586.560976370718	-3084.713253209704
317.0	18776.932114325184	-3090.759637394567
318.0	18926.684565743602	-3060.6605489722756
319.0	18864.36469325493	-3191.789517329744
320.0	19124.460768346395	-3053.637027360745
321.0	19053.964627182926	-3183.550126326298
322.0	19223.86928677568	-3051.22694034865
323.0	19073.43224096706	-3087.9802760094285
324.0	19506.07888859962	-3062.7854827126826
325.0	19321.796974644094	-3064.32288475605
326.0	19823.773689393875	-3059.6859558078972
327.0	19555.304024664605	-3109.7248724463966
328.0	19759.550172838903	-3190.7228988110896
329.0	19923.541733018796	-3058.164714931439
330.0	19773.59953070857	-3093.9885287180605
331.0	20122.94557384211	-3059.810802016938
332.0	19873.38267240106	-3094.078571987091
333.0	20072.81044793016	-3093.3901454825113
334.0	20322.908701791635	-3064.3907859856517
335.0	20270.89736424256	-3192.774559227282
336.0	20524.274971155417	-3078.0075097450845
337.0	20466.81493995919	-3207.0161148344
338.0	20720.253486529477	-3073.9614004339
339.0	20653.29496281974	-3199.8033954960206
340.0	20819.77470636587	-3075.9161692761627
341.0	20669.57617800544	-3106.5979520536875
342.0	21018.6893060041	-3085.3647543810653
343.0	20867.971474124144	-3112.104891769764
344.0	21066.631280369566	-3121.9686446944684
345.0	21267.595950017185	-3136.570505647618
346.0	21160.660393185153	-3222.200284311921
347.0	21418.722794284582	-3118.541083943128
348.0	21354.861720259763	-3244.044117030619
349.0	21616.325211823398	-3117.599020204227
350.0	21543.474387867816	-3241.3040196056413
351.0	21716.054061069048	-3122.380314775448
352.0	21564.711305863355	-3149.0313017724134
353.0	21764.420230940257	-3158.6083071889093
354.0	21966.387614402192	-3170.4011534577107
355.0	21861.642499878788	-3258.026951862537
356.0	22166.346047631047	-3184.299930925184
357.0	22056.692180661816	-3276.0284309928556
358.0	22315.11253366787	-3142.307776854925
359.0	22245.672802980476	-3268.170674790165
360.0	22415.0620195646	-3143.704391925235
361.0	22264.46185709156	-3175.3287387670584
362.0	22364.613489248022	-3177.045868744319
363.0	22615.644098638062	-3146.551494528337
364.0	22565.149976771365	-3273.9612798021312
365.0	22816.956309058965	-3154.840473593144
366.0	22760.72932183857	-3284.632696039869
367.0	23014.34406776165	-3140.7331315961824
368.0	22949.30974114944	-3269.4563438821147
369.0	23114.097704118238	-3139.1406262703927
370.0	22964.931294423932	-3175.4665361805983
371.0	23064.761168364388	-3173.9485316741393
372.0	23314.341439157128	-3137.819014548317
373.0	23267.457955502145	-3266.295187165888
374.0	23566.376583535093	-3177.8113110178015
375.0	23463.025561514074	-3273.8276136283916
376.0	23712.207307081553	-3130.8001246357035
377.0	23649.68777378539	-3258.3325691741065
378.0	23811.91551461576	-3129.9603255361767
379.0	23662.87907962923	-3165.602434134893
380.0	24012.169735149993	-3130.2732090820864
381.0	23762.35002064212	-3164.400344534149
382.0	24264.361784858862	-3170.2871306051843
383.0	23962.516038629823	-3164.593065655019
384.0	24161.01058067181	-3261.4403627963425
385.0	24410.206776551193	-3126.8169708281494
386.0	24347.515425846534	-3249.545822751588
387.0	24509.943010002604	-3126.3847346832777
388.0	24360.864534694294	-3160.9299172739998
389.0	24709.464485251156	-3125.409355650401
390.0	24559.966621966192	-3160.167154503013
391.0	24659.752418666805	-3159.6790537819847
392.0	24910.93856334002	-3131.765898042386
393.0	24854.24124664543	-3253.0442700970184
394.0	25108.54097812598	-3122.378752562527
395.0	25042.326668107333	-3243.7396119705027
396.0	25208.277614287435	-3121.3666017156283
397.0	25058.952851808117	-3156.8465394544364
398.0	25258.52029427883	-3154.8403899843397
399.0	25407.77333416331	-3119.181397690248
400.0	25356.484073100542	-3241.5912259934016
401.0	25607.962991847755	-3126.2213470932256
402.0	25547.851859218896	-3249.514351414256
403.0	25806.66285348109	-3114.8160598479867
404.0	25737.90167261902	-3238.9088320071055
405.0	25906.356678644603	-3113.8599824373273
406.0	25757.151726900946	-3149.34565688465
407.0	25956.5125084426	-3147.4374275817245
408.0	26161.539395869953	-3154.5835509068456
409.0	26057.31620423829	-3246.3290492684846
410.0	26355.926461518888	-3156.6576465127036
411.0	26246.248887191887	-3247.316418309612
412.0	26504.761215174254	-3108.934300004638
413.0	26435.268402032623	-3233.864826409041
414.0	26605.44613896424	-3109.6013961778312
415.0	26455.166677997495	-3143.3645174895923
416.0	26657.66268083322	-3144.3236135074408
417.0	26808.226119006027	-3115.0404662544806
418.0	26757.277032823262	-3241.0106238202975
419.0	27003.742346362105	-3107.4444468895767
420.0	26943.41968885539	-3232.376171351465
421.0	27103.400240308096	-3100.975905070183
422.0	26955.13173186871	-3142.192626330996
423.0	27303.720346898608	-3099.151439097887
424.0	27054.184706101823	-3140.582425001911
425.0	27254.44013337765	-3134.0008085624445
426.0	27506.09123136457	-3104.3247215897154
427.0	27455.033559469462	-3230.399977182282
428.0	27701.330109714705	-3097.9466396880416
429.0	27640.052413015084	-3222.086456932337
430.0	27800.90424028043	-3093.1347112877315
431.0	27652.116694512544	-3132.109820197289
432.0	28003.97775610832	-3098.2367354029393
433.0	27850.74968831083	-3127.186504281361
434.0	15453.734424222299	-3106.8222440864006
435.0	15643.245824630023	-3055.8539030104403
436.0	15291.664508202897	-3174.6016917865813
437.0	15561.14095167671	-3194.200973392177
438.0	15619.81046647596	-3166.8307421847444
439.0	15599.083516747929	-3095.6416204792235
440.0	15397.173474334611	-3229.228920512081
441.0	15507.694586309168	-3128.8985515701243
442.0	15926.595462660202	-3363.370645311341
443.0	15548.750013141975	-3269.5884945588987
444.0	15839.9455250162	-3033.1967616090465
445.0	15728.58184330797	-3311.7232669629993
446.0	16051.741131685396	-3235.7121285873222
447.0	15684.745588644786	-3158.7272472290383
448.0	15741.170015476375	-3042.1875274485587
449.0	15746.051566247968	-3208.508278330401
450.0	15811.6874823175	-3162.592999445734
451.0	15794.667112374218	-3072.467653975165
452.0	15950.410868637506	-3264.853856905316
453.0	17852.698532243412	-3172.393855648005
454.0	17667.58730567704	-3264.8368162296388
455.0	16036.830228671191	-3014.7912407848507
456.0	15891.27561310712	-3057.274976133227
457.0	15885.747588512173	-3188.7476736265976
458.0	15984.416043959893	-3115.104377106329
459.0	15988.77055879312	-3046.9899381755117
460.0	16430.579449157092	-3149.574854164943
461.0	16172.197446746368	-3107.8560932331316
462.0	16133.377480423334	-3408.1027999114654
463.0	16565.566304801625	-3108.690763279798
464.0	16298.594403647307	-3111.854844848511
465.0	16285.12149991792	-3039.2663769466294
466.0	16482.729491453672	-3035.286867221274
467.0	16335.958579348962	-3274.5479316914557
468.0	16383.875858812584	-3038.1936923216417
469.0	16499.696739100156	-3107.8290062821347
470.0	19692.71163315194	-3200.337200804063
471.0	19623.9552642125	-3068.2470720193724
472.0	16903.586191035265	-3168.329617769914
473.0	16556.340935516648	-3244.4454012554634
474.0	16632.222846851688	-3006.634303081193
475.0	16680.83852831788	-3133.40693936919
476.0	17130.78937327323	-3017.389840992087
477.0	16746.972937349925	-3171.0485268314173
478.0	16880.35557852282	-3041.9078026332104
479.0	16869.923892598425	-3277.7170378055184
480.0	16980.364645366077	-3050.194515427064
481.0	17041.76546723	-3180.8466677781767
482.0	17100.907441050735	-3130.1831867752203
483.0	17080.230236332816	-3051.4600004425793
484.0	17242.435467679898	-3174.4907716827897
485.0	17279.888106749175	-3054.373301679274
486.0	17180.06754285329	-3052.271209549925
487.0	17167.50645221752	-3130.3665532842883
488.0	17370.89234412528	-3131.662750334745
489.0	17379.748522691123	-3055.8250874610644
490.0	17461.29302213767	-3267.553239378125
491.0	17629.762706257923	-3025.2434615935103
492.0	17572.5853171638	-3133.4792329694374
493.0	17530.025315784038	-3024.1767480890735
494.0	17679.264560827418	-3059.7584420481558
495.0	17579.530378883956	-3058.7030562188593
496.0	17773.837500409132	-3134.1226490761887
497.0	17778.996244696897	-3060.7847564015756
498.0	18051.309593342536	-3169.96822170487
499.0	17871.056453876492	-3259.7109541045834
500.0	17973.843180631247	-3134.3107775337326
501.0	17928.958759673245	-3028.248489697635
502.0	18069.114711007278	-3252.577350372723
503.0	18248.525145481693	-3165.3354117153235
504.0	18128.051741233783	-3029.359718198586
505.0	18171.546510177068	-3132.847539209411
506.0	18264.68585867409	-3242.8264796250537
507.0	18448.89833659461	-3149.551379218917
508.0	18327.827776523238	-3027.98876856234
509.0	18375.012453236388	-3125.1561494997786
510.0	18458.465082651757	-3223.8902002737777
511.0	18636.117263923126	-3134.782243074596
512.0	18534.678393129692	-3054.5415486981
513.0	18643.829521738564	-3206.948366278873
514.0	18797.444335211603	-3188.899817478337
515.0	18726.81041702068	-3054.9437901492315
516.0	18989.140637969085	-3193.3682436646836
517.0	18975.370471740145	-3097.0950845884677
518.0	19386.11656714739	-3107.5017791507357
519.0	19172.49901279949	-3089.5966814926783
520.0	19243.4645306501	-3193.768489776389
521.0	19270.115675387115	-3098.432092959269
522.0	19952.227177825367	-3188.886290635503
523.0	19973.1401159721	-3092.5780836464255
524.0	20144.439524761376	-3189.923982147526
525.0	20172.394246018757	-3094.3594850556124
526.0	20373.988557030436	-3101.1837767994
527.0	20345.594589355514	-3254.2662598515785
528.0	20590.23965071289	-3207.7844986918967
529.0	20573.28959462929	-3113.6016260854412
530.0	20768.654288951253	-3109.850870596117
531.0	20843.952596351985	-3204.364080486426
532.0	20967.26202927606	-3116.827240190916
533.0	21034.92998573022	-3213.4785693622925
534.0	21218.330732840204	-3098.124902435455
535.0	21231.96146763453	-3285.4216451971347
536.0	21478.674885090524	-3249.152492744937
537.0	21466.711236776773	-3155.149052009911
538.0	21735.474942684443	-3250.630979494073
539.0	21664.56078409259	-3153.9870018906063
540.0	21935.1126154527	-3320.093095389777
541.0	21916.267981219873	-3132.867867129499
542.0	22180.79356168478	-3277.919406270257
543.0	22117.28776944325	-3148.9629452356044
544.0	22438.440540917843	-3271.1569170977928
545.0	22464.785871888085	-3178.1155212256367
546.0	22640.388769941375	-3333.461929451981
547.0	22667.16848642607	-3182.0477995245033
548.0	22884.892758975708	-3281.8196308150023
549.0	22867.271515416458	-3188.273430294823
550.0	23141.344979198682	-3266.5305012706262
551.0	23164.51451306786	-3172.3276276558267
552.0	23366.471726461637	-3172.756202900833
553.0	23344.655657148352	-3324.327399799921
554.0	23586.428714579237	-3270.184606806885
555.0	23515.9741822818	-3144.0872595644228
556.0	23840.85694015241	-3255.465623570611
557.0	23861.996738156566	-3163.623085381576
558.0	24063.64465796914	-3165.0253282972667
559.0	24044.594433206697	-3310.338305872569
560.0	24284.25827978215	-3258.7653925488576
561.0	24213.96766185405	-3136.594857004384
562.0	24537.844066986683	-3247.9475260755867
563.0	24460.227512228088	-3160.6137912045237
564.0	24737.235251916816	-3298.9645617872684
565.0	24759.904155970464	-3159.295527523811
566.0	24977.701865986674	-3251.966592843651
567.0	24961.08362484137	-3165.365350546154
568.0	25232.642163259676	-3242.275272856319
569.0	25158.754536992492	-3155.8820575307122
570.0	25428.58907407952	-3295.3677013667916
571.0	25458.020121849422	-3152.6289757222944
572.0	25672.1773134932	-3248.8976643790525
573.0	25658.183513496235	-3159.690589603701
574.0	25856.836165491404	-3148.351238624234
575.0	25928.638121393626	-3237.649883666416
576.0	26183.388246816	-3244.807548671483
577.0	26109.947919117305	-3121.5889204034133
578.0	26369.272756642487	-3246.8828916512016
579.0	26305.7873896737	-3123.062760732591
580.0	26640.072851693432	-3289.4715866355436
581.0	26555.888927184817	-3144.081521762604
582.0	26880.871102860012	-3237.9793299058642
583.0	26859.341151492812	-3148.2952275946805
584.0	27133.568368657743	-3224.53306311988
585.0	27153.842404514708	-3134.1052392360925
586.0	27356.05139659868	-3133.6295618760073
587.0	27337.855299307965	-3278.96699502322
588.0	27577.792248887465	-3227.505480529344
589.0	27556.611702153754	-3137.7664439016303
590.0	28169.11192038583	-3121.5285975449056
591.0	28059.828734592866	-3134.203367673402
592.0	27751.18073947536	-3131.8655189091296
593.0	27830.009247775026	-3216.546287801184
594.0	27954.086740266575	-3132.129838192619
595.0	28035.661682244303	-3274.773926105678
596.0	15920.057306659814	-3122.700542680208
597.0	16106.971159144328	-3110.66583044961
598.0	16796.21154179531	-3110.5604724048385
599.0	16862.693969190568	-3111.5305311443813
600.0	16437.23687847812	-3225.1750425863106
601.0	16615.553071897088	-3169.706969831759
602.0	16364.10481002362	-3111.129808546582
603.0	16232.040521986462	-3236.6025949950576
604.0	16051.43658886014	-3152.009779734725
605.0	16234.123766416937	-3149.3814735776778
606.0	14975.643537867305	-3171.7715413776873
607.0	66.63441262320826	-3063.1174180999406
608.0	280.2893986231826	-3063.133204966489
609.0	500.56990220178403	-3063.1489918330367
610.0	720.9208318632917	-3063.164778699585
611.0	940.6113092080795	-3063.1805655661324
612.0	1293.7083188743218	-3063.2121392992285
613.0	1513.9911567939362	-3063.2279261657764
614.0	1733.8880149898093	-3063.2437130323246
615.0	2086.837100834577	-3063.2752867654203
616.0	2307.151719526892	-3063.291073631968
617.0	2527.2417158102435	-3063.3068604985165
618.0	2880.0896711318433	-3063.3384342316126
619.0	3100.5259991369435	-3063.35422109816
620.0	3320.9601415011452	-3063.3700079647083
621.0	3540.518550958628	-3063.385794831256
622.0	3893.7869870606805	-3063.4173685643523
623.0	4114.115572564423	-3063.4331554308997
624.0	4333.850427206926	-3063.448942297448
625.0	4686.774758052015	-3063.480516030544
626.0	4907.1157096984025	-3063.496302897092
627.0	5127.227873608383	-3063.5120897636402
628.0	5480.037912286778	-3063.543663496736
629.0	5700.31356882332	-3063.5594503632838
630.0	5920.669366176136	-3063.5752372298316
631.0	6273.507790464878	-3063.6068109629273
632.0	6493.433874081272	-3063.6225978294756
633.0	6713.697741846314	-3063.6383846960234
634.0	6933.397481375963	-3063.6541715625717
635.0	7286.358681490349	-3063.685745295668
636.0	7506.605283991579	-3063.7015321622152
637.0	7726.535631570133	-3063.7173190287635
638.0	8079.363007481707	-3063.7488927618597
639.0	8299.668364703395	-3063.7646796284075
640.0	8519.913938661228	-3063.780466494955
641.0	8872.721999236232	-3063.812040228051
642.0	9092.845826810248	-3063.8278270945993
643.0	9313.145276283047	-3063.843613961147
644.0	9532.74460683418	-3063.8594008276955
645.0	9885.803276318893	-3063.890974560791
646.0	10106.012320780097	-3063.906761427339
647.0	10325.805197656768	-3063.9225482938873
648.0	10678.638915498383	-3063.9541220269834
649.0	10898.887819851036	-3063.969908893531
650.0	11119.052074379584	-3063.9856957600787
651.0	11471.825300541765	-3064.017269493175
652.0	11691.872490671463	-3064.033056359723
653.0	11912.142247195356	-3064.0488432262705
654.0	12131.745279988405	-3064.064630092819
655.0	12484.69813835708	-3064.096203825915
656.0	12704.893794495918	-3064.1119906924628
657.0	12924.828905899856	-3064.127777559011
658.0	13262.507194996819	-3064.1581042626426
659.0	13445.792004572659	-3064.171212248355
660.0	13605.38279316815	-3064.182619964877
661.0	13826.358872655319	-3024.0219310146936
662.0	13903.472252248845	-3127.7790314377085
663.0	14072.854677789699	-3012.080559525984
664.0	14351.634354998443	-3000.2440280514397
665.0	14493.163575052844	-2996.8072313284333
666.0	14565.055790371216	-2993.8607010998808
667.0	14688.744726431367	-3052.031533342359
668.0	14791.613054485024	-3104.5277515733483
669.0	15040.246630153602	-3198.254488
670.0	147.02057337676573	-3137.830631766608
671.0	381.05282508571617	-3137.838525199882
672.0	621.7810204561994	-3137.8464186331553
673.0	861.9191895928692	-3137.854312066429
674.0	1168.1690261110653	-3137.8700989329773
675.0	1073.8801344544966	-3063.1963524326807
676.0	1408.3768105808788	-3137.8779923662514
677.0	1648.6532688267405	-3137.8858857995256
678.0	1954.9615623745474	-3137.9016726660734
679.0	1867.1568402362261	-3063.259499898872
680.0	2195.0532037955877	-3137.9095660993466
681.0	2435.5545809016276	-3137.917459532621
682.0	2741.9548820137443	-3137.933246399169
683.0	2660.5105410566607	-3063.3226473650643
684.0	2982.067102224401	-3137.9411398324432
685.0	3223.0343347240773	-3137.9490332657174
686.0	3463.1236486761377	-3137.9569266989915
687.0	3769.4128437428385	-3137.972713565539
688.0	3673.7873762050453	-3063.401581697804
689.0	4009.837802232589	-3137.980606998813
690.0	4249.99800450921	-3137.988500432087
691.0	4556.1195395039695	-3138.0042872986355
692.0	4467.119252453343	-3063.464729163996
693.0	4796.212758879404	-3138.0121807319097
694.0	5036.762636566145	-3138.020074165183
695.0	5343.147188661686	-3138.0358610317307
696.0	5260.496698854799	-3063.5278766301876
697.0	5583.06082076058	-3138.043754465005
698.0	5823.789036780313	-3138.051647898279
699.0	6130.4456079290385	-3138.0674347648273
700.0	6053.938191422552	-3063.59102409638
701.0	6370.0380527181305	-3138.075328198101
702.0	6610.3247662299445	-3138.0832216313743
703.0	6850.38513565501	-3138.0911150646484
704.0	7156.508424806209	-3138.1069019311967
705.0	7066.666306622381	-3063.6699584291196
706.0	7396.544164305786	-3138.114795364471
707.0	7636.817876515943	-3138.122688797745
708.0	7943.037949513236	-3138.138475664293
709.0	7859.804456816551	-3063.7331058953114
710.0	8182.998619530455	-3138.1463690975665
711.0	8423.64631284035	-3138.1542625308407
712.0	8730.162296880353	-3138.170049397389
713.0	8653.182763907642	-3063.796253361503
714.0	8969.922121913332	-3138.177942830663
715.0	9210.442161090523	-3138.1858362639373
716.0	9450.437703244826	-3138.1937296972105
717.0	9756.558052787841	-3138.2095165637584
718.0	9666.013432080596	-3063.875187694243
719.0	9996.653703617718	-3138.2174099970325
720.0	10236.75238708597	-3138.2253034303067
721.0	10542.84133131142	-3138.241090296855
722.0	10459.074022903185	-3063.938335160435
723.0	10782.751890389643	-3138.2489837301287
724.0	11023.26181140122	-3138.256877163402
725.0	11329.661641599116	-3138.27266402995
726.0	11252.320899626	-3064.001482626627
727.0	11569.309994774952	-3138.2805574632243
728.0	11809.723703558919	-3138.2884508964985
729.0	12049.693255006234	-3138.2963443297726
730.0	12355.711495675123	-3138.3121311963205
731.0	12265.01410523482	-3064.0804169593666
732.0	12595.687947066594	-3138.320024629594
733.0	12835.915476739747	-3138.3279180628683
734.0	13135.962181386929	-3138.3435205885703
735.0	13056.541571287447	-3064.143380084712
736.0	13349.479986520222	-3138.350535674073
737.0	13536.834843689803	-3138.356628574282
738.0	13721.124836516346	-3172.5719892356424
739.0	13671.702221731297	-3098.3979806262373
740.0	13861.90600329794	-3172.3567492502048
741.0	14013.522048673689	-3175.5879558907527
742.0	13969.303440216965	-3056.8482770009596
743.0	14131.313874009005	-3182.627284833456
744.0	14233.491005542659	-3186.3969216379123
745.0	14167.831096119662	-3030.13783290828
746.0	14325.599832510119	-3189.4411699581924
747.0	14263.085515351047	-3017.689571131805
748.0	14302.313090405	-3014.8234254493727
749.0	14408.750620010955	-3191.3071099586564
750.0	14366.906083122085	-3009.105453413021
751.0	14393.776896794827	-3006.6763409669343
752.0	14487.330062125324	-3192.2337552805493
753.0	14437.721384300197	-3002.889335328336
754.0	14486.07190762849	-3001.9441145374094
755.0	14565.822321759939	-3192.891192313671
756.0	14880.484962756318	-3148.0369054868747
757.0	14500.391292811328	-3001.6893892231624
758.0	14514.717943129697	-2999.599993494612
759.0	14557.936671992427	-2999.110807574764
760.0	14646.613192605639	-3190.1208279993257
761.0	14590.439571940015	-2996.0218501271434
762.0	14594.629063349406	-3005.9002340460943
763.0	14591.853703934275	-3161.5118410057494
764.0	14665.505952661566	-3053.064891418253
765.0	14745.155149928381	-3190.1920445001833
766.0	14681.231982465562	-3158.0261103190755
767.0	14810.800708737033	-3190.1920445001833
768.0	14934.966207886266	-3186.053005377687
769.0	13715.871853728655	-3024.228581408836
770.0	13920.70980131109	-3019.6308540920977
771.0	13878.436388435599	-3053.6136124195987
772.0	14044.101429937364	-3049.288820014626
773.0	13965.148222411435	-3131.010238078256
774.0	14136.748112627034	-3009.203337977456
775.0	14117.516175760962	-3075.464635848283
776.0	14107.316299383025	-3031.2170464169376
777.0	14240.146127242959	-3004.4903076167516
778.0	14184.506132837892	-3156.4882544713687
779.0	14219.137138168624	-3025.4186317944555
780.0	14319.204809216068	-3001.628880279875
781.0	14427.423863363554	-2996.8984207423878
782.0	14337.31342119879	-3106.7602145027868
783.0	14405.497719133962	-2997.8181131107794
784.0	14452.987428228984	-3015.1054631069314
785.0	14463.745293867592	-2995.3225954147215
786.0	14536.273007871214	-2994.2892683498844
787.0	14580.698854221804	-2993.8427377598487
788.0	14628.459225235007	-3018.205666647162
789.0	14732.138004990948	-3077.551097457272
790.0	14574.160689853912	-3011.4198896086036
791.0	14749.144686573372	-3110.4491337839113
792.0	14830.202921320082	-3152.175944609371
793.0	13785.81199586747	-3132.392786485847
794.0	13775.300729038094	-3058.223387268445
795.0	14076.910597432301	-3093.5390877157083
796.0	14005.563378688383	-3027.2670599458293
797.0	14233.65569870662	-3090.515277515398
798.0	14076.032947996595	-3145.6792887242086
799.0	14158.216913144039	-3074.383075189718
800.0	14189.061438170445	-3103.266492804303
801.0	14193.031246362241	-3011.008413479865
802.0	14307.009910749497	-3042.930931850781
803.0	14280.460456194764	-3163.3021395961046
804.0	14303.362308482816	-3100.740271778117
805.0	14282.458063805985	-3003.2847401391614
806.0	14340.13972221624	-3035.3658703212755
807.0	14336.534328250149	-3011.7785726276015
808.0	14370.376129798815	-3030.4315755841594
809.0	14367.760939015352	-3168.2123279168486
810.0	14380.31959580676	-2998.95940284827
811.0	14433.670493584621	-3027.612795971069
812.0	14396.500021355156	-3024.8960804524827
813.0	14417.210782834793	-3004.6125548958066
814.0	14461.073213684003	-3021.214089937989
815.0	14448.211264619827	-3171.0049132392055
816.0	14446.76216379356	-2996.0973520188923
817.0	14449.38340601983	-3136.8032213544375
818.0	14478.734893825645	-2995.033179583976
819.0	14455.801137170789	-3001.3113491132312
820.0	14501.046101106598	-3026.4414222207156
821.0	14471.717957241235	-3012.414634604073
822.0	14471.576328483023	-3000.317254074506
823.0	14526.233315200529	-3172.5889955942203
824.0	14603.783364433895	-3035.128238961904
825.0	14524.796840755733	-3011.2503939961966
826.0	14525.706130426357	-3140.7561011910034
827.0	14507.445670258481	-2994.5641706447295
828.0	14521.881616621211	-2994.503551974882
829.0	14543.545280742428	-2999.325091199766
830.0	14515.158024809667	-3011.2395847910416
831.0	14561.318926532413	-3018.1477429912125
832.0	14529.153889492425	-2999.5393748247666
833.0	14544.024593309396	-3011.213659842224
834.0	14550.664399121213	-2994.074984724882
835.0	14675.892694813805	-3113.977838430883
836.0	14618.665110928827	-3158.741476691404
837.0	14573.579735843015	-2999.09284423473
838.0	14607.00835512412	-3005.657461597353
839.0	14647.56246404635	-3102.8701574626025
840.0	14656.387975721023	-3031.2108773479335
841.0	14613.156723359725	-3019.2731228579596
842.0	14722.088994599777	-3158.0973268199336
843.0	14699.743025365593	-3081.151018605102
844.0	14585.469299642093	-3016.0481670526733
845.0	14648.174020828339	-3071.0766957127157
846.0	14588.475232490977	-3031.6605107078763
847.0	14575.23803418331	-3065.5802757733586
848.0	14505.628504907969	-3013.2575526445926
849.0	14575.352913844894	-3042.885403057715
850.0	14553.618854142731	-3011.0708040922214
851.0	14543.146356273874	-3042.6856018941185
852.0	14476.38749185335	-3115.9745473625658
853.0	14532.39527170149	-3017.888856163772
854.0	14554.573056999665	-3121.438430208305
855.0	14612.27345603572	-3056.760670061089
856.0	14481.416405970036	-3014.1129229419766
857.0	14486.356256934838	-3027.113495078853
858.0	14368.669956827353	-3131.572388186069
859.0	14459.612304726756	-3039.311270739611
860.0	14420.199154900933	-3021.5320968527867
861.0	14399.284730287489	-3111.3541802621335
862.0	14467.386087277475	-3085.4447808325017
863.0	14265.787679698196	-3049.1797745211256
864.0	14398.469353554445	-3060.477998237165
865.0	14388.455947290558	-3079.763199363895
866.0	14358.709795641264	-3045.1574479162523
867.0	14440.979642455126	-3016.6841686000375
868.0	14414.816791130412	-3056.0734115796217
869.0	14411.209215760437	-3032.957394553308
870.0	14443.148048128336	-3084.189306899974
871.0	14386.512767043825	-3038.5052645049577
872.0	14344.305273990756	-3079.295145178737
873.0	14327.507023526652	-3053.323684374958
874.0	14364.833026622387	-3072.516337963781
875.0	14236.878794363829	-3056.9106167440946
876.0	14276.069844026171	-3120.642257140655
877.0	14289.85704849763	-3062.8824499298903
878.0	14637.468416413729	-3033.5780681271603
879.0	14600.91600314402	-3098.3343343413985
880.0	14426.198431865194	-3113.792428108145
881.0	14444.217370401233	-3044.131271279585
882.0	14559.50521767451	-3034.000912785121
883.0	14517.732741671172	-3094.767108755939
884.0	14511.511092830677	-3040.0422266251535
885.0	14434.35360708752	-3061.1665891876164
886.0	14481.28739617775	-3063.499281646455
887.0	14528.533613107202	-3033.579056296759
888.0	14624.953670021294	-3115.5390780428734
889.0	14630.65600614027	-3056.2779554371427
890.0	14581.13162394817	-3121.8919733036
891.0	14540.92718502258	-3061.4175304856985
892.0	14596.850444431215	-3075.9878145227053
893.0	14545.546603249977	-3097.204757087005
894.0	14557.171166761633	-3075.4277140923446
895.0	14500.66600896483	-3118.343344844117
896.0	14517.715094613108	-3072.9699518503603
897.0	14475.196899248795	-3043.512387542571
898.0	14502.911745587879	-3060.7011935871747
