1.0	13256.336259666723	-2260.9828444472637
2.0	13246.853199892801	-2265.4641253821555
3.0	13226.882839785821	-2262.052140540903
4.0	13205.800889433869	-2258.879992344226
5.0	13182.524123209381	-2255.553475909674
6.0	13156.945053855588	-2251.600481792097
7.0	13082.12370144255	-2228.8460854403697
8.0	13061.564747726095	-2238.000962599446
9.0	13022.3831992912	-2231.48959203236
10.0	12980.067646617936	-2225.0732411617605
11.0	12862.029905919684	-2185.6501997341
12.0	12833.864884918714	-2196.9567841785815
13.0	12736.216124727582	-2175.8625169214442
14.0	12687.48171680898	-2165.120471125512
15.0	12638.76521820319	-2154.2329208754277
16.0	12541.228561271028	-2132.9251392319993
17.0	12492.45931401515	-2122.2448510784484
18.0	12443.70047609289	-2111.518884364044
19.0	12346.166178368238	-2090.140989340455
20.0	12297.495537739373	-2079.0504144219135
21.0	12199.867786865603	-2058.3141955909487
22.0	12151.087117410105	-2047.434320373043
23.0	12102.319094809971	-2036.7501524447068
24.0	12004.779029730254	-2015.4002435993236
25.0	11956.006158573002	-2004.7152092591962
26.0	11907.028809636473	-1993.6287921547253
27.0	11798.171476935926	-1950.2201826918254
28.0	11773.940909024654	-1959.3420283803825
29.0	11734.408369114099	-1948.7041007462376
30.0	11663.114263934345	-1930.1775492870102
31.0	11630.248167085165	-1921.5018626264743
32.0	11598.931333202978	-1913.459423506941
33.0	11569.272411419495	-1905.6109059706796
34.0	13282.712491954759	-2267.644682355772
35.0	13286.006622321343	-2275.8681324137724
36.0	13299.0032865232	-2284.947230399141
37.0	13333.322361421675	-2301.8702727477066
38.0	13320.849550054923	-2293.4706703948723
39.0	13345.78472911416	-2310.277345939161
40.0	13386.464347063593	-2344.0126539232238
41.0	13338.634652796338	-2325.8507413736584
42.0	13423.780437441164	-2369.349304261925
43.0	13193.388646361322	-2797.3422324275652
44.0	13448.655568581662	-2386.247095032175
45.0	13432.768744744653	-2418.4109993080365
46.0	13266.353660482628	-2751.1419478701005
47.0	13468.672881600536	-2755.4146131722205
48.0	13378.294804424278	-2826.0549700637453
49.0	13367.572350706883	-2900.786923473692
50.0	13596.943954307097	-2537.7342492967095
51.0	13591.628692373299	-2496.99607011122
52.0	13660.940489729279	-2528.953470702996
53.0	13617.882261599234	-2523.0126915379715
54.0	13625.178186917736	-2817.792273849411
55.0	13521.065415621166	-2912.8595780009696
56.0	13667.163340774146	-2546.8025666051562
57.0	13729.703206487453	-2595.8654603479536
58.0	13655.957240780403	-2920.868457891743
59.0	13782.21839838408	-2620.954126430664
60.0	13813.14018461851	-2648.3160877742
61.0	13864.375466532589	-2657.9686156032335
62.0	13849.395914495764	-2662.6136056937
63.0	13772.909637980381	-2930.4145819517985
64.0	13875.69340921095	-2678.2916258022246
65.0	13954.660310943118	-2712.3295131861637
66.0	13918.856365112224	-2704.5897990674525
67.0	13873.833808641342	-2938.10342100552
68.0	14004.431458636078	-2763.8086228543393
69.0	13961.11556239111	-2946.394278993032
70.0	14097.763429863377	-2795.6197994643935
71.0	14037.065088052666	-2951.8853641843903
72.0	14163.22447169839	-2832.6874373645005
73.0	14104.817592428066	-2956.170352721569
74.0	14164.708339395911	-2960.291181926954
75.0	14217.904013681728	-2908.458301872455
76.0	14242.106064143094	-2876.6162626225178
77.0	14216.40664979446	-2964.222575153848
78.0	14261.247968248928	-2968.0691299756795
79.0	14321.250594022733	-2920.068826296802
80.0	14300.483153947018	-2971.3191155868394
81.0	14356.676320904087	-2933.5877586433267
82.0	14335.432194177452	-2973.890667493514
83.0	14366.483953900226	-2975.2963783422033
84.0	14380.13252922286	-2983.241431202468
85.0	14409.427603135695	-2962.37353418882
86.0	14404.764276081167	-2983.868958736861
87.0	14428.571291495593	-2982.9412738479878
88.0	14445.890854358573	-2985.3314364989437
89.0	66.63441262320826	-2923.705214516644
90.0	127.20950857578039	-2831.5727817234965
91.0	123.45480249025543	-2605.673675625285
92.0	293.4721312484847	-2709.2063673169246
93.0	11506.707729680113	-1878.2134237770817
94.0	223.20957900820778	-1920.277542501169
95.0	52.27429538599028	-1914.3429617392057
96.0	11683.044475780292	-1922.7712984827913
97.0	11841.171474163426	-1960.3710060542355
98.0	1176.1172226097813	-1911.472885550996
99.0	12032.810530739194	-2004.1315006395653
100.0	1254.4624139636019	-1964.71266306672
101.0	12227.92693626266	-2047.0554658309138
102.0	1646.570392264708	-1912.2786949433732
103.0	12374.24372504137	-2078.8996706958574
104.0	1724.9162384436531	-1966.0049742548756
105.0	12569.347548778382	-2121.6305003124494
106.0	12764.397894562737	-2164.5061436565397
107.0	12910.71916409662	-2196.5918186662952
108.0	2430.689223396543	-1912.5540821733782
109.0	13115.257159626928	-2234.8050148171365
110.0	2509.0347899304265	-1966.0701516386955
111.0	13273.423979273315	-2263.7370384289684
112.0	3293.14777161769	-1967.751664861106
113.0	3842.091479377273	-1914.7424575526413
114.0	3920.435634511761	-1968.4629285722888
115.0	4626.20858980811	-1915.650533341712
116.0	4704.555631517305	-1968.8750775446088
117.0	5253.504492608863	-1915.7464655295544
118.0	5331.851409133214	-1968.9715292437625
119.0	6037.617705561752	-1916.9749187057835
120.0	6115.960789042297	-1970.4714472542776
121.0	6821.731684003417	-1917.8619005127532
122.0	6900.0789843046705	-1971.3538879364248
123.0	7449.020153219622	-1919.1139959354025
124.0	7527.369158757013	-1971.5726583048927
125.0	8233.135712405952	-1919.7794844360244
126.0	8311.484396054619	-1972.2379797867707
127.0	9095.612668589763	-1974.1117245335565
128.0	9644.540579451976	-1920.7232949330855
129.0	9722.877168953113	-1973.946582608979
130.0	10428.67229611722	-1922.4139011102936
131.0	10507.239908151902	-1976.300847286676
132.0	11172.452240786823	-1901.3233979474164
133.0	11494.304137090636	-2927.041413320243
134.0	11794.024142079428	-2864.3409362041652
135.0	11993.92547460105	-2864.3514237703407
136.0	13358.224710035996	-2318.6917659966034
137.0	12193.827077149317	-2864.3614061053268
138.0	14461.697829175622	-2987.72089884187
139.0	12393.717483280396	-2864.349711754387
140.0	12794.399172473308	-2865.310052560378
141.0	13093.608618207587	-2936.8880699490724
142.0	13470.167524250857	-2394.7300916640274
143.0	13607.266181630104	-2487.3159718080146
144.0	13720.452284440798	-2561.688591146365
145.0	13822.187299134777	-2625.986350575559
146.0	13912.028597696617	-2680.9249270200066
147.0	13989.596824646069	-2727.095703821434
148.0	14067.617823957611	-2772.4878699942165
149.0	14132.955600712317	-2809.7628941719136
150.0	14185.40799466619	-2839.274144188716
151.0	14224.815505947721	-2861.2232478631436
152.0	14277.506375768748	-2890.3003370177207
153.0	14303.883030956902	-2904.756407121253
154.0	14343.69792884445	-2925.901653165751
155.0	14369.88638320676	-2940.778293734091
156.0	14392.814963077288	-2956.9659835343114
157.0	14422.344052013914	-2973.3874752541647
158.0	14437.997502997248	-2978.1662729139885
159.0	14452.88236304383	-2982.9437370204323
160.0	304.35352288388736	-2929.616491820294
161.0	499.8999891246287	-2924.8141537834786
162.0	699.6454027326258	-2926.010861799315
163.0	899.70609384541	-2925.6673371847405
164.0	1099.4414618179878	-2926.045184810932
165.0	58.9604097136762	-2305.0067043232625
166.0	66.38669285023691	-2095.7371239842173
167.0	125.34710256391311	-2185.080139048763
168.0	705.4977203176932	-2149.4429669987026
169.0	1097.6561775025689	-1964.7374023269101
170.0	1299.3417113048683	-2926.070698130581
171.0	1499.2413772254542	-2926.09179103825
172.0	1411.2736506622284	-1965.1616293297218
173.0	1699.2943276784927	-2925.3824540982932
174.0	1898.9145685138765	-2925.42852560581
175.0	2098.941116319776	-2926.1550348412634
176.0	2298.8412579291285	-2926.169660548859
177.0	2195.3934318719025	-1966.0705174405957
178.0	2498.7883372755186	-2925.6519529964967
179.0	2698.4080104876944	-2925.5615454749554
180.0	2898.541610481783	-2926.237773904202
181.0	3098.686204650819	-2925.6584610933023
182.0	2979.4878009682684	-1967.621058703054
183.0	3298.3007367663777	-2925.7885622114095
184.0	3498.241927146795	-2926.2973895134423
185.0	3698.1417204228396	-2926.309537368689
186.0	3606.79585588571	-1968.2988901196707
187.0	3898.1629762391926	-2925.890518384756
188.0	4097.837093905779	-2925.9014486465435
189.0	4297.842298845052	-2926.3751622244763
190.0	4497.7417501232585	-2926.385744661762
191.0	4390.91036071391	-1968.1797531075724
192.0	4697.641408075334	-2926.4038706319257
193.0	4897.434767036809	-2926.242056072206
194.0	5097.4425432158105	-2926.4507115559227
195.0	5018.2051409485	-1968.2635798599088
196.0	5297.522528310889	-2926.096726984664
197.0	5497.241453735102	-2926.47823646771
198.0	5697.142782787728	-2926.506033749641
199.0	5897.0421059804985	-2926.5156443464134
200.0	5802.321830252981	-1970.39106511957
201.0	6096.941714345121	-2926.5329951739236
202.0	6296.843418421874	-2926.5651644018367
203.0	6496.7430496510015	-2926.5787773366833
204.0	6696.642341057498	-2926.5875249136184
205.0	6586.43358044867	-1971.0004698003202
206.0	6896.544056448433	-2926.6060787675583
207.0	7096.450441695426	-2926.640750747681
208.0	7296.350633121811	-2926.646476461609
209.0	7213.731471484044	-1971.6039299509264
210.0	7496.252025829303	-2926.66354953669
211.0	7696.158089953348	-2926.6978949347517
212.0	7896.059562704955	-2926.7118331175134
213.0	8095.9598108579985	-2926.7204430947727
214.0	7997.846226204964	-1972.107450362816
215.0	8295.86144103814	-2926.7383145549193
216.0	8495.768133515574	-2926.7728314829424
217.0	8695.66783838688	-2926.777544752402
218.0	8895.569359020143	-2926.7972989122086
219.0	8781.948973664954	-1973.7727036621545
220.0	9095.47455514431	-2926.820012408099
221.0	9295.37727957588	-2926.842193284994
222.0	9495.280427866146	-2926.8645259350924
223.0	9409.247222651047	-1973.4767021924824
224.0	9695.182853302329	-2926.882608592509
225.0	9895.085265767282	-2926.9005952430302
226.0	10094.987666609482	-2926.918503761035
227.0	10294.890055759706	-2926.9363183206847
228.0	10193.391415255735	-1975.3479399700748
229.0	10494.792433250339	-2926.9540506662547
230.0	10694.694796765414	-2926.971697139173
231.0	10894.597150776053	-2926.9892576385537
232.0	11094.499490899121	-2927.0067280874187
233.0	10984.52231558777	-1962.5146877232874
234.0	11293.866357276756	-2926.201553291046
235.0	11336.273641894053	-1888.8293573822473
236.0	11392.361849596862	-2736.854700716569
237.0	11530.376771200217	-1885.4735410580445
238.0	11482.515660994914	-1885.5799375233703
239.0	13370.670058689464	-2327.128439354951
240.0	13237.6546626892	-2257.192296919657
241.0	13217.649261826971	-2253.47111616378
242.0	13195.845574187615	-2249.4800197789664
243.0	13171.42923436357	-2245.11904513173
244.0	13075.65859344088	-2283.035460100844
245.0	13144.876558811919	-2239.965542547376
246.0	13128.886459360661	-2247.44450496472
247.0	12991.18207423973	-2344.0750877552023
248.0	13044.462179649136	-2221.97457812593
249.0	13008.781484404537	-2262.4568952545246
250.0	13004.384223030816	-2213.8888805933498
251.0	12980.507390514938	-2259.116223861702
252.0	12693.935340930026	-2926.8925342085645
253.0	12959.715289441969	-2206.2639512062115
254.0	12932.231608119197	-2217.814693025309
255.0	12705.821678193517	-2574.4326566406803
256.0	12825.520146709734	-2234.124478366122
257.0	12813.206733952577	-2175.137514800125
258.0	12715.624691897321	-2153.8163353524546
259.0	12666.880840033598	-2143.0786137265604
260.0	12628.606866580929	-2192.888907342675
261.0	12618.125546680998	-2132.243300968324
262.0	12520.556887782977	-2111.0126644709135
263.0	12415.017827393007	-2241.918509118022
264.0	12471.79565491197	-2100.2647280248516
265.0	12436.770420086877	-2149.581093511639
266.0	12423.015403250181	-2089.601213622462
267.0	12325.467742175055	-2068.217407659775
268.0	12299.941337038874	-2143.7901081728246
269.0	12276.790437801967	-2057.1236116432697
270.0	12179.138199619521	-2036.1783663730723
271.0	12130.363620196627	-2025.4901064789613
272.0	12091.898776919954	-2074.750292719725
273.0	12081.587530408853	-2014.8087143106893
274.0	11984.035261565494	-1993.446443036609
275.0	11935.255238803204	-1982.761031632205
276.0	11886.785377340086	-1971.7862779750492
277.0	11859.786375641983	-1981.4990195602375
278.0	11667.369004938046	-2013.7736509280105
279.0	11757.261371510918	-1940.793806825615
280.0	11432.801922784945	-1881.2003581861534
281.0	11632.550449938686	-2021.7283836071008
282.0	11718.859892329361	-1930.8689444749177
283.0	11390.396023867701	-1884.4753508540105
284.0	11649.213254424227	-1914.4690955697404
285.0	11626.811662556125	-1962.8732622507541
286.0	11617.047870182709	-1906.8386147099357
287.0	11586.505853762013	-1899.5507809782466
288.0	11492.441469045012	-1876.667033035322
289.0	11557.725111817117	-1892.4924493997914
290.0	13265.643996660998	-2268.289845544367
291.0	13279.880479541333	-2285.4148365332344
292.0	13295.7915016379	-2276.4949435495582
293.0	13383.11174073549	-2335.569729295285
294.0	13330.342385841985	-2320.2578738210027
295.0	13247.03402474444	-2279.1561101536568
296.0	13308.19950414554	-2285.0956343091093
297.0	13407.988727243739	-2352.4641800910413
298.0	13226.108556944624	-2277.9010037018597
299.0	13324.232060015938	-2301.9130992552446
300.0	13311.581065937162	-2293.537276030833
301.0	13316.006376931626	-2319.042421603134
302.0	13420.424306759312	-2360.9151477402024
303.0	13336.702914919535	-2310.309058960081
304.0	13445.294501495911	-2377.823262544851
305.0	13361.58203680307	-2327.1301034720477
306.0	13374.024005868923	-2335.5703352268433
307.0	13280.795810032332	-2940.394342333324
308.0	13395.551253202895	-2344.0153338943146
309.0	13482.604541659224	-2403.1813675240523
310.0	13395.838467285555	-2364.4913986895212
311.0	13398.904169031897	-2352.4571669077864
312.0	13495.042128295298	-2411.6269811502607
313.0	13411.342506938874	-2360.9026749125715
314.0	13419.959935978963	-2381.0203746711795
315.0	13507.483749651163	-2420.0723199406093
316.0	13432.859968121464	-2369.368355168303
317.0	13430.522990418505	-2396.499741233121
318.0	13519.928904679282	-2428.5126695442223
319.0	13436.218155345487	-2377.798085695813
320.0	13532.37545357868	-2436.94405307238
321.0	13457.729899323995	-2386.277238542025
322.0	13454.77754835972	-2405.2958735723187
323.0	13179.779183546678	-2275.071690242002
324.0	13644.863427831622	-2512.3222751842573
325.0	12995.725371740069	-2875.28209234191
326.0	13544.827699127884	-2445.3752608498726
327.0	13461.096816348492	-2394.695886435747
328.0	13557.28493495442	-2453.7976295389526
329.0	13485.979718603465	-2411.5902973570924
330.0	13569.777527364524	-2462.2147802666464
331.0	13498.42114240652	-2420.034184726805
332.0	13582.270976266132	-2470.5973774977524
333.0	13510.865441098875	-2428.4783285922426
334.0	13594.765889714055	-2478.9614325147318
335.0	13523.309553655534	-2436.9156000827693
336.0	13590.450655051463	-2522.1296729865176
337.0	13535.75517381866	-2445.352341482649
338.0	13619.773740169483	-2495.661341717588
339.0	13548.20424677217	-2453.7894093751815
340.0	13632.289505156194	-2503.995271832631
341.0	13560.686451157917	-2462.2236186916416
342.0	13578.257059794423	-2496.6192807539587
343.0	13573.196660243419	-2470.630429911779
344.0	13657.425005576588	-2520.591796337176
345.0	13585.700414174515	-2478.997980886988
346.0	13445.595753723808	-2950.371361977293
347.0	13522.109532457494	-2458.2649006183055
348.0	13758.463394376487	-2585.9737740784135
349.0	13682.574889658621	-2537.0747241833124
350.0	13610.702935756797	-2495.7038006397374
351.0	13695.164479605342	-2545.2997125739853
352.0	13623.208845692963	-2504.052204166737
353.0	13707.774784709058	-2553.503455516239
354.0	13635.768748299844	-2512.401025608698
355.0	13653.802668925107	-2546.536315842563
356.0	13648.361200945868	-2520.705464749019
357.0	13733.110721081075	-2569.8035214978427
358.0	13669.999766140949	-2528.8409977256665
359.0	13745.78469266699	-2577.898806747715
360.0	13673.518387823475	-2537.188260088351
361.0	13686.095462465231	-2545.4227684625125
362.0	13771.156131353215	-2594.0376255697197
363.0	13693.587687689082	-2572.669737919077
364.0	13698.691359695391	-2553.652582940214
365.0	13589.809615948363	-2952.485419662627
366.0	13704.860980920546	-2571.942890611707
367.0	13847.756455875357	-2641.8133102703628
368.0	13783.882603868346	-2602.0819906061483
369.0	13711.357859022186	-2561.8689770660762
370.0	13796.655666884746	-2610.0948567925584
371.0	13736.730266830089	-2578.116849882692
372.0	13809.416056285649	-2618.0496856635277
373.0	13749.408349963292	-2586.197432640629
374.0	13771.097106229217	-2621.8945736061705
375.0	13762.087797770786	-2594.27393162623
376.0	13834.9657258905	-2633.906864831923
377.0	13774.797894318226	-2602.3468741413094
378.0	13787.571429895499	-2610.3955452286696
379.0	13860.589768218773	-2649.703797091512
380.0	13800.362301428855	-2618.381107062213
381.0	13715.700049997553	-2958.396258976592
382.0	13659.7937769906	-2864.0752256978135
383.0	13937.837027273732	-2696.4324151076
384.0	13886.300636933089	-2665.3589861719993
385.0	13813.135044200471	-2626.3165875550053
386.0	13899.159523924725	-2673.1485305846686
387.0	13838.68815911556	-2642.1657720829776
388.0	13865.507241376838	-2679.963657561577
389.0	13851.505937671138	-2650.0831588293872
390.0	13924.907981162689	-2688.68514781133
391.0	13873.447514023044	-2657.553446387367
392.0	13877.249784114281	-2665.793668090329
393.0	13950.771207224658	-2704.131859982996
394.0	13892.0221768426	-2760.9409031405644
395.0	13890.110497446984	-2673.5828565205793
396.0	13824.139585328712	-2962.045448130291
397.0	13896.29877413946	-2698.477667374283
398.0	14002.555350812107	-2734.721068565312
399.0	13902.97267598206	-2681.3668307526104
400.0	13976.64589157839	-2719.4535071026576
401.0	13942.636982525744	-2726.6960753963085
402.0	13928.755463818554	-2696.9174732942324
403.0	13952.639207913484	-2724.534501246468
404.0	13941.71090297719	-2704.652074501631
405.0	14015.56946940605	-2742.3360192323908
406.0	13963.707743374327	-2711.799323569546
407.0	14028.572946201859	-2749.8986796791382
408.0	13967.60042438733	-2719.9840214490105
409.0	13918.326508843442	-2966.0971455624217
410.0	13967.319446677777	-2741.056567598141
411.0	14039.629198010427	-2775.629008055665
412.0	14041.583423781172	-2757.4391288230163
413.0	13980.541920821459	-2727.635278427959
414.0	14054.594778959256	-2764.9666895405153
415.0	14006.491286450097	-2742.9179746917002
416.0	14026.248464212447	-2776.1079437624303
417.0	14019.523652034304	-2750.5145642429707
418.0	14080.650620983752	-2779.991066346675
419.0	14032.540288560682	-2758.057366451271
420.0	14093.735744516702	-2787.481627040111
421.0	14045.552963752809	-2765.585476701099
422.0	13999.758793330175	-2970.346770467578
423.0	13966.15353649828	-2908.8896571481614
424.0	14119.876544153345	-2802.3471283515664
425.0	14071.590299708943	-2780.638715817547
426.0	14084.664898177274	-2788.1518320432297
427.0	14146.042142414479	-2817.1692818081497
428.0	14106.803416770106	-2794.9205744578026
429.0	14159.145327139806	-2824.5638977004237
430.0	14110.839167243887	-2803.0424864166757
431.0	14071.62292126321	-2971.5973931739995
432.0	14092.70446698016	-2806.5960879501595
433.0	14158.566160946548	-2843.6298236238395
434.0	14147.62576767648	-2845.207498848316
435.0	14136.995735920544	-2817.8764598807925
436.0	14198.538320266889	-2846.5991521964
437.0	14150.089568612739	-2825.2890166585967
438.0	14211.674225270983	-2853.915279422595
439.0	14172.282664769164	-2831.938632814396
440.0	14135.481162198572	-2974.6398106340716
441.0	14171.106870619346	-2859.498447275409
442.0	14105.439009961055	-2927.5490306243996
443.0	14189.503452259887	-2847.3668995446137
444.0	14237.97635446472	-2868.522331461431
445.0	14127.564228205092	-2917.4822155263596
446.0	14202.636545068235	-2854.686275663216
447.0	14191.175440066952	-2975.7252898419224
448.0	14196.394760858175	-2872.4284082450135
449.0	14253.325417466694	-2896.213758649708
450.0	14228.924847168224	-2869.3180573001005
451.0	14264.32431215349	-2883.053988422042
452.0	14251.15348022859	-2875.8003964826453
453.0	14290.694690131517	-2897.5342899551924
454.0	14255.290028977624	-2883.8816433420543
455.0	14239.271445164086	-2978.577374614086
456.0	14219.410703049449	-2942.632642653789
457.0	14280.386655382012	-2910.631970493768
458.0	14268.47222545442	-2891.1272890443784
459.0	14317.074747273598	-2911.972217471221
460.0	14281.495198782743	-2979.577231985702
461.0	14308.051602773603	-2912.803351895274
462.0	14314.822115712488	-2929.9650948515173
463.0	14289.186247486514	-2915.4447578204067
464.0	14347.876249293711	-2933.9474398283687
465.0	14330.27495632586	-2919.2355103272134
466.0	14318.337737781325	-2981.832078570802
467.0	14302.434138624187	-2954.899145344691
468.0	14364.824540520107	-2957.2464995699934
469.0	14351.399292360484	-2982.152924626425
470.0	14319.172840232752	-2952.034105932454
471.0	14334.316311951707	-2960.512665097314
472.0	14382.739270232581	-2947.6039782501666
473.0	14396.905684364072	-2965.0667785843657
474.0	14360.859508682124	-2941.633099451548
475.0	14370.137956285878	-2963.861389279466
476.0	14383.431162837636	-2957.4723660667582
477.0	14392.85638715813	-2977.0092149472116
478.0	14413.218912696952	-2974.3168993406184
479.0	60.575095952572156	-2702.1669084569617
480.0	548.5279080920826	-1911.8489019901326
481.0	62.87970653768328	-2503.709138668541
482.0	389.776433733896	-1911.1938854015325
483.0	705.5432459614772	-1911.907101546906
484.0	11444.339633029042	-1928.9164764266334
485.0	11514.561371474221	-1888.7402390616232
486.0	118.6609882362272	-1977.455861048148
487.0	11697.617591832679	-1938.8795115954726
488.0	11815.742594538324	-1969.6956849250835
489.0	11694.206442119372	-2927.0586299093743
490.0	862.447397779727	-1911.087875333006
491.0	12053.548651963074	-2026.077030739357
492.0	1332.9282806175872	-1911.647867053538
493.0	12248.737378437514	-2068.573956727099
494.0	1489.7513454663779	-1912.0994870062243
495.0	1960.2241037817932	-1912.3509453197505
496.0	12394.93119283283	-2100.839311169096
497.0	12371.332703649066	-2136.612057905018
498.0	1598.331874268765	-2736.6984206876227
499.0	2117.045120431276	-1912.831693955165
500.0	1803.3975939166237	-1912.6672744259968
501.0	12590.014573558516	-2143.4702915953635
502.0	1881.7470638027678	-1965.8995894390264
503.0	12785.015520172301	-2186.498212235068
504.0	2038.571704159449	-1965.8863737759682
505.0	12882.59466845222	-2207.7256039107056
506.0	2273.868717652218	-1912.7127241766054
507.0	2744.3332937736395	-1912.9000668449723
508.0	13063.218580438906	-2334.5630475913877
509.0	13097.468134011016	-2243.1886493227526
510.0	2396.9447623430387	-2736.718943682818
511.0	2901.1454475408696	-1914.1499404539234
512.0	2587.5117450614157	-1913.345240540945
513.0	2665.8559741495524	-1966.2385011180631
514.0	3214.801964605888	-1914.2641544771086
515.0	2822.6667904710357	-1966.8655658388145
516.0	3057.977190428843	-1913.833194901439
517.0	3528.4539255874843	-1914.3812669475253
518.0	3199.749646910019	-2732.567197054708
519.0	3371.6264163291876	-1914.2048574207583
520.0	3449.976846441315	-1967.6911421392954
521.0	3685.268311931554	-1914.99024059336
522.0	4155.741113030895	-1914.4953461060975
523.0	3796.927775601403	-2737.3374965115254
524.0	4312.561916770632	-1915.2990427540606
525.0	3998.916309083757	-1915.1483588253159
526.0	4077.2623820074127	-1968.0381819335187
527.0	4234.085103536316	-1968.0112306700366
528.0	4469.38925636646	-1914.8415037358602
529.0	4939.856306558192	-1915.3827603134994
530.0	4595.63832172197	-2737.5926662974193
531.0	4783.0336264483185	-1915.5406079696984
532.0	4861.380462109416	-1968.4296693241693
533.0	5096.681191445375	-1915.5521536976648
534.0	5567.148485046502	-1916.4315070042014
535.0	5197.096989004184	-2738.011896636777
536.0	5723.970629311351	-1916.8831327466862
537.0	5410.325045895358	-1916.2516682499163
538.0	5488.672515412883	-1969.4789355261828
539.0	5645.495212670906	-1969.9327648307255
540.0	5880.797988786548	-1917.0674424852723
541.0	6351.26766594368	-1917.5971901573655
542.0	5995.528591730205	-2738.1824640654127
543.0	6508.086056914722	-1917.781163918746
544.0	6194.435643641403	-1917.4113090453366
545.0	6272.787863266253	-1970.9160835136329
546.0	6429.615390381601	-1971.1083031948158
547.0	6664.908742168721	-1917.6669919550961
548.0	7135.38243458293	-1918.7181228578281
549.0	6794.318463636532	-2737.8628755215154
550.0	6978.554291251967	-1918.2949438816474
551.0	7056.906848726212	-1972.032475089273
552.0	7292.201800167772	-1918.044033935528
553.0	7762.668132612352	-1918.9399776119906
554.0	7395.985518076883	-2738.5024561466967
555.0	7919.4974128288995	-1919.6488880349582
556.0	7605.847541119988	-1917.9721595963729
557.0	7684.194251991772	-1971.2210047892538
558.0	7841.021237542712	-1972.7200980356122
559.0	8076.316007432574	-1918.5049651314205
560.0	8546.783830878978	-1919.8252281564808
561.0	8194.26201632796	-2738.305630558006
562.0	8703.60693698462	-1920.2661611170633
563.0	8389.961650021118	-1918.8601685387628
564.0	8468.309628369676	-1972.106088315
565.0	9017.25082335642	-1920.6086170352721
566.0	8625.132029175205	-1973.3344457010744
567.0	8860.423661526698	-1920.4411213097876
568.0	9330.898988772262	-1921.0184412078715
569.0	8993.18612721497	-2738.2832562375697
570.0	9174.089242395648	-1920.7929566474338
571.0	9252.437947847635	-1974.3439135139288
572.0	9487.721403357033	-1920.1033805182142
573.0	9958.186855338534	-1921.392478442656
574.0	9594.891177737412	-2738.5646875915536
575.0	10115.034244199636	-1921.8569905334655
576.0	9801.355531295325	-1921.22367759395
577.0	9879.700558681701	-1974.4381309263226
578.0	10036.556385428039	-1974.8938086736114
579.0	10271.8447713242	-1922.0242449313462
580.0	10743.923402796701	-1923.252391525265
581.0	10392.962957758748	-2738.6732447608033
582.0	10902.849819788456	-1920.5442806495414
583.0	10585.700984618721	-1922.7755120555723
584.0	10665.668128673411	-1976.96170250942
585.0	11265.532832341834	-1894.0832454805623
586.0	10825.99694317865	-1974.5528391569417
587.0	11052.879144613287	-1911.384634402295
588.0	11562.232674376142	-1927.8763722725605
589.0	11951.052272970846	-2068.0040583938967
590.0	11594.122782771732	-2864.330274839944
591.0	12155.16024450503	-2089.340004256627
592.0	11593.759655255026	-2738.1857595833862
593.0	11894.108734267958	-2927.0757549842856
594.0	12338.82857138799	-2129.475564121059
595.0	11793.65727734897	-2738.1717068851976
596.0	12094.01101251062	-2927.092797775372
597.0	12532.64913142846	-2172.3715279926787
598.0	11993.551965719496	-2738.1609830070342
599.0	13349.147797302265	-2318.70929935253
600.0	13361.030580705154	-2349.333840726649
601.0	12293.913574685852	-2927.109417619094
602.0	12662.777323179316	-2223.56704695565
603.0	12193.491571684377	-2738.235275773294
604.0	12493.804656511325	-2927.1047837242545
605.0	12857.98904803973	-2241.3314700535634
606.0	12393.751362247465	-2740.632921678482
607.0	12593.83601165495	-2864.109148044036
608.0	12595.78845109424	-2739.7193010443793
609.0	12894.27105519931	-2928.3293685404187
610.0	13148.34484454995	-2272.1387171547717
611.0	13191.31784334258	-2887.3244485236114
612.0	13004.360335896796	-2771.5840442009126
613.0	13371.132851831817	-2347.8314847872903
614.0	13469.96221388618	-2414.932124638927
615.0	13473.539137744636	-2403.144780810368
616.0	13598.200809207512	-2487.3521919415057
617.0	13607.088421985469	-2507.500594088926
618.0	13726.975868603695	-2586.3211711484164
619.0	13724.054784804393	-2570.023967438209
620.0	13823.494284415116	-2646.6362684320993
621.0	13825.909749548251	-2634.2435425293843
622.0	13910.240009472916	-2699.395715075921
623.0	13915.841080935214	-2689.1450719184777
624.0	13989.182116100817	-2754.4609569592467
625.0	13993.491565472761	-2735.2797301065207
626.0	14067.259652358522	-2800.171729242182
627.0	14058.566590695636	-2773.1143955620896
628.0	14123.915886505696	-2810.4604972264365
629.0	14134.499794250265	-2830.0404447418837
630.0	14176.372245300628	-2840.043917882425
631.0	14192.98815121508	-2863.979156295985
632.0	14227.07838828957	-2881.6613049600596
633.0	14215.77219890448	-2862.0035732232586
634.0	14260.811837256573	-2949.6829091153745
635.0	14281.665688650297	-2898.364569039648
636.0	14296.17889490746	-2926.9137703001384
637.0	14294.859605249572	-2905.5881277433014
638.0	14345.485866268573	-2952.9035898980565
639.0	14334.676392538031	-2926.792962382817
640.0	14356.372994268284	-2952.8101563005616
641.0	14373.713941081844	-2948.4643496129706
642.0	231.65979359004268	-2837.468272160598
643.0	495.0336740985258	-2671.226430288265
644.0	404.44703626926554	-2865.9869740041286
645.0	599.8356782483783	-2862.3576636833277
646.0	427.64635997491376	-2472.919456424705
647.0	799.7385450995338	-2863.1871667847677
648.0	1254.3171266011934	-2082.571798655286
649.0	999.63136631527	-2863.1978094965634
650.0	940.5858757652665	-2080.659573913363
651.0	1411.1101370071822	-2083.1028732355503
652.0	121.84011625135948	-2402.6104412414784
653.0	298.4508409134226	-2089.1543757468166
654.0	599.791438187042	-2737.039738465062
655.0	299.340240426162	-1974.1291495182484
656.0	467.8356833520661	-1965.5228738149851
657.0	242.283312895693	-2400.0475683521527
658.0	940.8092388304857	-1964.5300273011464
659.0	626.7796094216765	-1966.0584547681312
660.0	800.8286912828225	-2736.8782171014723
661.0	783.8762129513501	-1965.1197929187783
662.0	1175.8181797655307	-2147.195985525517
663.0	862.0801815671972	-2145.04992051415
664.0	1019.2991579985838	-1911.4949711215013
665.0	1001.8141321913803	-2735.300758253326
666.0	1199.3637459051029	-2863.5774901425816
667.0	1201.3007911779084	-2737.561458947397
668.0	1399.2604234429436	-2863.6004160700777
669.0	1881.585684027462	-2083.7557280554743
670.0	1568.0928761513787	-1965.6148220273305
671.0	1599.3098019469423	-2862.888491737968
672.0	2038.4237400408213	-2083.917272358623
673.0	1724.7147080014558	-2083.81405572006
674.0	1799.0797553657385	-2862.201546005706
675.0	2352.068767059826	-2083.6172160787532
676.0	1799.3135450692814	-2731.855841867496
677.0	1998.8233061373958	-2862.950446448854
678.0	2000.083962177836	-2736.633695779932
679.0	2198.846757683022	-2863.667901092081
680.0	2665.6883095022386	-2084.0831367708374
681.0	2352.2146486791994	-1965.6152704665826
682.0	2198.7386595456264	-2738.503314636923
683.0	2398.7907407691396	-2863.1411389474924
684.0	2822.52038287003	-2085.175732346132
685.0	2508.8883328532283	-2083.893624767385
686.0	2598.45425545808	-2862.5093435737667
687.0	3136.1308286349595	-2085.4089728753047
688.0	2597.3333487959753	-2732.295386609181
689.0	2798.3042907947183	-2863.0714841816502
690.0	2798.5935829414134	-2737.339378705947
691.0	2998.6792470882174	-2863.144719500175
692.0	3449.8129837769716	-2085.557239412627
693.0	3136.321431875316	-1967.5576375340127
694.0	2998.3103097502403	-2737.581640071157
695.0	3198.5351355031853	-2862.6718275075605
696.0	3606.613974040118	-2086.286027930906
697.0	3292.973997017416	-2085.6358979062647
698.0	3398.1876201295363	-2863.2870756278785
699.0	3399.9133697285324	-2736.9970391448405
700.0	3598.1253659163735	-2863.7843704853367
701.0	4077.0827709815458	-2085.9405706834823
702.0	3763.6105235175287	-1968.4824455325604
703.0	3798.143177139146	-2863.3538190568274
704.0	4233.915544827836	-2085.940564084353
705.0	3920.2393121614937	-2086.3284783002305
706.0	3997.935312752458	-2862.92205003486
707.0	4547.541001735721	-2086.3224545302473
708.0	3997.882724235076	-2733.050072646043
709.0	4197.7113974886925	-2863.383013574759
710.0	4198.670749728594	-2737.420277101684
711.0	4397.712815836547	-2863.8436292901556
712.0	4861.206126358345	-2086.350256960321
713.0	4547.734147593418	-1968.3536085029973
714.0	4397.525449949088	-2738.461730930701
715.0	4597.608687197204	-2863.8486573977825
716.0	5018.030062319721	-2086.1824061244856
717.0	4704.368048391266	-2086.856098594348
718.0	4797.3984662411285	-2863.681288508405
719.0	4795.968157000578	-2734.1778645364334
720.0	4997.093666543125	-2738.271205108569
721.0	4997.29636351198	-2863.70444913258
722.0	5488.500068723834	-2087.41221693485
723.0	5175.0304408412	-1968.4496498837373
724.0	5197.480886916436	-2863.535439745216
725.0	5645.323109200944	-2087.978186422859
726.0	5331.678065826393	-2086.878986314901
727.0	5397.376559566102	-2863.5392843571813
728.0	5802.151971515243	-2088.462903882879
729.0	5398.306017732063	-2733.8947520441056
730.0	5597.0935761733135	-2863.9249108223357
731.0	5598.495779593029	-2737.975383235698
732.0	5796.990990549083	-2863.9386384012178
733.0	6272.620372357201	-2088.8309144187533
734.0	5959.146020345411	-1970.3052158864402
735.0	5996.886684236851	-2863.941919525678
736.0	6429.446749150139	-2089.155883756057
737.0	6115.789321715504	-2088.43396361819
738.0	6196.7847588086015	-2863.96775928128
739.0	6743.102913249207	-2088.922453281633
740.0	6196.390148006423	-2734.546343425727
741.0	6396.682856244857	-2863.989861144218
742.0	6397.363329806473	-2738.290944485736
743.0	6596.578541010856	-2863.9885413561774
744.0	7056.749382247519	-2089.915891582492
745.0	6596.3283315345225	-2738.4160255169877
746.0	6743.256321379395	-1970.9035712021005
747.0	6796.476309938663	-2863.992162487231
748.0	7213.585806165145	-2089.5965025743117
749.0	6899.916123009356	-2089.255640103893
750.0	6996.381172706965	-2864.021708021471
751.0	6994.686527983012	-2734.8161135451896
752.0	7196.284511510717	-2864.0384254156997
753.0	7684.057144973743	-2089.0675140248495
754.0	7370.546303962768	-1971.822167836274
755.0	7396.182857774969	-2864.037543904887
756.0	7840.871725972036	-2090.7954594051394
757.0	7527.185577611362	-2089.4231623812598
758.0	7596.087076736883	-2864.0652820782075
759.0	7997.708612232098	-2090.0243772396484
760.0	7596.7322124784805	-2734.8061537313624
761.0	7795.991375742909	-2864.0898853592084
762.0	7797.161746261299	-2738.421455955597
763.0	7995.889858777932	-2864.088753219408
764.0	8468.17841833049	-2089.9348307670152
765.0	8154.661639624046	-1972.0604115716553
766.0	8195.78849924149	-2864.0915543569918
767.0	8624.988833930316	-2091.396864002769
768.0	8311.321275007804	-2090.155765887059
769.0	8395.693584029439	-2864.12026244534
770.0	8938.615210845463	-2091.8864621514535
771.0	8394.88435015724	-2735.086058564874
772.0	8595.596743508559	-2864.1358123430005
773.0	8595.332146464332	-2738.3764784710916
774.0	8795.494731143503	-2864.136599472445
775.0	9252.292620538175	-2092.4598600498243
776.0	8938.769973878783	-1973.9375243881368
777.0	8795.315787345038	-2738.509363345823
778.0	8995.398210031306	-2864.1553868283204
779.0	9409.086222974469	-2091.341645701284
780.0	9095.474414574199	-2092.063952777478
781.0	9195.302892717416	-2864.176600901283
782.0	9193.423754107893	-2735.2157950501028
783.0	9395.205527569628	-2864.197434128455
784.0	9879.54626087485	-2092.3970121844904
785.0	9566.06592717279	-1973.0039207254697
786.0	9595.107863426454	-2864.214169136148
787.0	10036.434678069889	-2092.8665378852215
788.0	9722.68905514743	-2091.7733193232198
789.0	9795.009463457962	-2864.226558144264
790.0	10350.090566061588	-2093.803689375364
791.0	9795.388207937815	-2735.0264040223033
792.0	9994.911038895492	-2864.238773012967
793.0	9995.973421329903	-2738.6185429278453
794.0	10194.812591018292	-2864.2508157908
795.0	10667.889619114487	-2094.358886134396
796.0	10350.206581015349	-1975.7272153546764
797.0	10194.51518963495	-2738.361994062054
798.0	10394.714119789523	-2864.262682396198
799.0	10836.487494938521	-2091.064313396026
800.0	10507.296529047342	-2094.0200633861373
801.0	10594.615622925605	-2864.2743809148647
802.0	10593.607204318252	-2735.2253440915715
803.0	10794.517102581694	-2864.2859075873407
804.0	11193.784527476853	-2863.485873588435
805.0	11001.073069392989	-2057.291146645592
806.0	10794.13587050023	-2737.7836394181013
807.0	10994.418558845775	-2864.297258235765
808.0	11199.99158134586	-2030.754874605047
809.0	11120.628755907868	-1943.1425924987416
810.0	11393.685935798741	-2863.4968785214373
811.0	11224.957128004653	-1925.7185021732996
812.0	11286.889139383276	-1994.0182433812533
813.0	11594.893626074454	-1938.1613872563219
814.0	11305.612364439176	-1913.1302582809865
815.0	11353.609593457748	-1966.824968167888
816.0	11457.103438865286	-1910.9986662157746
817.0	11540.798175858037	-1897.5912592600228
818.0	11366.608994446762	-1903.4500212227265
819.0	11404.522963950665	-1945.494245541576
820.0	11466.148349926467	-1878.89900139198
821.0	11414.00895811485	-1895.7653737836533
822.0	11533.630331780956	-1915.9499315642697
823.0	11505.757608111346	-1902.829997560141
824.0	11451.920524238303	-1890.1461616321915
825.0	14332.3729363515	-2937.330875032592
826.0	14341.172309072033	-2942.0862142340848
827.0	11655.237883053474	-1956.176963704167
828.0	11487.97815826714	-1901.2160867636478
829.0	11420.363753731961	-1922.6289874405502
830.0	11512.32773815434	-1957.3012842363853
831.0	11315.176171537023	-1956.9705880359586
832.0	11189.505919279027	-2731.3063470174297
833.0	11374.381138912611	-1937.6053022533954
834.0	10994.192549828002	-2735.3162458043385
835.0	11089.994873683521	-2665.8461890849867
836.0	11166.786914439022	-2345.249710277872
837.0	10893.989909676813	-2671.505977037887
838.0	10976.968799379318	-2246.026242271064
839.0	10693.305146076598	-2671.42039214664
840.0	10492.03285261221	-2672.3155762075676
841.0	10193.251723756131	-2093.3829791318462
842.0	10292.841492345588	-2675.4580589565435
843.0	10095.752647660554	-2675.409451947167
844.0	9896.526392681548	-2672.0802110359477
845.0	9695.34491209314	-2672.032972925955
846.0	9565.938775857527	-2090.888876916349
847.0	9394.908189031245	-2738.299607142868
848.0	9494.766403638725	-2675.317217404911
849.0	9293.200802427973	-2671.983560448227
850.0	9091.383333718451	-2671.987075966168
851.0	8781.799177385372	-2091.8451338597374
852.0	8893.17833240534	-2675.297932194837
853.0	8695.22429754419	-2675.390974753871
854.0	8494.694302599148	-2671.979293730568
855.0	8293.52572425241	-2671.9181868754677
856.0	8154.49035452873	-2089.985770970652
857.0	7995.624558730455	-2738.3775451888923
858.0	8094.168027896993	-2675.2233112652716
859.0	7896.964633175868	-2675.3321956833865
860.0	7697.973596213337	-2671.770337184295
861.0	7496.699821872815	-2671.8693334316554
862.0	7370.36885223921	-2089.7939820616352
863.0	7196.0056917631155	-2738.3610810183363
864.0	7295.874473676122	-2675.4340443060555
865.0	7094.47697722387	-2671.757811874036
866.0	6892.691565422348	-2671.2711973255614
867.0	6586.2710836060605	-2089.094353957704
868.0	6694.2342852790325	-2674.8857221087133
869.0	6497.173313736283	-2675.3073448390114
870.0	6297.129281181312	-2671.444831887802
871.0	6095.189011036297	-2671.352123858105
872.0	5958.976854872853	-2088.357709930267
873.0	5796.754372569642	-2738.40401472065
874.0	5895.4473954944115	-2675.22156520558
875.0	5698.308368228002	-2675.021882482435
876.0	5499.573115320779	-2670.884176567996
877.0	5298.0680885646	-2670.9286515631497
878.0	5174.856130668871	-2086.3752455728404
879.0	5096.855948334704	-2675.493924423472
880.0	4895.801760827403	-2671.3053880762236
881.0	4694.24073335955	-2670.64445555959
882.0	4390.737439614518	-2086.1472998477834
883.0	4495.584018760567	-2674.747855201944
884.0	4298.614285197497	-2675.030527391946
885.0	4098.743857628298	-2670.0667347846515
886.0	3896.894986184068	-2670.002218450636
887.0	3763.446807984294	-2086.519817226052
888.0	3597.968853898246	-2738.4905972116726
889.0	3696.7698068669692	-2674.9994415497226
890.0	3499.8111647276637	-2674.7135797567407
891.0	3301.240997772207	-2669.3938952755184
892.0	2979.3151649448314	-2085.5922612123973
893.0	3099.531778719675	-2669.9907512114314
894.0	2898.4619652905008	-2674.9425889994804
895.0	2697.576395972285	-2669.6154830346672
896.0	2495.8214521873138	-2669.0158007672367
897.0	2195.2504324480833	-2084.203275734432
898.0	2296.887181365632	-2674.5828788290273
899.0	2100.09367422282	-2674.6736977171836
900.0	1900.4090142578596	-2668.7660707986784
901.0	1698.5501897038582	-2668.8466789097383
902.0	1567.8895158160012	-2083.9829737748646
903.0	1399.499694438183	-2737.951617609758
904.0	1498.5027205425165	-2674.252921527586
905.0	1097.502422020727	-2082.601366712865
906.0	783.7323598040397	-2082.9522914877057
907.0	467.70926174378957	-2084.462019277266
908.0	626.877936925203	-2085.7618216510004
909.0	708.3543293973429	-2282.415034025078
910.0	229.00629382315432	-2181.883314072004
911.0	548.4998139873327	-2150.491414335283
912.0	705.4179910516262	-2547.0475107946245
913.0	1021.5664926289513	-2474.5027145898675
914.0	1301.5180275729133	-2674.4058684750767
915.0	1103.5612729669035	-2672.1321023725104
916.0	902.9790059048088	-2671.461336258208
917.0	881.2774462667536	-2273.9607732917607
918.0	700.6913088545783	-2674.383986897754
919.0	283.0627976172509	-2299.2470064571785
920.0	251.9015527719057	-2606.817644048146
921.0	399.624961304499	-2737.717175727181
922.0	380.79885245326903	-2271.724030038677
923.0	12800.469350276873	-2743.073276289539
924.0	13203.955334274078	-2275.7513472796477
925.0	13404.132260167802	-2370.1188452703823
926.0	12908.9761971596	-2702.394544128582
927.0	12923.732215125781	-2255.1406449188835
928.0	12701.957958172883	-2680.2659109380693
929.0	12726.01007729205	-2214.1331356386036
930.0	12495.790974917683	-2678.998146648693
931.0	12470.321351126746	-2229.0248149224567
932.0	12187.680031757018	-2096.65805142985
933.0	12293.61194818798	-2677.266497211156
934.0	12093.301998164126	-2674.776226680033
935.0	11893.368360655944	-2674.7160849020124
936.0	11849.747626460477	-2096.3421095938234
937.0	11288.263662877054	-2667.379848915172
938.0	11693.476449872207	-2674.7448853338487
939.0	11766.867397299744	-1992.1397840165585
940.0	11492.61692337205	-2674.254720258816
941.0	11356.392180397392	-2045.5009694931694
942.0	11236.74962794825	-1981.8131703190186
943.0	11228.797932729753	-2093.7885187018687
944.0	11136.375596523309	-2016.4794010106532
945.0	11075.7184846156	-2520.4963825399295
946.0	11085.176739033945	-2079.4979018365116
947.0	10895.257553949863	-2545.823656076345
948.0	10929.891125353546	-2131.8322138109306
949.0	10638.855416442151	-2475.4153131851667
950.0	10756.635444997644	-2157.1610493893254
951.0	10469.936934492078	-2544.8554613961333
952.0	10587.979095955236	-2157.89191178001
953.0	10535.110099642521	-2476.9096961825476
954.0	10285.137637319489	-2548.0442604898494
955.0	10428.612902058898	-2158.209591230443
956.0	10363.163184612516	-2483.799331482675
957.0	10102.358565588924	-2547.78260759387
958.0	10271.589064870836	-2158.1357581138054
959.0	10271.518689654495	-2288.3048774697963
960.0	10114.772845341882	-2157.8647589068473
961.0	9851.658966260076	-2476.088424177657
962.0	9957.91085017353	-2157.3240889124336
963.0	9678.328561890718	-2544.500801088128
964.0	9801.013119682792	-2157.0092955663586
965.0	9747.020821676606	-2475.9838892023054
966.0	9492.13905587535	-2547.636458872139
967.0	9644.225314331028	-2156.4349878382054
968.0	9644.051546004537	-2287.3066408468544
969.0	9231.168330045499	-2479.3197808288537
970.0	9487.433252365188	-2155.8532802178947
971.0	9487.285471610943	-2287.075541694117
972.0	9330.592661786226	-2156.999331252568
973.0	9065.159980538667	-2544.1561907067457
974.0	9173.805661070626	-2156.8611314272507
975.0	9126.613810504203	-2479.3736383845985
976.0	8881.305988966866	-2547.430447095665
977.0	9016.957806307535	-2156.5097830425107
978.0	8955.090430596712	-2482.5848858789755
979.0	8697.755720698413	-2547.4346571415135
980.0	8860.119102213795	-2156.4624892706875
981.0	8859.925111420112	-2286.666723119759
982.0	8703.31394546015	-2156.4010096163406
983.0	8442.882676890904	-2476.6839134432867
984.0	8546.509425594904	-2155.7163889101903
985.0	8272.416661208988	-2543.5379384107887
986.0	8389.667318935117	-2154.6066970910656
987.0	8338.24814825467	-2476.281828320507
988.0	8087.709882072905	-2547.258317655689
989.0	8232.80130626382	-2155.6226299353093
990.0	8166.694807460452	-2481.9603884837447
991.0	7904.610598208979	-2547.135177084771
992.0	8076.007108364392	-2154.3472514072496
993.0	8076.057768242834	-2285.7843072656106
994.0	7919.21028728536	-2155.641176281318
995.0	7655.179133010216	-2475.700081991985
996.0	7762.3815140236475	-2154.861848217113
997.0	7480.74918856658	-2543.508662918683
998.0	7605.526852956307	-2153.669172908336
999.0	7550.5285927663035	-2475.5834789184014
1000.0	7294.348951938813	-2547.003855471097
1001.0	7448.659120350413	-2154.936314237131
1002.0	7448.417474582297	-2284.8854355837434
1003.0	7107.2599088300385	-2543.245321448603
1004.0	7291.878683125316	-2154.0084207842738
1005.0	7291.699343744917	-2284.838276138757
1006.0	7135.079302785336	-2154.5941119744325
1007.0	6867.560285087107	-2542.3726040220477
1008.0	6978.23396347796	-2154.0801125423345
1009.0	6929.941862804484	-2475.079691172088
1010.0	6683.5165301411735	-2546.2379690522484
1011.0	6821.415414577913	-2153.7825347597536
1012.0	6758.469428163432	-2480.3165291615364
1013.0	6500.714522070443	-2546.5417451316007
1014.0	6664.592837195924	-2153.7797581920127
1015.0	6664.418143001043	-2284.283806511137
1016.0	6507.754918840651	-2153.922628637371
1017.0	6246.669041717039	-2474.5057453901204
1018.0	6350.931533803167	-2153.559601623727
1019.0	6075.191503060824	-2542.472334531543
1020.0	6194.096685405559	-2153.288656314369
1021.0	6142.051142871525	-2474.396853943046
1022.0	5889.865816892307	-2546.284668182658
1023.0	6037.277072762404	-2152.989929113522
1024.0	5969.949505152627	-2480.3657777159283
1025.0	5707.032775039031	-2546.0160857629
1026.0	5880.458964576253	-2153.191775292408
1027.0	5880.263312348064	-2283.4053787064636
1028.0	5723.628667103651	-2153.000393102129
1029.0	5458.724205030875	-2473.3211031099395
1030.0	5566.803934887492	-2152.410210005002
1031.0	5283.070944531329	-2542.1446508763815
1032.0	5409.9792558994895	-2152.0924067297224
1033.0	5354.155512967489	-2473.216979844959
1034.0	5096.40477535264	-2547.648175245866
1035.0	5253.156839129714	-2151.579518289796
1036.0	5252.931652629766	-2282.42174438768
1037.0	4909.787205768679	-2542.210511518501
1038.0	5096.331802644265	-2151.3965756513444
1039.0	5096.116137738371	-2283.6227130666016
1040.0	4939.506892178341	-2151.222174214228
1041.0	4670.145151832068	-2540.931365007857
1042.0	4782.671707571208	-2151.44221665559
1043.0	4733.481818021207	-2473.1999583898414
1044.0	4485.962150501898	-2545.248270904572
1045.0	4625.8278608243745	-2151.6004004187016
1046.0	4561.9208719358185	-2478.3799914483147
1047.0	4303.258610170297	-2545.4489918670556
1048.0	4469.023189409371	-2150.7778965033212
1049.0	4468.840083864561	-2281.5695486201635
1050.0	4312.2194369627605	-2151.195922908588
1051.0	4117.9249730736565	-2540.890575530531
1052.0	4155.391943296549	-2150.3270682703783
1053.0	3877.94901259523	-2540.6731924472892
1054.0	3998.5403757076238	-2150.916297303221
1055.0	3945.7909203342147	-2471.798028002935
1056.0	3692.2276064466046	-2545.195557795765
1057.0	3841.731441493772	-2150.645378974075
1058.0	3773.4396015922007	-2478.2045867542206
1059.0	3509.681539492792	-2544.7899480751225
1060.0	3684.922714552728	-2151.0147500980875
1061.0	3684.672538706475	-2280.74818876654
1062.0	3528.108181077548	-2150.2345020320918
1063.0	3262.325744142905	-2470.7121316260395
1064.0	3371.2887790645705	-2149.955187739249
1065.0	3085.6336819504527	-2540.4741374205355
1066.0	3214.4375867652575	-2149.99972286356
1067.0	3157.830565773004	-2470.5384361331985
1068.0	2899.0462582212845	-2546.630627085851
1069.0	3057.6139511650495	-2149.6557327520736
1070.0	3057.4555973519577	-2279.756077553829
1071.0	2712.8296217241937	-2540.0207578160757
1072.0	2900.8264039164264	-2150.4313094705835
1073.0	2744.0192215253205	-2149.054869005064
1074.0	2472.915984098203	-2539.165886310368
1075.0	2587.1976233369037	-2149.013349322409
1076.0	2537.367504870285	-2470.35045918765
1077.0	2288.3480209569366	-2544.1322605986807
1078.0	2430.396884699972	-2148.379500914238
1079.0	2365.5001338452325	-2476.4184109956027
1080.0	2105.915756271143	-2544.185869812581
1081.0	2273.5798366090253	-2148.8474280826117
1082.0	2273.3762923371614	-2279.1164687840756
1083.0	2116.7541568888287	-2148.9953508316557
1084.0	1920.7190140099349	-2538.9400662233998
1085.0	1959.91475988786	-2148.237982518853
1086.0	1680.7279770137295	-2538.8717342875825
1087.0	1803.0346836991205	-2148.332494507629
1088.0	1749.503232530454	-2469.1225695518588
1089.0	1494.8316415589798	-2545.031081836171
1090.0	1646.1655014871333	-2148.455928156092
1091.0	1646.0424127220394	-2278.4211320021186
1092.0	1308.8136515745293	-2545.51577466456
1093.0	1489.3844714759543	-2148.4088826595876
1094.0	1488.898847237181	-2279.9130997185252
1095.0	1116.6826004076174	-2543.310087255208
1096.0	1332.6194796001328	-2147.4482465479323
1097.0	1163.399638349012	-2279.474749196604
1098.0	1018.9220394515227	-2145.4884821196724
1099.0	388.76061261288004	-2145.158257092382
1100.0	311.76965346366705	-2502.290234202077
1101.0	11476.793761825675	-1915.3876552158406
1102.0	11505.73289021128	-1934.3050133803038
1103.0	544.6483866461118	-2282.6174362680013
1104.0	625.883118663632	-2350.859910610094
1105.0	14290.55908060891	-2941.887284755489
1106.0	14321.543021829084	-2939.669691531704
1107.0	14306.02082448722	-2925.104084997054
1108.0	14262.117402650794	-2901.041426774053
1109.0	14241.839367426719	-2938.601221253722
1110.0	14274.971437891465	-2939.9194704185975
1111.0	14269.872519696839	-2912.481876201515
1112.0	14235.873932478878	-2886.5332562912663
1113.0	14265.679135273649	-2924.3919833219247
1114.0	14235.956030213638	-2911.5817875037283
1115.0	14242.956737053442	-2898.0495054590465
1116.0	14210.141128344827	-2871.223821412908
1117.0	14188.036662299934	-2920.7270649030793
1118.0	14246.530799531583	-2924.0702462496115
1119.0	14217.337976509412	-2882.786743712752
1120.0	14194.195221420116	-2885.7050112243746
1121.0	14184.232782106883	-2859.100264313301
1122.0	14166.937357693772	-2934.4521743544624
1123.0	14210.760964539046	-2893.621692222348
1124.0	14155.67857923331	-2900.025632628362
1125.0	14167.341791406789	-2848.5348562004306
1126.0	14118.216823071014	-2820.4744615134964
1127.0	14104.763494960125	-2820.856493049732
1128.0	14115.379118506035	-2880.3008361752213
1129.0	14143.228319901255	-2834.99023154715
1130.0	14118.616023018238	-2846.196555318764
1131.0	14125.174700049582	-2894.6763408333404
1132.0	14037.178440228521	-2917.434145253923
1133.0	14078.480935866828	-2798.6147567402336
1134.0	14062.558503074011	-2899.7880038051067
1135.0	14124.760595607348	-2831.9408433200642
1136.0	14045.808087767908	-2787.227947298492
1137.0	14085.675859548139	-2905.620578908142
1138.0	14101.42518148535	-2811.5378868277817
1139.0	14047.684024783026	-2818.152306045849
1140.0	14036.250110181136	-2857.000712313609
1141.0	14082.492819323037	-2808.920840222881
1142.0	14014.44492340544	-2761.6599133340646
1143.0	14064.38329339416	-2790.35645401605
1144.0	14094.956550657464	-2832.4051223993592
1145.0	14040.22001890854	-2801.235973164063
1146.0	14055.703665246672	-2785.332121965501
1147.0	14018.521763552786	-2822.114941193275
1148.0	13961.267772882326	-2729.633333311946
1149.0	14023.129094734339	-2766.682650036119
1150.0	13969.199197198133	-2770.157749849408
1151.0	14000.432004308992	-2753.245229222555
1152.0	13986.17761290258	-2744.692363969601
1153.0	14004.910119613201	-2898.3909296922398
1154.0	14016.373617578376	-2788.7079675894915
1155.0	13876.57921004764	-2896.5325312741074
1156.0	13977.548127425847	-2739.5890270605064
1157.0	13922.83989619095	-2778.5227682387595
1158.0	13884.27036535598	-2683.47890629307
1159.0	13935.597781307913	-2715.0113018546385
1160.0	13777.909060442698	-2880.743592734043
1161.0	13921.824806898121	-2714.4639682338275
1162.0	13912.712802700791	-2876.6982803047413
1163.0	13961.510841270347	-2754.7392222276944
1164.0	13886.59177059267	-2710.2997282927986
1165.0	13892.843923887202	-2688.6689279494435
1166.0	13832.009040118517	-2651.923596563682
1167.0	13812.203158968941	-2715.308282303305
1168.0	13790.761690832194	-2626.2789977460047
1169.0	13857.991568789714	-2667.880869065548
1170.0	13789.87633691278	-2663.094927112428
1171.0	13838.96731370294	-2664.10158161538
1172.0	13819.8292241117	-2853.513135671439
1173.0	13748.94021179103	-2607.6684798645742
1174.0	13743.081262010144	-2595.959764975143
1175.0	13806.503394817342	-2636.253598850931
1176.0	13793.183796305855	-2635.8845876432456
1177.0	13720.344213665694	-2641.8193375846836
1178.0	13767.365428190518	-2611.600875939337
1179.0	13701.64899089419	-2644.6700796899145
1180.0	13672.730889388678	-2558.514530034221
1181.0	13758.891703138475	-2606.206305077876
1182.0	13522.50349975782	-2846.406241134516
1183.0	13718.519357356874	-2580.934010343782
1184.0	13708.203624016976	-2837.4031255481964
1185.0	13783.006886680227	-2647.7701365969274
1186.0	13629.148368658034	-2522.3987409888537
1187.0	13642.704763642287	-2531.543538812631
1188.0	13708.419978891643	-2582.672547597569
1189.0	13691.00114077705	-2562.7449517974205
1190.0	13625.636301819017	-2594.4825395258085
1191.0	13682.606509244617	-2557.248267796615
1192.0	13567.42138372665	-2481.437571856414
1193.0	13651.098439562766	-2537.0344823030878
1194.0	13553.977849449395	-2472.121905159012
1195.0	13583.691905155987	-2552.07617364703
1196.0	13632.586610886225	-2533.158064628024
1197.0	13615.421981777814	-2513.0719084919224
1198.0	13577.913369229978	-2808.1268543605743
1199.0	13540.261472069078	-2462.7819455454533
1200.0	13686.121685563592	-2586.718733842066
1201.0	13503.614367975206	-2445.6502403723084
1202.0	13516.833179044106	-2446.438366221649
1203.0	13597.07955102456	-2508.7566434269174
1204.0	13492.730625592589	-2430.4631463882592
1205.0	13575.763701089098	-2487.0119509565006
1206.0	13478.258537312455	-2420.560595227072
1207.0	13557.293649139234	-2482.9202086786518
1208.0	13534.938022718248	-2486.510420102543
1209.0	13542.633558542804	-2472.6884521765946
1210.0	13441.849186220148	-2396.0728044978573
1211.0	13531.965627308906	-2457.150422889695
1212.0	13501.02727900623	-2436.093133281449
1213.0	13481.63043019036	-2431.026240681694
1214.0	13104.314385383055	-2743.207805712029
1215.0	13354.649192837145	-2363.3583729382594
1216.0	13457.756291577862	-2809.1860717008926
1217.0	13197.32091777584	-2646.5161759713806
1218.0	13567.621928625844	-2508.54338399695
1219.0	13379.426606038962	-2353.4589883962635
1220.0	13460.271332403625	-2417.117422629158
1221.0	13363.274858893876	-2419.6164090161215
1222.0	13444.604248973706	-2406.7029351442793
1223.0	13428.2530266296	-2386.6488549184
1224.0	13409.393558526039	-2381.802388507267
1225.0	13385.447810431928	-2365.4959001490893
1226.0	13312.29050520803	-2344.5971004222706
1227.0	13304.782709291278	-2303.5602900091085
1228.0	13354.83371285587	-2337.074355283299
1229.0	13291.111988953291	-2301.8748233915207
1230.0	13340.96324158287	-2335.777459828983
1231.0	13268.80636656243	-2281.744193590632
1232.0	13313.27660460344	-2309.1364332497506
1233.0	13244.501818649334	-2303.8047890136963
1234.0	13288.714127976833	-2291.703405503277
1235.0	11514.405163760259	-1917.9219718608092
1236.0	11697.921182023085	-1969.435967428796
1237.0	11420.168168297341	-1976.5281304703524
1238.0	11372.493261315098	-2005.723832656054
1239.0	11543.517530696683	-1933.116588005919
1240.0	11722.211654187404	-1976.5224556096418
1241.0	11575.428409590138	-1946.5182110295082
1242.0	11817.261569932096	-2006.670772683412
1243.0	11615.722956097938	-1943.9066148903312
1244.0	11693.41780763191	-2553.069475702683
1245.0	11846.475673475832	-2015.225774247491
1246.0	11675.471685089828	-1979.3271687332715
1247.0	11900.448641059775	-2033.4812838793107
1248.0	11744.048237477255	-2075.4679987310537
1249.0	11737.991144859312	-2001.4099173251955
1250.0	11792.61694060479	-2019.99302608633
1251.0	11994.636866084016	-2053.667145809894
1252.0	11893.69158456836	-2554.352499445033
1253.0	12028.508931406453	-2083.9603711698364
1254.0	11866.894506597235	-2045.3655243868882
1255.0	12093.850088944673	-2557.319356912132
1256.0	11933.165333624589	-2041.0059224059132
1257.0	12025.794638103907	-2134.991935412843
1258.0	12246.809462485093	-2108.3739105042264
1259.0	12059.38921627657	-2067.638999059058
1260.0	12070.34010423684	-2176.2275238880834
1261.0	12294.297282050495	-2563.0788710574075
1262.0	12124.016429401536	-2105.3959306375637
1263.0	12194.724996327443	-2506.590779851645
1264.0	12213.811265201655	-2125.199275446943
1265.0	12469.268375805628	-2156.7452321813616
1266.0	12566.870649517065	-2203.294703585059
1267.0	12392.486858060409	-2163.4361695059797
1268.0	12490.495655992558	-2573.3455966513843
1269.0	12606.059912303097	-2296.4618327104868
1270.0	12488.786519730886	-2184.9594343345066
1271.0	12762.107991121733	-2243.5062846059213
1272.0	12596.117104139763	-2185.6881061072927
1273.0	12704.167529848715	-2391.7831375601963
1274.0	12810.022368531028	-2329.3772029032366
1275.0	12693.536551576959	-2206.952917887353
1276.0	12925.831433055566	-2620.113846977944
1277.0	12792.931664166834	-2227.22773446729
1278.0	12877.614150690713	-2267.523636702728
1279.0	12959.669097227314	-2432.464751606017
1280.0	13057.196977076166	-2266.940112592672
1281.0	13129.592387683828	-2270.0211821277294
1282.0	12951.655640345554	-2277.6328857997282
1283.0	13026.492694112545	-2281.8810313413196
1284.0	13119.602728998892	-2668.2514883680765
1285.0	13095.370796659276	-2268.438873990001
1286.0	13113.865750598357	-2282.6319166473945
1287.0	13304.374733219118	-2329.601575356486
1288.0	13160.08408539523	-2285.175494826732
1289.0	13191.255079365119	-2285.8695890467156
1290.0	13198.236185841743	-2307.359418645236
1291.0	13259.679454419796	-2288.1291772650306
1292.0	13215.029423825987	-2286.1913342601583
1293.0	13233.237630857291	-2315.649919153509
1294.0	13237.061204699645	-2286.733144852115
1295.0	13276.569245562314	-2311.0678177116065
1296.0	13300.332578961796	-2360.0420931420504
1297.0	13157.799726862484	-2309.996859316159
1298.0	13260.295656278917	-2304.007504057417
1299.0	13111.589854356893	-2312.9847398929937
1300.0	13268.362574777411	-2339.565791092547
1301.0	13214.71788378896	-2306.868605550226
1302.0	13084.487760992879	-2314.522053058506
1303.0	13223.436704184294	-2352.42228951735
1304.0	13184.475931490559	-2321.382884329949
1305.0	13078.218207567721	-2446.390591830352
1306.0	13139.839787886782	-2360.958365519498
1307.0	13133.846450719264	-2326.4634141256374
1308.0	13023.685129923286	-2318.0173733823735
1309.0	12863.645292761905	-2310.612298886739
1310.0	13009.055847955447	-2518.0901821647917
1311.0	12951.964589726907	-2324.2629799005695
1312.0	12910.07230657833	-2344.859401203736
1313.0	12661.06698423512	-2277.608632710242
1314.0	12760.698652084742	-2295.3600991704147
1315.0	12706.66831185416	-2316.4144704211594
1316.0	12389.141377184851	-2520.7927455274253
1317.0	12647.5403787167	-2417.687225735763
1318.0	12562.290267679018	-2256.3151877647883
1319.0	12509.603580986273	-2269.4573927603583
1320.0	12216.736704199328	-2176.9105725348004
1321.0	12412.8688357673	-2300.479584953051
1322.0	12372.95996550669	-2208.083924167715
1323.0	11930.364699220301	-2121.4952790061707
1324.0	12305.979754535387	-2222.49787305776
1325.0	12121.4272852836	-2159.3951551446753
1326.0	11995.820078824472	-2399.5473478457484
1327.0	11971.23499903093	-2158.1899306651744
1328.0	11785.582022005154	-2063.122152673935
1329.0	11846.895104373647	-2216.1345021694938
1330.0	11779.29983664641	-2218.516694082727
1331.0	11878.872671359539	-2141.5108944803737
1332.0	11492.373275520195	-2553.135063320715
1333.0	11808.113000098785	-2105.493281993153
1334.0	11722.206903636461	-2041.6090054520857
1335.0	11564.52149276087	-1975.9566942208676
1336.0	11686.646140160918	-2048.357375760817
1337.0	11530.887210619045	-1958.08489915854
1338.0	11612.226909593119	-1993.9781999589486
1339.0	11591.083343119019	-2079.2725470880846
1340.0	11456.608940418182	-1954.090990350803
1341.0	11580.07335055541	-2001.6271867551131
1342.0	11441.562932912393	-2031.5970744833958
1343.0	11538.695437469238	-1982.283166616541
1344.0	13379.052586116633	-2380.350294455957
1345.0	13282.76942482728	-2326.108697435722
1346.0	13245.192043205505	-2420.7340123651197
1347.0	13402.811668487071	-2395.3498662259603
1348.0	13330.405880010529	-2346.7607024600147
1349.0	13422.834993304868	-2411.0222085433593
1350.0	13337.894963415523	-2362.0821301259416
1351.0	13452.987990001828	-2430.3748703740216
1352.0	13362.50313260071	-2379.5241395175285
1353.0	13472.387028586001	-2444.4422797220072
1354.0	13334.224929024202	-2766.3992256417023
1355.0	13387.008249325125	-2395.706993823002
1356.0	13493.92791238133	-2456.8096874564235
1357.0	13381.805688751154	-2416.9215718326873
1358.0	13409.836243465543	-2411.905076823214
1359.0	13514.940148660962	-2472.0155257200568
1360.0	13435.658701728868	-2430.261385480939
1361.0	13427.742420713948	-2448.4556413531573
1362.0	13545.419916562134	-2493.924790740446
1363.0	13457.582917605921	-2444.418316975715
1364.0	13477.949327208458	-2457.8532997037933
1365.0	13469.248985706086	-2476.17825663859
1366.0	13499.977339653697	-2471.348438407515
1367.0	13516.411969718038	-2521.4438304784812
1368.0	13521.248530248968	-2487.537655261171
1369.0	13453.880333947733	-2665.12720676265
1370.0	13620.68778752212	-2544.440813469981
1371.0	13549.081035595971	-2507.1487916603132
1372.0	13643.248288608555	-2558.565999126844
1373.0	13574.364665231618	-2522.293202913812
1374.0	13666.288911840855	-2572.0400009345935
1375.0	13610.199925999119	-2537.0874208308505
1376.0	13624.450054963454	-2557.598534004896
1377.0	13696.696516845353	-2593.975761860054
1378.0	13643.785047914573	-2592.5752372302118
1379.0	13719.273042201561	-2608.054286172271
1380.0	13650.166982909768	-2572.3577207898093
1381.0	13666.114998716925	-2621.9058184765677
1382.0	13742.51996267458	-2621.094497192316
1383.0	13672.900557280047	-2587.5690608453247
1384.0	13762.353774457571	-2635.630551546065
1385.0	13700.595804523799	-2607.119070253202
1386.0	13748.277858224772	-2844.529977916374
1387.0	13726.230848607802	-2621.5746081272023
1388.0	13743.517087138729	-2671.4315423382627
1389.0	13832.876209673637	-2679.122299199366
1390.0	13747.97617389649	-2636.064795764665
1391.0	13761.969647896878	-2669.631553782259
1392.0	13767.558014877373	-2649.2178469350306
1393.0	13859.87864536146	-2694.7479585607502
1394.0	13806.690036339576	-2663.2718670820154
1395.0	13840.023909621026	-2730.7443277943125
1396.0	13815.211372886542	-2679.257858651159
1397.0	13851.17506166616	-2861.6172153570747
1398.0	13841.981166310405	-2695.040044918727
1399.0	13912.022454187208	-2726.0104130655636
1400.0	13868.931368180003	-2710.0880093762867
1401.0	13937.28927672319	-2741.5230262142018
1402.0	13895.059057669401	-2725.3625075115174
1403.0	13920.447722794443	-2741.3846975042684
1404.0	13944.196457020438	-2880.7680061320957
1405.0	13945.79361924452	-2755.594281723555
1406.0	13941.001597086171	-2775.2066520474577
1407.0	13993.215191058624	-2775.5901091370292
1408.0	13986.989960499232	-2805.1347033943057
1409.0	13982.327202509236	-2768.7964378527054
1410.0	13997.695955312383	-2788.548858553157
1411.0	14024.166282516986	-2802.237057748298
1412.0	14009.745853566963	-2870.2774476171858
1413.0	14071.333875291375	-2822.7130649807586
1414.0	14056.79443907286	-2867.4680529398465
1415.0	14060.486590634871	-2816.4738620781923
1416.0	14076.098658956931	-2834.408151438775
1417.0	14098.00549624863	-2881.1782591519827
1418.0	14139.468395045187	-2859.187261145316
1419.0	14102.265306179244	-2846.2788028618234
1420.0	14124.567557628152	-2860.7510525708476
1421.0	14163.256086593106	-2871.1378071162544
1422.0	14146.936609347724	-2871.687403552108
1423.0	14141.83135347424	-2887.626699635759
1424.0	1328.7441917491535	-2279.6120999378486
1425.0	985.8161347042029	-2274.1106625702723
1426.0	1238.0232973336958	-2347.014415716289
1427.0	1221.7177426202386	-2479.849350019578
1428.0	1406.7492249174295	-2346.770943684404
1429.0	1403.1242394562626	-2479.8396841078265
1430.0	1802.8185124844883	-2275.2744439021603
1431.0	1567.2808028121337	-2345.452394679829
1432.0	1576.8385825950998	-2477.5016363740524
1433.0	1724.3754480217297	-2340.7212089606182
1434.0	1959.7187691808128	-2278.547007599318
1435.0	1881.1735221057825	-2341.0067025304706
1436.0	1853.9868605616248	-2469.301794239705
1437.0	2116.55554516001	-2278.9909497777717
1438.0	2038.0291376049547	-2344.2218963852033
1439.0	2026.2160439782347	-2476.3198633000507
1440.0	2430.2333718753202	-2278.992816434981
1441.0	2194.8482764474006	-2344.467915382012
1442.0	2196.021581185254	-2477.5648685019737
1443.0	2351.701709963311	-2344.4995723009597
1444.0	2586.9561198376505	-2276.602637041187
1445.0	2508.483316529324	-2342.0962280069057
1446.0	2743.8183616743117	-2279.7080416273707
1447.0	2665.245946151977	-2342.3255971119215
1448.0	2641.8770466770634	-2470.499454037839
1449.0	2900.5578229967155	-2281.8962368130833
1450.0	2822.05094209931	-2347.293832310938
1451.0	2814.431101624106	-2479.432691573726
1452.0	3214.225868817672	-2276.9063124629706
1453.0	2978.888230212028	-2347.157533356652
1454.0	2984.9965059118017	-2479.753064366631
1455.0	3135.7607568742824	-2342.415907276471
1456.0	3371.0735592649958	-2280.094412437494
1457.0	3292.5470592702563	-2342.681712203921
1458.0	3325.4923725037443	-2539.9366627259046
1459.0	3527.9054079592497	-2280.342381968536
1460.0	3449.3949908590985	-2345.804344047316
1461.0	3434.0351192251983	-2477.6161749136086
1462.0	3841.555346375244	-2280.78507604486
1463.0	3606.161025075567	-2346.1273465358026
1464.0	3603.297028243009	-2478.763081776097
1465.0	3763.020537019513	-2346.39295296529
1466.0	3998.2934773515735	-2278.1696673216425
1467.0	3919.8163186869156	-2343.721545389437
1468.0	4155.195777522723	-2281.098733855142
1469.0	4076.6397068516694	-2343.9656062866675
1470.0	4050.323301788578	-2471.9460381474014
1471.0	4311.9506474414775	-2281.3348657474885
1472.0	4233.4505895327275	-2346.8511725080175
1473.0	4222.496190146753	-2478.6625823226727
1474.0	4625.531132046741	-2281.4902792404305
1475.0	4390.285544548425	-2347.077894803526
1476.0	4392.547906663219	-2479.380611108438
1477.0	4547.061167413277	-2347.0039854688184
1478.0	4782.3278907159975	-2279.8311178414237
1479.0	4703.727502758422	-2345.134878601911
1480.0	4939.265188378402	-2282.0572855548817
1481.0	4860.620605703195	-2345.574269486809
1482.0	4838.087378205022	-2473.6405709575847
1483.0	5017.572693613888	-2349.2436548803967
1484.0	5010.627938502337	-2481.33057937324
1485.0	5409.77599036479	-2279.8038053596156
1486.0	5174.415279263029	-2349.4436090859817
1487.0	5181.648671988849	-2481.3821467724024
1488.0	5331.249613791747	-2345.4326110426778
1489.0	5566.6006295572515	-2282.9083648161886
1490.0	5488.093497858895	-2345.62177037593
1491.0	5522.6945631731	-2541.838576529711
1492.0	5723.387271045459	-2283.217159366448
1493.0	5644.87840781251	-2348.6931074983645
1494.0	5630.341634256377	-2479.9239864778774
1495.0	6037.025148275828	-2283.4731514258724
1496.0	5801.714923228861	-2348.893273561254
1497.0	5799.897200778566	-2480.461320978193
1498.0	5958.529278158089	-2349.0545356566727
1499.0	6193.864303257698	-2281.08038328046
1500.0	6115.305015081067	-2346.7089128966313
1501.0	6350.7447293241385	-2283.7662908545385
1502.0	6272.201185730311	-2346.829330615656
1503.0	6315.1167932210155	-2542.657551646948
1504.0	6507.482816439729	-2284.0832741700283
1505.0	6428.987842270188	-2349.5232185195255
1506.0	6418.892050180337	-2480.738064537471
1507.0	6821.185734267453	-2283.962024723048
1508.0	6585.824287010258	-2349.759047809485
1509.0	6589.151784730823	-2481.0026727531117
1510.0	6742.698538743866	-2349.6059915640512
1511.0	6977.885722183458	-2282.0246319457206
1512.0	6899.3382014043955	-2347.3796494705734
1513.0	7134.847825381311	-2284.559214507277
1514.0	7056.169663548993	-2347.825513518723
1515.0	7034.493634746469	-2475.484679163744
1516.0	7213.174989380724	-2350.39146046164
1517.0	7207.2631016319765	-2481.4184017579446
1518.0	7605.341295837726	-2282.3957787999593
1519.0	7369.947867090697	-2350.5729587627316
1520.0	7378.50936303334	-2481.711596798766
1521.0	7526.758374724664	-2348.0988896194963
1522.0	7762.239610650676	-2285.338437883691
1523.0	7683.729684482189	-2348.2707095830506
1524.0	7720.036264273386	-2543.507711213393
1525.0	7919.00363894607	-2285.5910376749125
1526.0	7840.523174259775	-2351.221910465312
1527.0	7826.87037935446	-2481.9618113860797
1528.0	8232.562739655254	-2285.490419689053
1529.0	7997.55262377125	-2351.4112944916037
1530.0	7996.812377939476	-2482.215532980694
1531.0	8154.302447798606	-2351.2906165827567
1532.0	8389.37119689866	-2283.487222950023
1533.0	8310.786586362783	-2348.9040814997593
1534.0	8546.354450693505	-2286.1773669892264
1535.0	8467.727321392636	-2349.276334705008
1536.0	8511.581900960937	-2543.982400327193
1537.0	8703.159159642415	-2286.5689803902073
1538.0	8624.679073211182	-2352.025812855671
1539.0	8614.751167980347	-2482.423267455359
1540.0	9016.770605592548	-2286.7084710966733
1541.0	8781.450400773952	-2352.217338482675
1542.0	8785.974867060788	-2482.685560634294
1543.0	8938.23401933679	-2352.2893840546876
1544.0	9173.599294029418	-2286.8199111944236
1545.0	9095.080846818004	-2352.2214205988134
1546.0	9330.408996740658	-2286.9711845013558
1547.0	9251.9025884514	-2352.390493065785
1548.0	9304.898069604336	-2544.0924236227124
1549.0	9408.754777174654	-2352.5357604262936
1550.0	9403.978108444235	-2482.727711784581
1551.0	9800.871891647103	-2283.523018015256
1552.0	9565.617226776789	-2352.98279140122
1553.0	9575.247479771613	-2483.3517572209544
1554.0	9722.37405878525	-2349.1586947807664
1555.0	9957.826132087912	-2287.8679403098326
1556.0	9879.320314753544	-2349.4545860307876
1557.0	9917.514599844058	-2544.6503743894996
1558.0	10114.640615528784	-2287.86763561953
1559.0	10036.217730171173	-2353.4132659953034
1560.0	10023.567546420787	-2483.561861928101
1561.0	10428.505081971698	-2288.0631070032528
1562.0	10193.049118726694	-2353.5549752005204
1563.0	10193.417252537221	-2483.321351242063
1564.0	10349.91237075805	-2353.826324504165
1565.0	10587.719447971702	-2284.1086813892402
1566.0	10506.92906097661	-2350.0903487681776
1567.0	10754.119016574556	-2284.9185386727518
1568.0	10933.934053167633	-2336.291641226062
1569.0	10665.113542707864	-2348.333145027053
1570.0	10708.321006487438	-2542.464034731455
1571.0	10981.183805033128	-2464.2841182977386
1572.0	11120.080192311556	-2163.3617878285872
1573.0	11083.054196696372	-2255.349061097801
1574.0	11315.906243672847	-2207.975686492782
1575.0	11200.085401184815	-2163.3769310995503
1576.0	11657.734179344834	-2091.5893438436565
1577.0	11328.90811056285	-2145.7691435483844
1578.0	11283.567215096564	-2542.1520562593055
1579.0	11593.457365162873	-2495.390693014119
1580.0	11507.427527356767	-2347.126810433367
1581.0	11976.442955408658	-2228.8192173923803
1582.0	11793.921859021088	-2496.1327117970527
1583.0	11795.80135903591	-2393.7825177029604
1584.0	12043.304450451324	-2239.999916461477
1585.0	11994.423280412455	-2500.340527782155
1586.0	12518.24306196987	-2371.078353783853
1587.0	12088.943991721157	-2365.726505738498
1588.0	12595.03408879012	-2361.171758596971
1589.0	12399.065061970228	-2437.293676484058
1590.0	12809.857182364969	-2388.3887467796703
1591.0	12553.357742088463	-2510.836467157853
1592.0	13009.360005429682	-2594.3676856942016
1593.0	13001.804262027277	-2394.9000910716063
1594.0	12777.848570768232	-2519.6493285265974
1595.0	616.5466074244335	-2482.7618862191453
1596.0	909.6100389016659	-2539.485307712052
1597.0	805.7862335832457	-2344.8352112916914
1598.0	812.1864064767275	-2477.565712452187
1599.0	1051.9779758568886	-2343.502310834552
1600.0	455.8960742429578	-2343.1538141562796
1601.0	507.0621611388694	-2544.2850541454777
1602.0	10810.419375184118	-2483.1449610413733
1603.0	10829.959259005525	-2352.681633140784
1604.0	11170.533082430617	-2460.7287478165067
1605.0	11387.42175396452	-2490.5072511226012
1606.0	11246.173921900221	-2226.2732867269647
1607.0	11287.888320335165	-2094.478331384885
1608.0	11568.025255045999	-2036.5836295334902
1609.0	11439.59779832729	-2068.6569089878026
1610.0	11309.221480386297	-2043.6497603502983
1611.0	11494.792289020363	-1971.960738433574
1612.0	11408.910011116635	-2007.5380516703378
1613.0	11516.294950015186	-2012.7529307290442
1614.0	11485.900938120903	-1933.3846075318281
1615.0	11448.27826546778	-1978.8373862934961
1616.0	11490.951274031015	-2003.2141174682322
1617.0	11478.479922549655	-1954.170132455932
1618.0	12279.306739583439	-2115.288540154359
1619.0	12293.72942135333	-2272.2673946009113
1620.0	14148.985888323528	-2920.266877200945
1621.0	14168.91820054395	-2889.7743686379563
1622.0	11510.451215675732	-2271.427182153899
1623.0	11466.308232609903	-2010.1699074332835
1624.0	14090.84321853175	-2861.710723090669
1625.0	14072.749517830112	-2853.8330919815676
1626.0	12629.378640206507	-2510.427726475535
1627.0	12494.728453778405	-2428.002561604963
1628.0	12907.154626291185	-2402.23616959278
1629.0	12758.032683913238	-2429.7403101858854
1630.0	12844.181855742694	-2514.960075131748
1631.0	11390.843795613828	-2084.37502301186
1632.0	11398.30817334736	-2391.486006572055
1633.0	12254.887414262723	-2374.137286028579
1634.0	12476.5821987901	-2319.510632892939
1635.0	12188.422100691905	-2415.791108614417
1636.0	12171.763511620884	-2198.8039692200728
1637.0	12358.560640698926	-2316.4145215458957
1638.0	11896.967882995197	-2351.2091254145344
1639.0	12095.574372516387	-2289.53828120194
1640.0	11699.465140100467	-2343.7322732717894
1641.0	11903.595088612143	-2266.7481734224966
1642.0	11249.901430769612	-2316.158792636072
1643.0	11597.625197616604	-2388.403684677318
1644.0	11728.159946794682	-2130.260593895446
1645.0	11479.366528326078	-2095.4211902392312
1646.0	11384.692885830422	-2133.814626032488
1647.0	11438.899927843535	-2173.6457194459017
1648.0	11334.122952763204	-2338.161827823571
1649.0	11367.876322172371	-2260.962204067872
1650.0	14034.63783942098	-2833.34910886497
1651.0	13989.63492305505	-2849.6825988508895
1652.0	14000.023103801024	-2825.1716958756174
1653.0	13956.752439742719	-2784.9173510975957
1654.0	13962.842109623445	-2849.6744299098777
1655.0	13964.483990140812	-2803.4872718500696
1656.0	13904.867182784632	-2843.6589766345696
1657.0	13910.79036442055	-2758.772069204923
1658.0	13859.164415055799	-2728.178191806346
1659.0	13855.631386950497	-2775.400371218262
1660.0	13880.826789641016	-2803.8996726028877
1661.0	13884.716138698685	-2742.905625885863
1662.0	13775.999203742698	-2804.1262559337847
1663.0	13866.481898497752	-2745.9330290972034
1664.0	13777.066056293666	-2678.8175686055456
1665.0	13831.893383694172	-2712.9462317222296
1666.0	13726.51089344178	-2763.5954255232677
1667.0	13804.997588923221	-2741.4545844603686
1668.0	13804.626104798073	-2697.537654951595
1669.0	13656.165810609682	-2774.6307659017098
1670.0	13783.294487631996	-2697.2743048755688
1671.0	13734.727853558143	-2651.4520797096343
1672.0	13639.557623017166	-2708.6929221230785
1673.0	13688.858388158536	-2623.4901343133643
1674.0	13603.69707961742	-2713.2633157319638
1675.0	13659.456808030833	-2602.8338843301103
1676.0	13613.220003169117	-2573.2975579634585
1677.0	13537.873144232508	-2522.5227232810557
1678.0	13568.238631641449	-2541.570905281485
1679.0	13565.262218309561	-2634.5198133541285
1680.0	13590.862551355283	-2570.732806088159
1681.0	13550.28800367221	-2543.195017985365
1682.0	13486.319371328069	-2501.4740382878413
1683.0	13442.780408185243	-2458.606751291034
1684.0	13508.838832834954	-2503.390697784092
1685.0	13425.123516239792	-2551.573796022966
1686.0	13483.766259734817	-2484.953908452379
1687.0	13397.09979948569	-2427.8455716641397
1688.0	13433.587196828841	-2497.758928880225
1689.0	13448.884177662949	-2476.9556709721232
1690.0	13304.006697713123	-2633.702210997286
1691.0	13406.813561913934	-2448.7509607113066
1692.0	13327.311246903288	-2377.6428612032437
1693.0	13351.927965951923	-2397.5756760680074
1694.0	13333.49030967612	-2396.9706405660413
1695.0	13182.16089010364	-2481.492371532286
1696.0	13242.275574807582	-2335.3720389427203
1697.0	13307.864237252055	-2377.7664262570966
1698.0	13278.009956923013	-2358.50366173309
1699.0	13112.836805484874	-2543.7221707018057
1700.0	11575.25998899287	-2212.487507476884
1701.0	11530.072909797405	-2041.382901111748
1702.0	11484.81956762573	-2150.9703976767028
1703.0	11705.512411045054	-2262.966675575535
1704.0	11623.454978973992	-2072.0662879578595
1705.0	11769.642777270608	-2153.044258792936
1706.0	11677.406652137803	-2139.6335686993184
1707.0	11645.102057012375	-2206.8672150896164
1708.0	12172.946252639187	-2265.174702703944
1709.0	12270.3694989382	-2188.5867756105495
1710.0	12887.521591167933	-2550.2700714466628
1711.0	12860.562426308703	-2427.0006111522166
1712.0	13073.535998493493	-2371.215820339304
1713.0	12956.41663267007	-2492.539189480369
1714.0	13044.624735765423	-2405.4951494466936
1715.0	13262.256860505475	-2377.027684716182
1716.0	13113.976904389594	-2385.2688248617883
1717.0	13192.70778071841	-2346.243613903496
1718.0	13294.813345828317	-2400.084341031849
1719.0	13172.024913257854	-2369.352540283566
1720.0	14183.324814240326	-2896.290503759156
1721.0	14206.050118622401	-2924.9781820184053
1722.0	13950.724320011002	-2823.51609539037
1723.0	13912.247839433854	-2799.1014974204177
1724.0	13872.650658820166	-2785.4897773568705
1725.0	13823.760177267433	-2751.8597831643406
1726.0	13733.2134106387	-2691.934181335166
1727.0	13524.024489663158	-2735.915475296384
1728.0	13578.209196488942	-2589.361236076739
1729.0	13374.816816651257	-2707.066189433573
1730.0	13468.604073274322	-2521.915468263173
1731.0	13349.343971621429	-2442.79084702094
1732.0	13075.41801077024	-2610.235164383839
1733.0	13122.78859385039	-2429.312663816554
1734.0	13254.99758828131	-2675.2722087578677
1735.0	13160.692238001517	-2537.6039890391403
1736.0	13395.496960842751	-2467.1139647865234
1737.0	13071.059364633978	-2491.7581060071334
1738.0	13187.615748907958	-2402.898240307905
1739.0	13832.050171154953	-2778.760989297433
1740.0	13765.35733574706	-2772.2541265940285
1741.0	13811.62224086462	-2809.468814126447
1742.0	13874.725425035474	-2832.6221709789284
1743.0	13924.233047491842	-2821.5703679424164
1744.0	11435.08523107549	-2238.586754536888
1745.0	11545.813644174823	-2156.971758090673
1746.0	13225.146905580395	-2481.0532768076614
1747.0	13355.954657541495	-2650.238913901389
1748.0	13233.770607736587	-2375.140064650268
1749.0	13164.242312997683	-2438.5479044986023
1750.0	13218.632519920808	-2402.507089060753
1751.0	13312.116570540704	-2413.4335088583466
1752.0	13295.872686681427	-2580.843298367205
1753.0	13271.52859112052	-2400.8840308998947
1754.0	13385.474792034182	-2510.940864686305
1755.0	13316.623339544058	-2437.2129823651317
1756.0	13290.44644162927	-2457.1867639387924
1757.0	13363.745183983492	-2465.0624837514883
1758.0	13503.096890381123	-2542.055306109309
1759.0	13539.23500052229	-2565.140133179135
1760.0	13442.900381422842	-2522.8252013988217
1761.0	13443.54540010488	-2584.7942158466612
1762.0	13477.808455444296	-2544.4436033902516
1763.0	13541.037112127038	-2616.8275641305504
1764.0	13513.505061745675	-2565.0793141056533
1765.0	13551.81239379052	-2588.4174646001097
1766.0	13613.617012369054	-2617.3767576448304
1767.0	13649.761510212162	-2645.9190319239588
1768.0	13588.547358852813	-2614.8202060710605
1769.0	13689.428146375925	-2668.200511161564
1770.0	13622.782876914614	-2645.5028778200467
1771.0	13660.284055135511	-2671.033779232405
1772.0	13697.078527229625	-2788.3407024948465
1773.0	13769.229015225908	-2719.2603628446627
1774.0	13703.970335044249	-2691.556939526851
1775.0	13657.962756420426	-2732.611105484449
1776.0	13783.35506234627	-2745.6700150777524
1777.0	13745.58719279342	-2717.8318232424153
1778.0	11519.75266411451	-2080.0355361524776
1779.0	11563.611603546384	-2110.5134999779693
1780.0	13200.99163206383	-2582.3816703244775
1781.0	13294.110630570098	-2492.7061798288255
1782.0	13429.803282074012	-2712.9504753269434
1783.0	13494.539553864846	-2592.2742073292725
1784.0	13470.526647457904	-2578.5737563495954
1785.0	13568.51776911264	-2751.4075470511143
1786.0	13597.444878438213	-2675.1880187373786
1787.0	13526.752795079121	-2689.3447310850856
1788.0	13693.231377207087	-2718.3083909590623
1789.0	13720.8667976085	-2735.582774404744
1790.0	12232.781185414773	-2299.7091046546643
1791.0	12338.117791738843	-2383.8551219118417
1792.0	13564.993873349398	-2666.76150584523
1793.0	13509.494210977979	-2620.745125933195
1794.0	13250.313853575613	-2447.5285067488217
1795.0	13250.534291537608	-2558.2787904808843
1796.0	13495.478238890224	-2661.020600396628
1797.0	13386.132852741015	-2614.2406449841674
1798.0	13369.3026935292	-2568.2558358264087
1799.0	13429.072063724501	-2623.2446519520577
1800.0	13330.990487297984	-2551.39519211355
1801.0	13407.465103032378	-2493.408965220071
1802.0	13253.220912952049	-2513.0620144709223
1803.0	13356.50878739002	-2492.2369350136923
1804.0	13326.541809772214	-2508.4748495851322
1805.0	13393.820020647596	-2544.0394229706035
