1.0	12376.372262165933	-1452.0796272140285
2.0	12380.511421569032	-1456.265354282751
3.0	12388.157148206717	-1463.6186878146234
4.0	12385.56175383106	-1457.0567427378999
5.0	12410.286718956813	-1470.048491277088
6.0	12426.466004982925	-1468.0361706531505
7.0	12450.399079744637	-1461.5829401190383
8.0	12490.015423580298	-1458.2158204575614
9.0	12515.02773816367	-1456.1345004673187
10.0	12540.042802411821	-1454.0840918196227
11.0	12565.060594436109	-1452.070715112712
12.0	12590.08221611185	-1450.100409521625
13.0	12615.107525996596	-1448.1793132845294
14.0	12640.137013719579	-1446.313519769833
15.0	12665.170919196493	-1444.5091446749857
16.0	12690.20960916133	-1442.7722984732088
17.0	12715.25329191056	-1441.1091061655409
18.0	12740.30199531231	-1439.525706348277
19.0	12765.356454129562	-1438.02819802333
20.0	12790.416009998642	-1436.6227640537827
21.0	13693.813546055133	-1429.6772287967135
22.0	13869.564633366479	-1422.4101846834799
23.0	13877.866962183589	-1430.8400804336627
24.0	13902.96419526366	-1431.126406914175
25.0	13928.061041183588	-1431.4553729214774
26.0	13953.157173055572	-1431.8308241563655
27.0	13978.25253118507	-1432.2566090468263
28.0	14003.347143492434	-1432.7365775935023
29.0	14028.440305229284	-1433.2745493839946
30.0	14053.532101620665	-1433.8728827317
31.0	14078.622071257945	-1434.5304192063832
32.0	14103.710835267198	-1435.2443154537139
33.0	14128.798159320695	-1436.0115486771103
34.0	14153.88375954134	-1436.829092625315
35.0	14178.96789344919	-1437.69393871318
36.0	14204.050399299196	-1438.6030647358787
37.0	14229.131379614917	-1439.5534581414358
38.0	15231.918268050773	-1487.9860294404582
39.0	15248.63020836763	-1480.4959026818763
40.0	14922.764792170017	-1464.1572640148397
41.0	12823.946354452763	-1426.5193420110747
42.0	12396.420413763139	-1469.001809312662
43.0	12849.018107977194	-1425.379091211851
44.0	12422.336085709356	-1450.4241849505472
45.0	12874.09458578963	-1424.3481760028435
46.0	12442.102831054459	-1453.3316759643237
47.0	12899.175007730431	-1423.4280929585593
48.0	12473.430306614586	-1450.7026399331417
49.0	12924.259538553992	-1422.6150109565694
50.0	12465.321041631376	-1460.294688577338
51.0	12949.347008901386	-1421.9034536771553
52.0	12498.44353683057	-1448.6438831108726
53.0	12974.437146474971	-1421.2878763200897
54.0	12523.458804634814	-1446.612794834884
55.0	12999.529014373002	-1420.7627327101084
56.0	12548.476803173979	-1444.6151685716802
57.0	13024.622831006505	-1420.322466992793
58.0	12573.497862811724	-1442.6568347351358
59.0	13049.7187678881	-1419.9615132057043
60.0	12598.522691712516	-1440.743595590373
61.0	13074.814848148853	-1419.6743481480191
62.0	12623.551244249158	-1438.8813157062748
63.0	13099.910645551312	-1419.455411711607
64.0	12648.5838944117	-1437.0758300324896
65.0	13125.007069802252	-1419.2991443313374
66.0	12673.620936014768	-1435.3329834086105
67.0	13150.104676020315	-1419.1999929652757
68.0	12698.662663736779	-1433.6586237979152
69.0	12723.709053751378	-1432.058622247045
70.0	13175.202505165265	-1419.1524214813614
71.0	12748.760724107318	-1430.5388137402063
72.0	13200.300328440697	-1419.150886854102
73.0	12773.817687760673	-1429.1050711527357
74.0	13225.398056839542	-1419.1898508810382
75.0	12798.879511660018	-1427.7632933572713
76.0	13250.495739408814	-1419.2637764274577
77.0	12815.480848914953	-1435.315535274057
78.0	13275.593274467026	-1419.3671308382484
79.0	12840.550886984338	-1434.1126558131602
80.0	13300.691145676481	-1419.4943854295182
81.0	12865.625962775617	-1433.0201476704585
82.0	12890.705755083456	-1432.0416776884813
83.0	13325.788995061637	-1419.6400101042175
84.0	12915.78931365755	-1431.175092718687
85.0	13350.886622715947	-1419.7984770263554
86.0	12940.87708657179	-1430.4147579745484
87.0	13375.983718472156	-1419.9642574822922
88.0	12965.966784237979	-1429.7550134621326
89.0	13401.080755355028	-1420.1318289322678
90.0	12991.059829186634	-1429.1900912320318
91.0	13426.178229638035	-1420.295669081068
92.0	13016.153371884335	-1428.7143238709548
93.0	13041.250045899762	-1428.3219312943268
94.0	13451.275352994262	-1420.4502472361964
95.0	13066.34700730273	-1428.0072350477938
96.0	13476.373025549348	-1420.5900468528955
97.0	13091.444795496825	-1427.7644980617526
98.0	13501.47080315432	-1420.711196376437
99.0	13116.542167622987	-1427.588006314814
100.0	13526.568247619101	-1420.8146545684579
101.0	13141.641021429145	-1427.4720255085513
102.0	13551.665648314383	-1420.9039218273192
103.0	13166.739795919202	-1427.4108507956762
104.0	13576.764293243816	-1420.9827865195077
105.0	13191.838953877077	-1427.3987679144445
106.0	13601.86257737703	-1421.055028531442
107.0	13216.937726272323	-1427.4300685791643
108.0	13626.959917257356	-1421.1244327545103
109.0	13242.03668069488	-1427.4990466998715
110.0	13652.05766216934	-1421.194790043165
111.0	13267.135348532562	-1427.5999992856412
112.0	13677.154840826583	-1421.2698850578274
113.0	13292.23400244009	-1427.7272270338583
114.0	13727.349265990279	-1421.449449187164
115.0	13317.332969449844	-1427.8750346418167
116.0	13752.44680516221	-1421.5614990480453
117.0	13342.431618056458	-1428.0377236764652
118.0	13777.544107957297	-1421.6934466704522
119.0	13367.530523112808	-1428.2096029599654
120.0	13802.641448834518	-1421.8490853630535
121.0	13392.628743936832	-1428.384972845607
122.0	13827.737986163293	-1422.0322011948103
123.0	13417.727456837347	-1428.5581473212833
124.0	13844.467927717284	-1422.1727805960238
125.0	13442.825744381005	-1428.7234269848302
126.0	13852.769160168229	-1430.5925414410995
127.0	13467.923947601397	-1428.8751222400688
128.0	13493.022821846329	-1429.0083943774343
129.0	13518.121510998915	-1429.1221347432308
130.0	13543.2200983419	-1429.2195818427651
131.0	13568.31955028661	-1429.3045787312603
132.0	13593.419775376808	-1429.3809658753805
133.0	13618.519086371576	-1429.4525802941125
134.0	13643.617414658862	-1429.5232652367342
135.0	13668.716112553304	-1429.5968681343165
136.0	13702.251725609594	-1421.3535073616306
137.0	13718.91212407031	-1429.7681999650104
138.0	13744.01082604758	-1429.8736252275842
139.0	13769.109451006994	-1429.9973509360752
140.0	13794.207973827788	-1430.143225292134
141.0	13819.306357870912	-1430.3150964184613
142.0	14270.974031744176	-1432.8897078532611
143.0	14296.05015641566	-1433.9349445664247
144.0	13894.66087137546	-1422.6851455107642
145.0	14321.124856015304	-1435.0104135705872
146.0	13919.756647540975	-1423.0014567611154
147.0	14346.198439318907	-1436.113146888097
148.0	13944.851837605229	-1423.3629101634954
149.0	13969.94624358358	-1423.7732960562287
150.0	14371.27095632934	-1437.240165893597
151.0	13995.039992898994	-1424.2364098639325
152.0	14396.34235769911	-1438.3884882280797
153.0	14020.13259789115	-1424.756026770501
154.0	14421.413122151847	-1439.5551561125305
155.0	14045.22363214402	-1425.335182190525
156.0	14446.483339483128	-1440.7371946215562
157.0	14070.312874337673	-1425.9740938475677
158.0	14471.553137889043	-1441.9316308580753
159.0	14095.400580043788	-1426.670087653424
160.0	14120.487185611702	-1427.4201911340922
161.0	14496.621894891838	-1443.1354556592694
162.0	14145.572199319016	-1428.2214055806678
163.0	14521.689895808371	-1444.345828330407
164.0	14170.655603260047	-1429.0707457909457
165.0	14546.758135389347	-1445.5607998866942
166.0	14195.73748887596	-1429.9652298790359
167.0	14571.827083376475	-1446.779822051787
168.0	14220.817802195297	-1430.9018719838825
169.0	14596.895594882342	-1448.0026440531037
170.0	14245.896639113555	-1431.8776919079967
171.0	14621.963337057367	-1449.2290547089153
172.0	14254.210830959246	-1440.5421031288345
173.0	14647.030319177282	-1450.4588590405192
174.0	14279.28894033086	-1441.5659922257053
175.0	14304.365750690567	-1442.6221129006833
176.0	14672.097174670258	-1451.6918931756927
177.0	14329.441194865643	-1443.7074486114077
178.0	14697.164406955528	-1452.9279869616985
179.0	14354.515664758497	-1444.8190033429826
180.0	14722.231507863298	-1454.1669204115624
181.0	14379.58893644678	-1445.9537545678697
182.0	14747.298827730678	-1455.4085157918587
183.0	14404.66131774114	-1447.1087041082785
184.0	14772.366165060615	-1456.6525680818902
185.0	14429.73305359587	-1448.280851798327
186.0	14797.4331669147	-1457.898864693186
187.0	14454.804175400612	-1449.467187980047
188.0	14822.499865401334	-1459.1472120572942
189.0	14479.874948224287	-1450.6647141923092
190.0	14847.566280612302	-1460.397416006208
191.0	14504.944583063198	-1451.8703812961355
192.0	14872.632420622778	-1461.6492817723708
193.0	14530.014155539939	-1453.0814871668701
194.0	14897.698478619044	-1462.9026238601489
195.0	14555.083727929603	-1454.296658581514
196.0	14580.153870871613	-1455.5155684439503
197.0	14605.222886560534	-1456.737975016158
198.0	14947.831337491565	-1465.413005896001
199.0	14630.29194473759	-1457.963776554737
200.0	14655.360088300906	-1459.1927669973127
201.0	14972.897406915798	-1466.6696188763135
202.0	14680.428925184604	-1460.4248665686757
203.0	14705.49735752417	-1461.6598623947923
204.0	14997.965000738646	-1467.9270081217671
205.0	14730.56584985074	-1462.8976184544088
206.0	14755.634529589757	-1464.1379821078092
207.0	15023.031692808996	-1469.184856704471
208.0	14780.70308522503	-1465.380778993056
209.0	14805.771305290053	-1466.62583964084
210.0	15048.09670030878	-1470.4429301762805
211.0	14830.839226565586	-1467.8730068283558
212.0	14855.906849782543	-1469.1221215341413
213.0	15073.162445797278	-1471.701154797907
214.0	14880.974199705079	-1470.3730259358392
215.0	14906.041557168935	-1471.6255750314967
216.0	15098.228720284458	-1472.9593248768924
217.0	14931.109214536302	-1472.8796244247612
218.0	14956.176873075374	-1474.135000132952
219.0	15123.297613987352	-1474.2173499746814
220.0	14981.244046271522	-1475.3915187206803
221.0	15006.313386068976	-1476.6491541833363
222.0	15148.365526988038	-1475.4748543644134
223.0	15031.379968923953	-1477.907500433884
224.0	15056.447276743193	-1479.166573045369
225.0	15173.43076667795	-1476.7315581193143
226.0	15081.51397449457	-1480.4261458897183
227.0	15106.58171964923	-1481.6861431744726
228.0	15198.495998381639	-1477.9873996442045
229.0	15131.651499411737	-1482.9464551507
230.0	15156.718427763424	-1484.2066778373776
231.0	15223.561242192614	-1479.2421847562866
232.0	15181.785064399615	-1485.46678040876
233.0	15206.851671576	-1486.7266169898123
234.0	15256.98856274539	-1489.2450430297315
235.0	12402.138966376195	-1470.7585748972958
236.0	12403.757680159993	-1452.5916688152581
237.0	12389.575349716506	-1452.1938145591428
238.0	12412.87892238108	-1456.2644361068608
239.0	12397.140212429522	-1456.6242282056237
240.0	12395.214714853866	-1463.561593520444
241.0	12415.6149061405	-1465.0271276692372
242.0	12430.655501780835	-1458.7013025582546
