1.0	12528.688855904293	-1600.918182746932
2.0	12534.657399071126	-1597.9146785885162
3.0	12540.19060369969	-1609.3681473855977
4.0	12522.395994765046	-1598.273462802487
5.0	12533.412484761633	-1609.6568304830669
6.0	12549.276395699335	-1598.0017241483422
7.0	12556.026508132409	-1615.7046232965774
8.0	12572.224116870428	-1613.206357772112
9.0	12611.303292445247	-1604.0101659105658
10.0	12635.89365371807	-1601.1571833276255
11.0	12660.642195304978	-1598.346923987084
12.0	12685.40040573629	-1595.6123547188745
13.0	12710.168363699357	-1592.9685055001037
14.0	12734.947248450044	-1590.4302976647705
15.0	12759.7381654473	-1588.012684614753
16.0	12784.54212004503	-1585.730654069573
17.0	12809.359419723609	-1583.599275205226
18.0	12834.190376146204	-1581.6336239937273
19.0	12859.035010703506	-1579.8487539059545
20.0	12883.892724446154	-1578.256550606691
21.0	12908.762098589692	-1576.8581214986407
22.0	12933.64120072274	-1575.6444271823727
23.0	12958.528240639329	-1574.6054366569917
24.0	12983.421564919898	-1573.73108342274
25.0	13008.097152225235	-1564.8727082517928
26.0	13016.622049430436	-1572.8127496770974
27.0	13041.525148026767	-1572.2801876713463
28.0	13664.21380895327	-1576.4709079524798
29.0	13788.754829674732	-1576.9199679465073
30.0	13888.387773430819	-1577.5707236106352
31.0	13938.20246652828	-1578.1069250964695
32.0	13963.108999017335	-1578.4458153919952
33.0	13988.014734185852	-1578.8387834319249
34.0	14012.91945589301	-1579.2909890767942
35.0	14037.822924228329	-1579.8073472090682
36.0	14062.72497119472	-1580.3894956072743
37.0	14087.625467437318	-1581.0352360181225
38.0	14112.52430714031	-1581.7412046690922
39.0	14137.421462638355	-1582.5040182034375
40.0	14162.316948115624	-1583.3202953716047
41.0	14187.210727300871	-1584.1866543179274
42.0	14212.10286390205	-1585.0997177672696
43.0	14236.993316260114	-1586.056105706292
44.0	14261.88216953451	-1587.0524441213527
45.0	14286.769540075315	-1588.0853618636318
46.0	14908.765792274733	-1618.130417092885
47.0	15232.17595304033	-1634.328191536155
48.0	15248.759031655107	-1626.8269785047878
49.0	14950.198784758635	-1611.8595573132725
50.0	12542.214382560443	-1615.0567607744858
51.0	13082.818616732693	-1563.5538260743406
52.0	12567.84434300122	-1595.3193516360977
53.0	12594.700241346836	-1596.8337185372864
54.0	13107.728865937715	-1563.348255280949
55.0	12588.200063694027	-1606.7304747042106
56.0	13132.6398559442	-1563.2434847578172
57.0	12619.05964567302	-1594.0505284449443
58.0	12643.814486678137	-1591.2747433742313
59.0	13157.551169693956	-1563.2297948442276
60.0	12668.577958937998	-1588.565396208481
61.0	13182.462486694965	-1563.297478243075
62.0	12693.350037826085	-1585.9366432141244
63.0	12718.131874981698	-1583.402520547581
64.0	13207.373573181687	-1563.436840815293
65.0	12742.924478830791	-1580.977100371717
66.0	13232.284049280635	-1563.6381994935582
67.0	12767.728914743022	-1578.67447149502
68.0	12792.545771754942	-1576.5087863301615
69.0	13257.193994037138	-1563.891886974395
70.0	12817.37526997582	-1574.4942410251572
71.0	12842.217668329291	-1572.6450306249299
72.0	13282.103341132242	-1564.1882461359626
73.0	12867.072787152676	-1570.9753064782378
74.0	13307.012494825502	-1564.5176364006538
75.0	12891.939804893926	-1569.4935581950242
76.0	12916.817137346987	-1568.1961001844356
77.0	13331.921449881125	-1564.8704195678904
78.0	12941.702997813582	-1567.0737606258426
79.0	13356.830365620992	-1565.2369654096465
80.0	12966.595741692365	-1566.1168622444955
81.0	13381.739186769742	-1565.6076435224097
82.0	12991.493970175208	-1565.315695909455
83.0	13033.001892234863	-1564.3063122667234
84.0	13406.647823665167	-1565.9728232798616
85.0	13057.909450558282	-1563.8699305772573
86.0	13431.556737383304	-1566.3228799521837
87.0	13066.43075319121	-1571.8788140816512
88.0	13456.465802478751	-1566.6481767681014
89.0	13091.33779353673	-1571.5985147193878
90.0	13481.37523743607	-1566.939341259959
91.0	13116.24591253225	-1571.4291733257626
92.0	13141.154635781619	-1571.3606891105903
93.0	13506.285445082236	-1567.190365324421
94.0	13166.063554618037	-1571.382974612585
95.0	13531.195894924595	-1567.4027882892444
96.0	13190.97236026437	-1571.4859563807086
97.0	13556.106736408066	-1567.581590315257
98.0	13215.880700802882	-1571.6595743027056
99.0	13581.017647298539	-1567.7317960767857
100.0	13240.788361712775	-1571.89378276321
101.0	13605.928490124328	-1567.8584349697396
102.0	13265.695434610558	-1572.178551828302
103.0	13630.840301023049	-1567.9665449246825
104.0	13290.602049832325	-1572.503865859505
105.0	13655.752602651002	-1568.061159578703
106.0	13315.508439460993	-1572.8597203208712
107.0	13705.578007887083	-1568.2300621648972
108.0	13340.414613729974	-1573.2361159095096
109.0	13730.488028932656	-1568.314426308072
110.0	13365.320763825954	-1573.6230608033147
111.0	13755.39709447303	-1568.4054623036645
112.0	13390.226852859987	-1574.0105618768187
113.0	13780.306368438605	-1568.5082217421668
114.0	13415.132901688443	-1574.388626432201
115.0	13830.128089867316	-1568.769122484843
116.0	13440.039263301514	-1574.7472632218671
117.0	13855.038872580024	-1568.9373615771867
118.0	13464.945702406143	-1575.0764680658021
119.0	13879.949336235664	-1569.1375283492882
120.0	13489.852778187493	-1575.3668253947026
121.0	13929.769087224302	-1569.6538559797436
122.0	13514.760686274602	-1575.6151264894843
123.0	13539.668689019541	-1575.824682580014
124.0	13564.57732256566	-1576.0006129323665
125.0	13589.485487413549	-1576.1480510137974
126.0	13614.394126110876	-1576.2721470146992
127.0	13639.303184593446	-1576.3780477929085
128.0	13680.666231345982	-1568.1473216548602
129.0	13689.12478952747	-1576.5558777485642
130.0	13714.033860042431	-1576.6381066452088
131.0	13738.941127367149	-1576.7227546243332
132.0	13763.847401702544	-1576.8149846878778
133.0	13805.217384730919	-1568.62776075703
134.0	13813.663281623632	-1577.0428691368688
135.0	13838.571555882498	-1577.1888502090176
136.0	13863.47992716822	-1577.3630804579843
137.0	13904.859397612207	-1569.3746753898852
138.0	13913.295347916164	-1577.8169497141143
139.0	14328.15333454274	-1581.5503922181335
140.0	13954.678230370982	-1569.9801209471668
141.0	14353.039756016899	-1582.6633839185863
142.0	13979.58663920869	-1570.3585193122656
143.0	14377.925196882252	-1583.800512748
144.0	14004.494110622936	-1570.7940974555506
145.0	14402.809570176303	-1584.958436953275
146.0	14029.40040270682	-1571.2917847283686
147.0	14427.693204247662	-1586.133834444343
148.0	14054.305307546825	-1571.8547452947666
149.0	14452.576137534508	-1587.3233703831909
150.0	14079.208705691568	-1572.4819060906932
151.0	14104.110507052961	-1573.1699613110943
152.0	14477.458681170576	-1588.5237232776974
153.0	14129.010642830332	-1573.9155600519937
154.0	14502.341096571256	-1589.7315703837276
155.0	14153.909120571569	-1574.7153542338801
156.0	14527.223206641858	-1590.9438441737038
157.0	14178.805895213327	-1575.565994952534
158.0	14552.10472761289	-1592.1587279257794
159.0	14203.700986192745	-1576.4641364488155
160.0	14576.986106662305	-1593.375948519959
161.0	14228.594414826073	-1577.406433988367
162.0	14601.867961194775	-1594.5954545519182
163.0	14253.486277722717	-1578.3895472336471
164.0	14278.376573799704	-1579.4101329225014
165.0	14626.75011043954	-1595.8171556159152
166.0	14303.265658024686	-1580.4648642321674
167.0	14651.631748367596	-1597.0409304309762
168.0	14311.655719386872	-1589.151496534806
169.0	14676.51289489404	-1598.2666981633367
170.0	14336.540404271136	-1590.2474617195155
171.0	14701.393569933964	-1599.4943779792327
172.0	14361.424073017528	-1591.3699059511991
173.0	14726.273793402463	-1600.7238890449
174.0	14386.306607346349	-1592.5154523091815
175.0	14751.154103880375	-1601.9551762315104
176.0	14411.188235266336	-1593.6807405486986
177.0	14776.035151486592	-1603.1881900308008
178.0	14436.069106727313	-1594.862407476043
179.0	14800.916395478309	-1604.4228219839072
180.0	14460.94948533939	-1596.0570961311969
181.0	14825.797267494987	-1605.6589621101296
182.0	14485.829596895002	-1597.2614480759457
183.0	14850.67778745715	-1606.8965295537637
184.0	14510.709547306264	-1598.4721007780656
185.0	14875.557975285306	-1608.1354434591049
186.0	14535.588894764938	-1599.686231531311
187.0	14900.43785089998	-1609.3756229704497
188.0	14560.46764982657	-1600.9027316312875
189.0	14585.346584975136	-1602.121454094823
190.0	14610.22611727624	-1603.3423414548463
191.0	14635.105669393297	-1604.5652873951642
192.0	14659.984708876878	-1605.7901876484236
193.0	14975.07971904712	-1613.103142379783
194.0	14684.863255956012	-1607.0169650316968
195.0	14709.741330859722	-1608.2455423620595
196.0	14999.960420772193	-1614.3476697585202
197.0	14734.618953817031	-1609.4758424565846
198.0	14759.497079480134	-1610.7078344510264
199.0	15024.840909858869	-1615.593058575532
200.0	14784.375797644912	-1611.9414447725
201.0	14809.254498291843	-1613.1765650880877
202.0	15049.721206232187	-1616.839227956866
203.0	14834.132827843621	-1614.4130996823203
204.0	14859.010806534918	-1615.6509713507976
205.0	15074.601329817166	-1618.0860970285685
206.0	14883.888454600397	-1616.890102889119
207.0	14925.317924621746	-1610.6170117307895
208.0	15099.481300538828	-1619.3335849166876
209.0	14933.643779525408	-1619.3718836904372
210.0	14958.522272801221	-1620.6144173778675
211.0	15124.361138322207	-1620.5816107472701
212.0	14983.400723926563	-1621.8579126112247
213.0	15008.27894556763	-1623.1022818130416
214.0	15149.240863092322	-1621.8300936463638
215.0	15033.156957963782	-1624.3474477610528
216.0	15058.034781354398	-1625.5933332329912
217.0	15174.120494774203	-1623.078952740015
218.0	15082.912435978833	-1626.8398610065906
219.0	15107.789942076459	-1628.0869538595846
220.0	15199.000053292875	-1624.3281071542726
221.0	15132.667319886647	-1629.3345345697073
222.0	15157.544589648756	-1630.582525914692
223.0	15223.879558573362	-1625.5774760151824
224.0	15182.421771602167	-1631.8308506722724
225.0	15207.298885986233	-1633.079431620182
226.0	15257.052994118232	-1635.5770532539202
227.0	12541.998455223345	-1602.2003326236336
228.0	12529.251793118456	-1605.4925198795183
229.0	12558.298570256165	-1601.5314706767701
230.0	12547.905497921958	-1616.70117012503
231.0	12561.165418851378	-1610.4221457124968
232.0	12576.274127122322	-1603.5299965581687
