1.0	11733.186761916053	-549.2708756727379
2.0	11736.149851644426	-554.1543371336744
3.0	11738.807070516179	-559.5936111555917
4.0	11741.423362721622	-565.0329930067063
5.0	11744.06490465719	-570.4611419648924
6.0	11746.67261191131	-575.8760271597456
7.0	11749.671141895442	-577.7649198309238
8.0	11752.299981510741	-583.1727161643734
9.0	11754.937060752001	-588.570118511159
10.0	11757.58913383558	-593.9638104637262
11.0	11760.252672818346	-599.3521241699569
12.0	11762.930961923075	-604.7168005429322
13.0	11765.630871743306	-610.0615259999166
14.0	11768.341152203751	-615.4091758948192
15.0	11771.066110892498	-620.7517502587159
16.0	11773.801656334588	-626.0887506450812
17.0	11776.547229459562	-631.4133867943718
18.0	11779.286627274154	-636.6813887114432
19.0	11798.471594347613	-677.5208730662746
20.0	11841.641265720553	-756.728427906911
21.0	11847.508395567806	-767.2338973006927
22.0	11853.39723013199	-777.7110392505477
23.0	11955.467890850376	-947.900008078198
24.0	12135.145546338048	-1196.3452039223196
25.0	12142.52730018479	-1205.843720802424
26.0	12179.667317692103	-1253.096611454728
27.0	12255.535607077612	-1347.0077806759434
28.0	12259.43299001189	-1351.620714724598
29.0	12268.684163756887	-1351.995589557608
30.0	12274.604158799993	-1351.184186276313
31.0	12192.297027440218	-1256.2772885625009
32.0	12266.596955233892	-1342.3513515709312
33.0	12270.643794683574	-1346.684472684167
34.0	11791.348617883903	-646.4187757187302
35.0	11794.159614546785	-651.7064842927924
36.0	11742.13954200389	-550.906588149273
37.0	11796.980700886945	-656.9957227598942
38.0	11744.757946725273	-556.043120465017
39.0	11799.811967073472	-662.2876471168594
40.0	11747.443239802058	-561.4006161452927
41.0	11802.659117582261	-667.6037534629764
42.0	11750.161695265948	-566.7709725363669
43.0	11805.448606292453	-672.9817900690576
44.0	11752.842923984907	-572.1296507594379
45.0	11811.165493386608	-683.4171249663082
46.0	11755.538078524592	-577.4882351329264
47.0	11814.018381865817	-688.6846070331707
48.0	11758.238705459431	-582.8426213077996
49.0	11816.876898540255	-693.9529826028914
50.0	11760.947770190556	-588.1878102393518
51.0	11819.739312826445	-699.2197433173334
52.0	11763.668962825139	-593.5355668829187
53.0	11822.606198127694	-704.4827089056408
54.0	11766.39489982315	-598.8724055334092
55.0	11825.480918708092	-709.7428502258476
56.0	11769.136204537486	-604.1937423841899
57.0	11828.361148302472	-715.0006269706338
58.0	11771.888950331027	-609.5077795433866
59.0	11831.243554379957	-720.2575905204576
60.0	11774.645732926287	-614.8293048402321
61.0	11834.12711652925	-725.513436574869
62.0	11777.41818339341	-620.1356472118472
63.0	11837.014792156697	-730.7649104814376
64.0	11780.190341690866	-625.4487902613083
65.0	11839.910254918706	-736.0139098059991
66.0	11782.97763255723	-630.740276871359
67.0	11842.815193156988	-741.268133449273
68.0	11785.748333046356	-635.9943769699656
69.0	11845.734750393036	-746.5503795888935
70.0	11788.563299746495	-641.1564993889959
71.0	11848.596940729747	-751.8988608723988
72.0	11782.049153452434	-641.8224910335308
73.0	11854.42447921843	-762.3857379336705
74.0	11784.483271196616	-650.7983342882592
75.0	11787.266690634198	-656.1207378783612
76.0	11860.26518891807	-772.8492325505248
77.0	11790.062818320837	-661.4431725596919
78.0	11792.871788413979	-666.7669751283431
79.0	11866.13040057377	-783.1676268332585
80.0	11796.02869733345	-668.222644072758
81.0	11869.063778313583	-788.3875080912052
82.0	11808.335433493805	-678.1690018878227
83.0	11801.641742139793	-678.9611775374187
84.0	11872.007307837901	-793.6088100779825
85.0	11804.161768599124	-688.0108487761723
86.0	11874.95477123651	-798.829261248125
87.0	11807.004943345659	-693.3036892823466
88.0	11877.90447769822	-804.048871589103
89.0	11809.856113414031	-698.5961287118768
90.0	11880.859546058522	-809.2632842910751
91.0	11812.713543799915	-703.8857448085206
92.0	11883.82312156356	-814.4729683083007
93.0	11815.577806370638	-709.1704493779152
94.0	11886.797263830647	-819.678887733737
95.0	11818.452111604493	-714.4510247032916
96.0	11889.777850332614	-824.8795884087937
97.0	11821.334126116491	-719.7280122148053
98.0	11892.761784681	-830.0626444571149
99.0	11824.220445262205	-725.0029254488439
100.0	11895.750059378472	-835.2576835829136
101.0	11827.110095020415	-730.2756379122025
102.0	11898.74705001148	-840.4488875633324
103.0	11830.006009139093	-735.5429452807456
104.0	11901.756840596694	-845.6355607645925
105.0	11832.91170135564	-740.8065474100537
106.0	11904.774478507128	-850.8147645626091
107.0	11835.828869639516	-746.074247078748
108.0	11907.797162251301	-855.9910340701886
109.0	11839.039594208109	-747.4174039195377
110.0	11851.56838886408	-757.0696222375317
111.0	11910.8227075752	-861.147889243383
112.0	11844.866516311462	-758.0950172478719
113.0	11913.859660610624	-866.3154658952121
114.0	11857.402858712572	-767.5437475948405
115.0	11916.910274932248	-871.4784838099418
116.0	11850.73132196682	-768.5884455461643
117.0	11919.96883537039	-876.6333039979709
118.0	11863.227791532658	-777.9712676938138
119.0	11923.035569794874	-881.7848735672178
120.0	11856.588965949646	-779.017812744046
121.0	11926.104529261427	-886.9157133980834
122.0	11859.318519794651	-788.0385550694336
123.0	11929.188712922252	-892.0549291280545
124.0	11862.28269414116	-793.2613534792448
125.0	11932.287758483515	-897.1899660453522
126.0	11865.25877231484	-798.4845656033395
127.0	11935.39509705495	-902.3154054560151
128.0	11868.240485930064	-803.7060109038324
129.0	11871.22600004448	-808.9256248741399
130.0	11938.511861591041	-907.437195542303
131.0	11874.218368002666	-814.1391159319822
132.0	11941.63848320387	-912.5518134784585
133.0	11877.220689989661	-819.3470535149655
134.0	11944.774397694122	-917.656969156766
135.0	11880.234886909304	-824.5503388641331
136.0	11947.929594313586	-922.7628833813047
137.0	11883.256815776062	-829.747660210183
138.0	11951.105739997329	-927.8631410303979
139.0	11886.283282276383	-834.9266004390525
140.0	11954.295641885305	-932.9627335799249
141.0	11889.315159297106	-840.1167582606182
142.0	11957.516628339754	-938.087592597169
143.0	11892.356822207963	-845.3024929324689
144.0	11960.872264298696	-943.2324965625958
145.0	11895.412176718964	-850.4829801858392
146.0	11898.476265557707	-855.6554491827792
147.0	11967.13962362518	-953.2327261436791
148.0	11901.546209297849	-860.8244795435893
149.0	11904.619668479116	-865.9735034805734
150.0	11970.373602704984	-958.2729646545591
151.0	11907.705232476495	-871.1329061545621
152.0	11973.624269733145	-963.3096038657644
153.0	11910.804933514859	-876.2872099135983
154.0	11976.888031873224	-968.336945629725
155.0	11913.913053249593	-881.4329438724662
156.0	11980.168837004867	-973.357411843655
157.0	11917.029788022148	-886.5751789996126
158.0	11983.462273842239	-978.3661302512978
159.0	11920.14899435445	-891.6962858158628
160.0	11986.77056419018	-983.3674634420021
161.0	11923.283720995714	-896.8256262474855
162.0	11990.093583328375	-988.359406908109
163.0	11926.43340583021	-901.9504898776305
164.0	11993.429534372654	-993.3406264048527
165.0	11929.591462468054	-907.0656004955463
166.0	11932.758994069294	-912.1770317671459
167.0	11996.782667403606	-998.3143819494007
168.0	11935.93623592532	-917.2811136564673
169.0	12000.14912026022	-1003.2749122770233
170.0	11939.122658542341	-922.3757839594806
171.0	12003.530669564128	-1008.2269077901234
172.0	11942.328095620906	-927.4711848715875
173.0	12006.927513840883	-1013.1690382573424
174.0	11945.554174422714	-932.5610065721763
175.0	12010.33761764629	-1018.0992054628515
176.0	11948.793662494536	-937.6503484171253
177.0	12013.764644446237	-1023.0218447835979
178.0	11952.06371026626	-942.7650288108061
179.0	12017.203527955871	-1027.9339722597463
180.0	11963.939770538816	-948.2305082051138
181.0	12020.652818895942	-1032.8393047504157
182.0	11958.583317440616	-952.8883493903977
183.0	12024.115163819113	-1037.7355452885556
184.0	11961.8304017453	-957.8812164517012
185.0	12027.589647505272	-1042.6198724037663
186.0	11965.110872923504	-962.9125132946141
187.0	12031.080798415309	-1047.4969382536294
188.0	11968.407148328202	-967.9405631409326
189.0	12034.583156425178	-1052.363981945934
190.0	11971.715594474304	-972.9597711090682
191.0	12038.093810648405	-1057.2243909641018
192.0	11975.040208912693	-977.9727978150477
193.0	12041.613735949652	-1062.0774428832842
194.0	11978.376316237773	-982.9745380156255
195.0	12045.143989259437	-1066.9205035493603
196.0	11981.726050387922	-987.9693842843491
197.0	12048.692256830249	-1071.756583227949
198.0	11985.089382941993	-992.9556385361589
199.0	12052.252024170704	-1076.5840748894907
200.0	11988.464322495585	-997.9318382498199
201.0	12055.814970942149	-1081.4061794900724
202.0	11991.85521506912	-1002.9016065285117
203.0	12059.381335934457	-1086.2228975815872
204.0	11995.257785302858	-1007.8590262816966
205.0	12062.955642458435	-1091.0324537861989
206.0	11998.67355810733	-1012.8087979358884
207.0	12066.548030793949	-1095.8353986446289
208.0	12002.102969477955	-1017.7500064042415
209.0	12070.151777920937	-1100.6303669481715
210.0	12005.54380017062	-1022.6802756470046
211.0	12073.758234318644	-1105.42000766078
212.0	12008.999874017909	-1027.604259027848
213.0	12077.36652508853	-1110.2056985474926
214.0	12012.466124888428	-1032.518961451607
215.0	12080.980187792205	-1114.986564046264
216.0	12015.940912389655	-1037.4278137264375
217.0	12084.606283373358	-1119.7622195247122
218.0	12019.427148028415	-1042.3288828514603
219.0	12088.24121978245	-1124.5309694585187
220.0	12022.923785370856	-1047.2191510439725
221.0	12091.881405692258	-1129.2942766897431
222.0	12026.435417031395	-1052.1033455399113
223.0	12095.526880970903	-1134.053980491205
224.0	12029.956660301272	-1056.9788029755625
225.0	12099.177057531146	-1138.808273598287
226.0	12033.484411023303	-1061.8486285312035
227.0	12102.834330385465	-1143.5588942175718
228.0	12037.019847754915	-1066.7123699755468
229.0	12106.49710461787	-1148.3051193571252
230.0	12040.563947076289	-1071.5672707860595
231.0	12110.163788839991	-1153.0476062208681
232.0	12044.124421407547	-1076.4163640771758
233.0	12113.835072965101	-1157.787483999017
234.0	12047.694814362783	-1081.258110771699
235.0	12117.510305749565	-1162.5228179169815
236.0	12051.266700771397	-1086.0955572248474
237.0	12121.192713293322	-1167.2546590777986
238.0	12054.840465464325	-1090.9288897723598
239.0	12124.882236048963	-1171.981618468153
240.0	12058.420575560544	-1095.7562458067343
241.0	12128.577022367506	-1176.7047587439076
242.0	12062.017158678847	-1100.578146795078
243.0	12132.28215253142	-1181.4354636543007
244.0	12065.623567621362	-1105.393318021879
245.0	12136.028790867475	-1186.2030571636644
246.0	12069.231062116136	-1110.2042761328905
247.0	12139.896065227724	-1190.9863746967355
248.0	12072.838952629669	-1115.012634114337
249.0	12147.328265629427	-1200.4003389583322
250.0	12076.450602480674	-1119.8172739576023
251.0	12080.073029803736	-1124.6177434941628
252.0	12154.583974257761	-1209.6576968369961
253.0	12083.702873876939	-1129.412643458838
254.0	12158.315973486155	-1214.3375410921155
255.0	12087.336412462633	-1134.2032531353427
256.0	12162.064243933046	-1219.017885026142
257.0	12090.973815388403	-1138.9915722078904
258.0	12165.819686317778	-1223.6918563880529
259.0	12094.614344803196	-1143.7755860022155
260.0	12169.57884101107	-1228.3628411343905
261.0	12098.260354777121	-1148.5569474729227
262.0	12173.343653541646	-1233.0308687402776
263.0	12101.910573536696	-1153.335130323797
264.0	12177.12593923638	-1237.7036658968768
265.0	12105.563542308815	-1158.110521462789
266.0	12180.952641144331	-1242.4068471008356
267.0	12109.220139349025	-1162.8842314446194
268.0	12184.81627208754	-1247.1498526986065
269.0	12112.879555845773	-1167.6541480883072
270.0	12116.544956416268	-1172.4213448326911
271.0	12120.216403058783	-1177.1846944839326
272.0	12123.891941225023	-1181.945227342053
273.0	12127.576647700169	-1186.7144255028977
274.0	12196.103672739933	-1260.8997597122277
275.0	12131.30148389574	-1191.521452081822
276.0	12143.497008201843	-1195.683407681854
277.0	12199.926249228214	-1265.522189559064
278.0	12138.721966416162	-1201.083904198171
279.0	12203.755302121739	-1270.1379861660496
280.0	12150.894817815808	-1205.0233023634557
281.0	12146.066525978616	-1210.5108881476328
282.0	12207.590707671212	-1274.7491569936258
283.0	12149.726733699936	-1215.1906253589634
284.0	12153.428154985879	-1219.917043476903
285.0	12211.434409582207	-1279.3510569357393
286.0	12157.144302723507	-1224.6454053793059
287.0	12160.8659901435	-1229.36882733758
288.0	12215.289799830925	-1283.945230416647
289.0	12164.589771698236	-1234.0908162558414
290.0	12219.156496536045	-1288.5335647524123
291.0	12168.317350309875	-1238.811195584902
292.0	12172.06055268155	-1243.5378066999822
293.0	12223.029363188723	-1293.1138820342283
294.0	12181.56958913135	-1246.2093248929211
295.0	12188.54288911783	-1251.6934367496176
296.0	12226.908473997946	-1297.688600010314
297.0	12182.773801808957	-1253.8518012061597
298.0	12187.056903785664	-1262.3434908046302
299.0	12230.79663853815	-1302.2532867733255
300.0	12190.814846695117	-1267.0281604766153
301.0	12194.58674083228	-1271.714702806734
302.0	12234.696893034963	-1306.8094232984106
303.0	12198.363018811768	-1276.396484629261
304.0	12202.143602118247	-1281.0756711508473
305.0	12238.609270396548	-1311.3591462279717
306.0	12205.93019503998	-1285.747422783333
307.0	12242.528735665233	-1315.9001556966596
308.0	12209.72627179903	-1290.4134808533902
309.0	12213.53138868756	-1295.0757686704264
310.0	12246.453664347333	-1320.4335776807986
311.0	12217.340302839148	-1299.7320765807606
312.0	12221.153256162892	-1304.385122743045
313.0	12250.367962754448	-1324.9417245437974
314.0	12224.972791814578	-1309.030254049337
315.0	12228.801996430391	-1313.6691086618473
316.0	12254.48531962151	-1329.0253317401505
317.0	12232.640870280933	-1318.3038923895879
318.0	12236.484271696763	-1322.9322749419778
319.0	12258.663754612879	-1333.367946579606
320.0	12240.330691360272	-1327.5556164713225
321.0	12244.163844459035	-1332.1561019310686
322.0	12262.642554001815	-1337.8695010092717
323.0	12248.84341474037	-1334.6072668239449
324.0	12251.05234298607	-1339.1160633128104
325.0	12265.417867572678	-1350.7560800058943
326.0	11737.615209341806	-549.3283473666291
327.0	11739.0344432071	-556.0263700556202
328.0	11740.117867119581	-549.3606490110736
329.0	11735.837444939098	-550.8433063417991
330.0	11741.745548868554	-561.5021243210241
331.0	11741.99504027497	-554.2774292908334
332.0	11744.411517224458	-566.9382288830916
333.0	11744.735828009778	-559.7005743952362
334.0	11747.055948315223	-572.355947363836
335.0	11747.441115163669	-565.107401947466
336.0	11750.12314098477	-570.496604870936
337.0	11752.774261299492	-575.8778859235159
338.0	11749.297629983404	-581.2893179230817
339.0	11755.43731064788	-581.2586672816259
340.0	11751.931484318595	-586.6969691510106
341.0	11758.1069527557	-586.6298195506955
342.0	11754.577034079251	-592.0938710755763
343.0	11760.789977943188	-591.9980485879652
344.0	11757.237981592009	-597.491912495018
345.0	11763.482809943866	-597.3615404336186
346.0	11759.90686198476	-602.8775481937386
347.0	11766.188862635943	-602.7022416189411
348.0	11762.594245838676	-608.2461894471242
349.0	11768.914929729248	-608.0236378609734
350.0	11765.296213574453	-613.6061531165113
351.0	11771.649830974384	-613.3486904606376
352.0	11768.005230308603	-618.972071613804
353.0	11774.397934739553	-618.6694689193256
354.0	11770.732953512737	-624.3214235123833
355.0	11777.155062368207	-623.9852556839354
356.0	11773.46339081081	-629.676228142661
357.0	11779.920774305996	-629.289443874165
358.0	11776.211811628396	-635.0078293598209
359.0	11782.678903356553	-634.537779143188
360.0	11778.946521876487	-640.30065204444
361.0	11788.247306181976	-644.7932520955973
362.0	11795.699230357937	-672.1135962583999
363.0	11808.002249789084	-681.8487500767022
364.0	11838.762664918142	-751.3688026925687
365.0	11851.260201351122	-760.9254030149955
366.0	11847.796679834251	-763.3475065490705
367.0	11857.110030597969	-771.3907805137975
368.0	11862.958797463216	-781.6734654219412
369.0	11850.509793027844	-772.3992973872118
370.0	11955.105214316134	-944.1152389707213
371.0	11964.100754240091	-951.7969158294467
372.0	12134.390196322935	-1192.559528381664
373.0	12138.130690487194	-1197.360111537141
374.0	12141.828273678686	-1202.099823001128
375.0	12151.412326620113	-1208.6107733167255
376.0	12175.84640262342	-1248.2964720723328
377.0	12189.031234095106	-1255.3660195924792
378.0	12251.688865888094	-1342.3859259559536
379.0	12262.713243815791	-1352.8704321149532
380.0	12260.761324999165	-1343.166104155061
381.0	12258.827506572576	-1348.2695643773952
382.0	12264.753467403307	-1347.567780250791
383.0	12271.32924255688	-1349.9371625005876
384.0	12183.349396736783	-1257.6991340235988
385.0	12190.143070032782	-1263.0021791754214
386.0	12261.443360207106	-1346.3309820126474
387.0	12267.33431571421	-1345.5545999860842
388.0	11781.72831606732	-645.5000825733514
389.0	11787.58636666565	-652.2539768861848
390.0	11791.026264761234	-650.0553359947921
391.0	11790.382382657119	-657.5629528213075
392.0	11793.83540847412	-655.3473401271312
393.0	11793.194503783974	-662.8782712383513
394.0	11796.659360533078	-660.6464341327297
395.0	11802.301781262673	-671.3928750825366
396.0	11799.504019243834	-665.9751531668961
397.0	11798.817215948735	-673.655226972098
398.0	11801.343868220438	-682.7361234663734
399.0	11807.326963448128	-689.3992072665293
400.0	11810.831569593143	-687.0958739275602
401.0	11810.17581197883	-694.6814276533532
402.0	11813.68464435397	-692.3656787431464
403.0	11813.030833223014	-699.9647279445453
404.0	11816.542785974101	-697.6373307457667
405.0	11815.891101475332	-705.2445864229354
406.0	11819.404917750777	-702.9059821305268
407.0	11818.760551093079	-710.5195275019933
408.0	11822.275126574687	-708.1703913221273
409.0	11821.64026955407	-715.7908143088671
410.0	11825.15450117606	-713.4317760112889
411.0	11824.524721766189	-721.0604264657826
412.0	11828.03751233018	-718.6920795191894
413.0	11827.409700494332	-726.3296189840515
414.0	11830.920019048097	-723.9526310022587
415.0	11830.297391399288	-731.5950285338234
416.0	11833.80409435436	-729.209815178283
417.0	11833.194400041784	-736.8549943493672
418.0	11836.696480104316	-734.4621729055997
419.0	11836.106139447887	-742.1189490200226
420.0	11839.602612948418	-739.7191328597354
421.0	11845.410334965674	-750.3991833753006
422.0	11842.529444225047	-745.0111064503499
423.0	11841.92809950772	-752.8113090097877
424.0	11785.458688539904	-639.6598255273116
425.0	11784.821857590272	-646.9741697737335
426.0	11856.386913343455	-782.838173697747
427.0	11862.468928696551	-789.2981335058861
428.0	11865.867386521562	-786.8617985330449
429.0	11865.429469332727	-794.5153115038264
430.0	11805.134188770695	-676.6844464297632
431.0	11804.503131146617	-684.1391405475973
432.0	11868.812095680136	-792.0778010886279
433.0	11868.399904287066	-799.7354819372352
434.0	11871.76581346272	-797.2972368270766
435.0	11871.372000575897	-804.9565253039523
436.0	11874.720376706691	-802.5180207584035
437.0	11874.346812701324	-810.1741517020278
438.0	11877.67691422427	-807.7359029625395
439.0	11877.330367508132	-815.3847703243824
440.0	11880.641444041043	-812.9471874229635
441.0	11880.327545617149	-820.5899587656586
442.0	11883.618900658146	-818.1534564604126
443.0	11883.335953655916	-825.7893614165645
444.0	11886.606975536268	-823.3544125914144
445.0	11886.348139993817	-830.969401822202
446.0	11889.598152670018	-828.5362788459626
447.0	11889.361606741602	-836.1473078972294
448.0	11892.590096470014	-833.7164748915308
449.0	11892.38149153289	-841.3371971051465
450.0	11895.58790188584	-838.9089554331404
451.0	11895.41593616976	-846.5227140005751
452.0	11898.599753620323	-844.0973503034451
453.0	11898.463706510285	-851.7003014591895
454.0	11901.624552937452	-849.2782457350728
455.0	11901.516865195188	-856.8719437491277
456.0	11904.65423171744	-854.4533148530742
457.0	11904.570008423669	-862.0256868299838
458.0	11848.3399558627	-755.6775758478467
459.0	11844.631427795966	-761.9091671716315
460.0	11907.683594854869	-859.6108702526366
461.0	11907.629288061311	-867.1755286850754
462.0	11910.718740726195	-864.7647310252322
463.0	11910.705188143436	-872.3364897703269
464.0	11854.183884100568	-766.1623897132171
465.0	11853.669527046988	-773.8202744732216
466.0	11913.770163612682	-869.9298471708204
467.0	11913.793832402987	-877.489649380654
468.0	11916.834198351129	-875.0875658765044
469.0	11916.889608313462	-882.6367992093232
470.0	11860.016421184746	-776.5855000034471
471.0	11859.545374509113	-784.1080586852753
472.0	11919.905024486116	-880.2392428389776
473.0	11919.986380704227	-887.7654119178475
474.0	11922.976746304295	-885.3726628557982
475.0	11923.090964178098	-892.8874119896158
476.0	11926.056133485006	-890.4995886338853
477.0	11926.215708251839	-898.0195650106247
478.0	11929.155530871469	-895.6366912469239
479.0	11929.353275962421	-903.1439172850272
480.0	11932.267805996096	-900.7662672164497
481.0	11932.498097178037	-908.2614624850438
482.0	11938.51508973283	-911.0073534127074
483.0	11935.387201731259	-905.8889175140897
484.0	11935.6513267643	-913.3746446665965
485.0	11941.651062697443	-916.1159109499298
486.0	11938.81257838742	-918.4779198740495
487.0	11944.804276660092	-921.2226808076961
488.0	11941.991021818334	-923.579486686291
489.0	11947.986181282567	-926.3317291925747
490.0	11945.197937431643	-928.6832248042625
491.0	11951.190953258081	-931.441745765234
492.0	11948.427631534387	-933.788115695325
493.0	11954.428506083188	-936.5838898413236
494.0	11951.689848416108	-938.9251347484333
495.0	11957.81947472255	-941.7790476641936
496.0	11967.310534028808	-956.7891053535932
497.0	11958.35428317332	-949.186573542268
498.0	11964.667652205222	-959.1110746854059
499.0	11970.557833152001	-961.8242168400035
500.0	11967.937985194105	-964.1417961482457
501.0	11973.821365684695	-966.8551140470059
502.0	11971.224092237651	-969.1684940139322
503.0	11977.101281050265	-971.8787783938725
504.0	11974.526117098392	-974.1882239062894
505.0	11980.396879909722	-976.8929703264756
506.0	11977.843415769421	-979.1989107854515
507.0	11983.705741695669	-981.897397227714
508.0	11981.1732482315	-984.1998645330656
509.0	11987.02969029377	-986.894569616189
510.0	11984.517669955681	-989.1940231531843
511.0	11990.366551463994	-991.8813335759465
512.0	11987.8743714157	-994.178111667001
513.0	11993.718632072652	-996.8599559289581
514.0	11991.245600243878	-999.1543896828704
515.0	11997.086077776616	-1001.828071796425
516.0	11994.631657270904	-1004.1208626216236
517.0	12000.466802573532	-1006.7847591770346
518.0	11998.029888121882	-1009.0760823565093
519.0	12003.86286957326	-1011.7332295506229
520.0	12001.442672568113	-1014.023796516913
521.0	12007.272739008304	-1016.6698540073968
522.0	12004.868391650525	-1018.9602551880057
523.0	12010.698538052124	-1021.5969770774072
524.0	12008.309067934235	-1023.8876460809514
525.0	12014.139137554434	-1026.5157323606772
526.0	12011.763837243996	-1028.807477601383
527.0	12017.58840274513	-1031.4266906948715
528.0	11961.434414183796	-954.1234368056561
529.0	11961.04439621522	-946.8552533331934
530.0	12015.22629998812	-1033.7199346460263
531.0	12021.047893755494	-1036.331078384669
532.0	12018.698090006214	-1038.626343409536
533.0	12024.51961112174	-1041.223457160888
534.0	12022.181399080318	-1043.5215296989256
535.0	12028.007743281	-1046.1057651445162
536.0	12025.680093188006	-1048.4069712466849
537.0	12031.51149504561	-1050.9793840996615
538.0	12029.193763754685	-1053.2845852837747
539.0	12035.022976884726	-1055.8449176896104
540.0	12032.714212051744	-1058.1545375351259
541.0	12038.540508812162	-1060.704689427773
542.0	12036.239874020044	-1063.0193071493597
543.0	12042.066476572872	-1065.555141743542
544.0	12039.773223170252	-1067.875451114218
545.0	12045.61005158074	-1070.3965496720923
546.0	12043.323262800208	-1072.7230075381158
547.0	12049.172667902361	-1075.2299877542591
548.0	12046.891621260185	-1077.5633107374626
549.0	12052.739863408402	-1080.0568741830473
550.0	12050.463700242653	-1082.3975870820523
551.0	12056.303918976015	-1084.8802184749059
552.0	12054.031811971012	-1087.2288833106757
553.0	12059.869886601567	-1089.6979580235648
554.0	12057.601123136437	-1092.0552853785673
555.0	12063.452845317306	-1094.5087488815989
556.0	12061.186541884546	-1096.8752135471318
557.0	12067.056470001104	-1099.3114451827814
558.0	12064.791901318766	-1101.687728667698
559.0	12070.665746324325	-1104.1071361760203
560.0	12068.402104707091	-1106.493803764811
561.0	12074.271513559257	-1108.8996598127098
562.0	12072.007982973984	-1111.2972606960298
563.0	12077.876720385066	-1113.689228017224
564.0	12075.612678511477	-1116.0985627007485
565.0	12081.492356312561	-1118.4744293049189
566.0	12079.22681287462	-1120.8958045327324
567.0	12085.122156901767	-1123.2528680431585
568.0	12082.854446770087	-1125.6870167847953
569.0	12088.759285065613	-1128.02410233586
570.0	12086.488649291781	-1130.4716275945425
571.0	12092.400539803282	-1132.7912298438337
572.0	12090.126182347487	-1135.2526810307509
573.0	12096.045669409985	-1137.5540084480779
574.0	12093.766961283276	-1140.030148977846
575.0	12099.69683799088	-1142.312174395615
576.0	12097.412833389637	-1144.8033462697751
577.0	12103.355133596277	-1147.0664581610697
578.0	12101.065162589177	-1149.5733395422603
579.0	12107.017691829196	-1151.816594814719
580.0	12104.721131755121	-1154.3397244002006
581.0	12110.683786675689	-1156.5642419249016
582.0	12108.380100218588	-1159.104027581341
583.0	12114.353469544767	-1161.30858769444
584.0	12112.042222385788	-1163.8655494836028
585.0	12118.029190106245	-1166.0488562462886
586.0	12115.709687361434	-1168.6232246284515
587.0	12121.713951375632	-1170.7848412406545
588.0	12119.385697243386	-1173.377158613384
589.0	12125.405692227696	-1175.516365402435
590.0	12123.06811336976	-1178.127124045485
591.0	12129.107459143706	-1180.2559834107433
592.0	12126.75995685916	-1182.8856933658387
593.0	12132.855356814207	-1185.0445651034831
594.0	12130.497354267502	-1187.6938169969847
595.0	12136.759500747961	-1189.8903853570082
596.0	12155.0918892439	-1213.245190976965
597.0	12145.48438055947	-1206.7711272199729
598.0	12152.655802399668	-1216.023105243458
599.0	12158.823731375358	-1217.9310377345835
600.0	12156.371999719317	-1220.7326258528776
601.0	12162.572042680948	-1222.6166542454296
602.0	12160.103833127447	-1225.4425864802995
603.0	12163.838571997701	-1230.1496745281036
604.0	12166.324058618478	-1227.2986358134458
605.0	12167.574575859493	-1234.857538795239
606.0	12170.078158551549	-1231.9806023884455
607.0	12171.32519933673	-1239.5738095983484
608.0	12173.84791987644	-1236.6704191605177
609.0	12175.129288728145	-1244.3323337168888
610.0	12177.671954743264	-1241.4015833516144
611.0	12179.006016625557	-1249.1681994991438
612.0	12192.775083195933	-1259.9537900573746
613.0	12193.922173750105	-1267.6670778195787
614.0	12140.51190495184	-1194.6704253362125
615.0	12144.222100999717	-1199.3890126857393
616.0	12196.57898663177	-1264.5870661732376
617.0	12197.714097749114	-1272.3332832980138
618.0	12200.396793263382	-1269.2207816966845
619.0	12201.509130515056	-1276.9964330297323
620.0	12148.99117290652	-1211.3657875721997
621.0	12147.89151868307	-1204.03855569127
622.0	12204.218718310762	-1273.85043616785
623.0	12205.308971873446	-1281.6541302806338
624.0	12208.046489630702	-1278.4736129852945
625.0	12209.118634970231	-1286.3032564822531
626.0	12211.885331755204	-1283.087407929999
627.0	12212.941146056657	-1290.9476563103117
628.0	12215.737977303581	-1287.6952544258231
629.0	12216.770575069104	-1295.5869257543618
630.0	12219.598851670664	-1292.2971237208365
631.0	12220.601854825858	-1300.2216771229232
632.0	12185.3591836986	-1250.8639170562608
633.0	12186.423123603701	-1258.383832716562
634.0	12223.462638573874	-1296.8932846099167
635.0	12224.43781031	-1304.8502082561126
636.0	12227.33224439704	-1301.4820780363882
637.0	12228.283919219277	-1309.4695011244062
638.0	12231.21333185581	-1306.060664068119
639.0	12232.14325541254	-1314.0835672402952
640.0	12235.108739380585	-1310.6327189331457
641.0	12236.010469025825	-1318.6922095203597
642.0	12239.0133851734	-1315.1983116658928
643.0	12239.878850143066	-1323.2945695301798
644.0	12242.920397963962	-1319.7563481393283
645.0	12243.730601867263	-1327.87437080595
646.0	12246.812027033428	-1324.290553406278
647.0	12247.762992587413	-1332.0146489834306
648.0	12250.88568571666	-1328.384088995832
649.0	12259.390930050033	-1336.68609016281
650.0	12255.212924608733	-1332.3213798682843
651.0	12254.937735819658	-1343.656852554508
652.0	12256.86872287078	-1338.6038973749025
653.0	12263.334071715044	-1341.1996539780519
654.0	12252.69371285684	-1334.2727549644796
655.0	12247.802629256248	-1337.8393187578374
656.0	12257.54760010668	-1341.7537583983735
657.0	12253.622335681734	-1337.2371288878942
