1.0	14148.784126473767	-2765.952897446927
2.0	14160.561732608732	-2754.4685275535667
3.0	14173.895144935741	-2738.4646447614487
4.0	14193.144987299978	-2718.3883385594913
5.0	14219.24619840792	-2692.5127856506583
6.0	14253.846079397917	-2661.517802640699
7.0	14293.590468401619	-2630.336130906005
8.0	14197.245518818883	-1916.6307660472721
9.0	14221.324153767957	-1933.399883407347
10.0	14270.929485436778	-1935.7221795570522
11.0	14320.540757466499	-1938.0963692297512
12.0	14370.160754601917	-1940.5069715009752
13.0	14419.793385516385	-1942.9347509090387
14.0	14568.75188458391	-1950.159826323718
15.0	14618.426985839758	-1952.4861738833097
16.0	14668.11720564233	-1954.746345097634
17.0	14717.802916326546	-1956.9387748350807
18.0	14767.48008460942	-1959.0761391596363
19.0	14817.16647259304	-1961.1636428166814
20.0	14942.431878452915	-1951.7902137489984
21.0	14966.313691106598	-1968.8229639205144
22.0	15092.173751408796	-1959.9590011414311
23.0	15126.30850310458	-2008.112056730669
24.0	15189.219519315056	-1965.7805233456468
25.0	15235.557233473752	-1957.3498021239295
26.0	12928.464641348555	-1975.5174282527294
27.0	12950.676294546965	-1991.6495515478637
28.0	12975.487201915746	-2010.7305478121252
29.0	12991.219379446069	-1967.5975650447217
30.0	12996.477693352506	-2020.1752686312457
31.0	13008.68447901148	-1974.6979138118677
32.0	13020.639922166438	-2037.7533491036309
33.0	13032.801775459533	-2046.450130661298
34.0	13044.918517841956	-1970.2725968474726
35.0	13060.545120108422	-2072.118686427928
36.0	13067.783331308647	-2055.928525762858
37.0	13088.338469606218	-1965.4998906625297
38.0	13097.71907538431	-2097.472051505666
39.0	13106.789097594423	-2097.4241296487976
40.0	13100.789122078204	-2079.4933639241262
41.0	13135.152573465226	-2122.4835762504085
42.0	13144.225476861124	-2122.378581205827
43.0	13186.589406405443	-1953.5820697717274
44.0	13169.272479556807	-2138.932074204038
45.0	13181.80682542077	-2147.204239664238
46.0	13176.296303123714	-2129.2539806862655
47.0	13219.415184205618	-2172.037379783173
48.0	13231.949666650571	-2180.3420082969515
49.0	13283.753932438312	-1939.190431266756
50.0	13256.975895430332	-2196.9791750588015
51.0	13269.484996077072	-2205.3150626826077
52.0	13332.456792566796	-1933.455485403909
53.0	13294.553485316479	-2221.8773808187893
54.0	13306.95923283862	-2230.3716073199025
55.0	13381.303526682916	-1928.7095206608376
56.0	13302.528232960387	-2211.876707111931
57.0	13344.374847587636	-2255.4888860205747
58.0	13430.26891357888	-1924.891454196142
59.0	13372.708161018301	-2280.6634590121357
60.0	13381.775569717664	-2280.6266818144136
61.0	13479.343523786049	-1921.9336305219688
62.0	13410.098886477355	-2305.8073472384317
63.0	13419.169813069833	-2305.7656240469587
64.0	13447.48889828178	-2330.941305732134
65.0	13456.562046316016	-2330.8931001260908
66.0	13577.762322817469	-1918.282475603112
67.0	13484.900200749122	-2356.042694020392
68.0	13493.972776081146	-2355.9818005805287
69.0	13627.066557436709	-1917.444706746953
70.0	13522.347892082596	-2381.084411466749
71.0	13488.197483211254	-2337.644371930797
72.0	13676.429908208156	-1917.16681363257
73.0	13556.417532392234	-2397.6375597888295
74.0	13568.918819670771	-2405.9364015389274
75.0	13581.42998037872	-2414.217450459231
76.0	13725.834265223466	-1917.376142111877
77.0	13609.947808238316	-2439.1383523244535
78.0	13619.022617910525	-2438.9905210897123
79.0	13775.28985404375	-1917.9995077849096
80.0	13647.63321859354	-2463.8079696380937
81.0	13656.70534159733	-2463.6287739337145
82.0	13824.792005174248	-1918.9564418049138
83.0	13685.418454374529	-2488.3085391296368
84.0	13694.489664859504	-2488.0877409563523
85.0	13707.109722860429	-2496.2017454123256
86.0	13874.318080841302	-1920.1789065497796
87.0	13732.388513898784	-2512.366339248746
88.0	13745.046734082118	-2520.4176754490168
89.0	13923.871859308812	-1921.6148405837296
90.0	13770.405761623888	-2536.4544766197514
91.0	13783.10373482007	-2544.439772306288
92.0	13973.433817926918	-1923.2311911156564
93.0	13821.25706335676	-2568.299401762169
94.0	13834.011678398043	-2576.1894064554594
95.0	13863.335642766093	-2600.1250682828727
96.0	13872.397092849127	-2599.6779558907474
97.0	13901.831471405874	-2623.4815727994032
98.0	13923.754635143012	-2630.6966104970816
99.0	13936.629681631277	-2638.3835449159565
100.0	13962.435057878049	-2653.677912661621
101.0	13975.35839453096	-2661.281473269182
102.0	13988.3018886555	-2668.8578128027725
103.0	14001.261509938682	-2676.406451590937
104.0	14027.228939929091	-2691.412204686297
105.0	14040.238027742404	-2698.871422814484
106.0	14053.26201129531	-2706.297363290402
107.0	14079.36845566953	-2721.061895963543
108.0	14092.444661655209	-2728.3935052837874
109.0	14118.656433926117	-2742.966817758824
110.0	14131.785963759809	-2750.20010940827
111.0	12939.969104954254	-1978.3716213167318
112.0	12963.822201639157	-2000.606627169065
113.0	15077.664181055077	-2067.351332222232
114.0	12947.029255003394	-1973.1979455368694
115.0	14958.173177343308	-2156.6799679922146
116.0	12966.837159350149	-1978.2204453785696
117.0	12987.45175274186	-2019.7460013753962
118.0	13011.583678228031	-2037.5055287289078
119.0	13048.237241983932	-2063.565219135626
120.0	13085.298515133465	-2089.069384360985
121.0	13122.656554560985	-2114.1763779690014
122.0	13160.197800828406	-2139.0497721272573
123.0	13210.341289899405	-2172.1403253125477
124.0	13247.900881892272	-2197.05733305737
125.0	13285.478330939915	-2221.9367990834667
126.0	13322.860114240619	-2247.089883479257
127.0	13360.242340074663	-2272.2826545927646
128.0	13397.635982461303	-2297.4263700832566
129.0	13435.024942532284	-2322.5655214062995
130.0	13472.425732087368	-2347.6788204696168
131.0	13509.858703538956	-2372.742088810865
132.0	13547.338866974242	-2397.7285557232394
133.0	13597.416317781339	-2430.889481729962
134.0	13635.068396518336	-2455.604073845563
135.0	13672.811202601522	-2480.161880258277
136.0	13723.318473999598	-2512.630993345128
137.0	14362.483208914307	-2598.7250479774048
138.0	13761.337185785394	-2536.765179629138
139.0	13799.50830307504	-2560.6361960239183
140.0	13850.538175833042	-2592.29131309128
141.0	13888.987322345025	-2615.723971292921
142.0	14171.729961625722	-1931.1467266565287
143.0	14402.197649617563	-2569.2551629199793
144.0	14441.909707478924	-2539.782918964848
145.0	14481.62308355474	-2510.3142626560693
146.0	14521.335657235728	-2480.8447904601394
147.0	14561.046425629082	-2451.3715018387325
148.0	14600.759757876245	-2421.9035110123905
149.0	14640.470699436039	-2392.430392089012
150.0	14680.181830908574	-2362.959323042837
151.0	14719.895253209923	-2333.4913470960596
152.0	14759.606967012036	-2304.0210653907106
153.0	14799.320439842368	-2274.553158302433
154.0	14839.033799941395	-2245.085097852792
155.0	14878.741596808466	-2215.566009776814
156.0	14918.460170751465	-2186.148506150629
157.0	14866.843730359515	-1963.2088967586612
158.0	14997.819975823668	-2126.8617374446067
159.0	15037.604663760789	-2097.753659509743
160.0	15015.925386601253	-1969.948586360324
161.0	15115.365758947371	-2033.5392756454394
162.0	15157.149928452794	-2011.2164093438817
163.0	15209.08226776166	-1976.997343070297
164.0	14157.718686724415	-2764.9793454427454
165.0	14109.62661229692	-2743.7989894009456
166.0	14151.881925761749	-2749.7655002751435
167.0	14171.016604586746	-2751.9488856283956
168.0	14070.33173595838	-2721.8270403122574
169.0	14188.952982320852	-2735.6909001383665
170.0	14159.972493779118	-2730.696506954319
171.0	14018.181560751786	-2692.090494998001
172.0	14213.366971007434	-2714.729271396607
173.0	14157.891425039537	-2715.3583520940165
174.0	13953.381904383752	-2654.255376677575
175.0	14244.420927788873	-2688.021773554115
176.0	13914.697259914712	-2631.216006737254
177.0	14283.068753516221	-2657.6845455886464
178.0	14219.860280159033	-1964.690569959497
179.0	14322.767479250071	-2628.1927533865733
180.0	14098.016191984012	-1912.3092845664298
181.0	13812.223719717496	-2568.6361005327567
182.0	14246.864856387809	-1918.9227272028031
183.0	14296.490936514352	-1921.2758291879436
184.0	14394.003236058155	-2516.598489488539
185.0	14495.015863365292	-1930.9608946791268
186.0	14346.113627622259	-1923.6739573659272
187.0	14544.67048073822	-1933.3619346023709
188.0	14395.746807693673	-1926.0996331414533
189.0	14445.380852432494	-1928.5329395420129
190.0	14469.4278418212	-1945.3649342172137
191.0	14519.081859526821	-1947.7811180634108
192.0	14594.32332877408	-1935.7160000374176
193.0	14643.985612906072	-1938.011026816209
194.0	14693.6565223847	-1940.2349478638305
195.0	14743.31705506665	-1942.3973340142281
196.0	14792.982091056465	-1944.5088656725293
197.0	14842.653612616496	-1946.5740800094402
198.0	14909.952819966447	-2133.909059956935
199.0	14892.311140809332	-1948.6060939262086
200.0	14991.307721883253	-1953.0361809795884
201.0	15067.136151976896	-1974.8682798394864
202.0	15064.79631230857	-2008.3183625373565
203.0	15140.585887471665	-1958.6330052690644
204.0	15163.762145718285	-1980.3520486728646
205.0	15116.369727714007	-1976.5692428536852
206.0	12942.838458119271	-1985.4188690068597
207.0	12979.991465816209	-1979.071293518936
208.0	12972.861210903515	-2001.1192536883939
209.0	12999.46228877665	-2028.7253043523754
210.0	13004.082400595764	-2011.9457426485824
211.0	12982.124923248732	-1992.5885266079606
212.0	13012.085417707822	-2017.8362865092597
213.0	12989.809547249146	-1999.6131796622103
214.0	13023.945615909235	-1962.750500555059
215.0	13023.74632071337	-2046.2644277528213
216.0	13035.95937932082	-2054.9426278497
217.0	13063.640861049584	-1955.887423875073
218.0	13035.568688438643	-2034.1168118382084
219.0	13072.901218899986	-2080.6161836279057
220.0	13045.027394604347	-2055.0829220410074
221.0	13090.401911976473	-1989.5508368692645
222.0	13159.658262410507	-1942.2531207352004
223.0	13069.610966349248	-2072.167446394675
224.0	13110.139884967755	-1949.6476672882202
225.0	13075.974645753775	-2061.592196083845
226.0	13139.836147427637	-1988.8038859287105
227.0	13081.972603147131	-2080.6317325009118
228.0	13110.175615701313	-2105.83890033434
229.0	13137.198506924615	-1960.6140988166362
230.0	13119.275233057037	-2084.080170638562
231.0	13144.762566396994	-2100.800751790065
232.0	13257.307675731192	-1926.8952333840882
233.0	13151.174520576971	-2112.8758885296475
234.0	13119.248329243941	-2105.7696565690285
235.0	13190.852197633625	-1984.1538115358471
236.0	13147.670158633999	-2130.7732931687747
237.0	13197.808135473344	-2163.8625037177712
238.0	13208.442693369854	-1934.1548292969735
239.0	13225.911706592602	-2161.9018744646705
240.0	13172.733616873977	-2147.3208169820787
241.0	13269.289766298798	-2021.0697293355404
242.0	13239.451834663269	-1977.2722562293272
243.0	13185.271012068313	-2155.5903457807303
244.0	13194.34240118932	-2155.4770132184094
245.0	13201.159474477718	-2145.9007000192246
246.0	13235.151282991552	-1945.9310263889813
247.0	13287.736764041068	-1970.4563977501564
248.0	13222.872241865307	-2180.4328476093892
249.0	13263.996946380537	-2187.434024981271
250.0	13235.394241660253	-2188.7418568682833
251.0	13306.264454195161	-1920.6105599586026
252.0	13239.07862825917	-2161.8683277129962
253.0	13335.78736709622	-1964.7844554490046
254.0	13260.40683784794	-2205.3841088062745
255.0	13272.907726755184	-2213.7241247211036
256.0	13355.355377006801	-1915.3450638216846
257.0	13276.824257772838	-2187.4969848814517
258.0	13335.305200454444	-2255.525908234929
259.0	13297.881311886596	-2230.4217680162087
260.0	13384.017797341621	-1960.0773420059986
261.0	13310.364399255666	-2238.786539939803
262.0	13404.564359906171	-1911.0491829708517
263.0	13315.389937188209	-2212.1021910685236
264.0	13552.673595596176	-1903.2665269154168
265.0	13507.351414458171	-1999.5104997013532
266.0	13331.930449822228	-2247.049051632468
267.0	13432.40385328204	-1956.291600743254
268.0	13347.774642568103	-2263.9030367572627
269.0	13372.11098549012	-2259.9273561688833
270.0	13453.857850044647	-1907.6555767864554
271.0	13407.067514153308	-2275.1230443569207
272.0	13356.843455129172	-2263.8677663154704
273.0	13480.94785344236	-1953.3506545242406
274.0	13385.172557802396	-2289.044885839688
275.0	13503.237154958944	-1905.0882097490855
276.0	13413.40154426264	-2287.4140217443223
277.0	13603.695168779252	-1996.524962412558
278.0	13394.240615506395	-2289.006535806459
279.0	13529.651669566703	-1951.1820210846709
280.0	13422.561722595043	-2314.1872524374276
281.0	13528.518440273734	-1919.7557341768759
282.0	13454.666620220523	-2315.752904889094
283.0	13652.136416740477	-1995.935894628273
284.0	13431.634417446636	-2314.144293701844
285.0	13578.466739444148	-1949.7070734567233
286.0	13459.953385015207	-2339.310918677111
287.0	13602.149440019488	-1902.1194454914814
288.0	13534.834654072698	-2389.4092090440226
289.0	13501.978124336989	-2338.854184914898
290.0	13469.02964440912	-2339.260270622647
291.0	13627.387949852278	-1948.8616202756884
292.0	13497.373066825574	-2364.394171521173
293.0	13651.662243328361	-1901.5727655631572
294.0	13529.491367305729	-2365.7958225337056
295.0	13506.449160694037	-2364.328327600913
296.0	13676.421087517569	-1948.5718978332845
297.0	13531.41934305299	-2381.0042262545994
298.0	13701.204308674518	-1901.549356289226
299.0	13563.074684729521	-2387.6264076705943
300.0	13579.192000043748	-2398.651943470606
301.0	13559.848101008907	-2406.041372571018
302.0	13725.535780858854	-1948.769917254015
303.0	13572.354380593431	-2414.332197452269
304.0	13584.88167543828	-2422.6148839220036
305.0	13750.75919374671	-1901.9784586299827
306.0	13587.529104349116	-2404.168748173277
307.0	13774.75639844869	-1949.3757133797192
308.0	13593.960731842528	-2422.4955192606412
309.0	13622.50303282889	-2447.3760300156573
310.0	13800.349687830529	-1902.7829262173575
311.0	13626.606865532764	-2421.695670970032
312.0	13631.582265739104	-2447.2222609413625
313.0	13824.07659249573	-1950.3169155407224
314.0	13660.21692281519	-2471.995000350895
315.0	13849.946148066434	-1903.8851676540119
316.0	13687.77056345788	-2469.845060995434
317.0	13669.287615412824	-2471.8019766961156
318.0	13873.44934272361	-1951.52505336955
319.0	13698.040673469623	-2496.4376944646388
320.0	13710.672134975533	-2504.544615468689
321.0	14048.398986154594	-1910.317241631127
322.0	13899.555349134685	-1905.2249953149767
323.0	13712.963065249947	-2486.227309716549
324.0	13738.177653485844	-2502.023777588951
325.0	13922.88280697017	-1952.9495931955216
326.0	13735.979668565085	-2520.6987941137054
327.0	13748.649973861839	-2528.7423865594765
328.0	13996.49773746518	-1971.1063657556622
329.0	13751.269450431855	-2501.7177088809062
330.0	13949.1734778737	-1906.7573683954222
331.0	13774.039025419865	-2544.768299806946
332.0	13815.839853251387	-2550.1201552636962
333.0	13786.749780202643	-2552.745159260403
334.0	14122.147833792209	-1928.9851989317601
335.0	13998.785273145595	-1908.459838467922
336.0	13808.57508569502	-2560.277251786734
337.0	13824.947883967596	-2576.5842601752997
338.0	14274.733014896505	-2605.168836851279
339.0	14045.929799034277	-1972.9468997114134
340.0	13837.75062418096	-2584.4283358753128
341.0	14022.997199980606	-1925.0103670727685
342.0	14143.475697197822	-2008.3724162515546
343.0	13838.396675996983	-2565.201853369381
344.0	13846.814834768122	-2584.0183052225
345.0	13876.15497756516	-2607.936807321824
346.0	14072.57129771261	-1926.9347576107787
347.0	13878.331359196089	-2589.3165009845648
348.0	13979.852904709043	-2623.671308095285
349.0	13885.21602389065	-2607.4732235268148
350.0	13997.697391116139	-2623.615943947292
351.0	14234.221263183448	-2638.6927151002405
352.0	13910.890151544992	-2622.9799860959542
353.0	13929.897772957454	-2620.1992305379886
354.0	13927.575827521228	-2638.9238090749077
355.0	13940.468217257881	-2646.601761388743
356.0	13955.316648939259	-2635.6301474371016
357.0	13949.523658353537	-2646.043484831403
358.0	13966.30806751879	-2661.8802293340805
359.0	13981.343209403312	-2651.2745502578287
360.0	13979.250199428558	-2669.47499188295
361.0	14000.118948693087	-2654.387171691664
362.0	13992.213174391576	-2677.0442338186185
363.0	14200.279940467086	-2674.741805376099
364.0	14005.188245708325	-2684.58250803658
365.0	14016.14422369947	-2671.2922204508113
366.0	14014.234513898693	-2683.9230286430943
367.0	14033.310697974359	-2680.8357404948915
368.0	14031.195153728046	-2699.5717676402164
369.0	14044.220382075611	-2707.019793980931
370.0	14058.962452774942	-2695.819514028624
371.0	14057.266257180025	-2714.4373742378034
372.0	14076.477934706127	-2706.1283412488333
373.0	14066.308721506908	-2713.695768701684
374.0	14139.703768605148	-2711.7134106776043
375.0	14083.408302054298	-2729.181109627392
376.0	14093.886436594088	-2715.918132634896
377.0	14096.508046010973	-2736.5046079500516
378.0	14112.32463895172	-2724.843268787879
379.0	14105.544942197595	-2735.6974900647906
380.0	14128.304915006336	-2734.696921727889
381.0	14122.755624811734	-2751.0553530696034
382.0	14144.641900757104	-2757.882450847739
383.0	14137.049690618822	-2739.513986462686
384.0	14135.910394719484	-2758.2807940610232
385.0	12959.931607518316	-1991.2250519482648
386.0	12960.737749104528	-1970.3374759872784
387.0	14988.718117476883	-2072.110823316459
388.0	15086.535204275	-2034.7756681894691
389.0	14966.558598562531	-2004.393204779143
390.0	12984.532497079459	-2011.1721255589162
391.0	13011.69781368457	-1990.550007568803
392.0	13008.513388829428	-2029.032610001919
393.0	13021.994438723457	-2016.888681870707
394.0	13057.301109448104	-2063.6574490392986
395.0	13094.365548767064	-2089.049777929124
396.0	13092.538270593503	-2073.887236956992
397.0	13131.72676137012	-2114.0859373046665
398.0	13126.076068381766	-2096.3650785353652
399.0	13156.743846840967	-2130.658679553559
400.0	13169.99454265486	-2117.1076016796364
401.0	13206.878139160568	-2163.752025442644
402.0	13272.765892259946	-2165.919742546536
403.0	13244.467340169364	-2188.6573700459776
404.0	13308.262749043412	-2187.51962807077
405.0	13282.06523528604	-2213.5278098510535
406.0	13380.750210255917	-2228.6038928702624
407.0	13319.462053645597	-2238.677610055584
408.0	13363.800123065354	-2254.341948894659
409.0	13369.309925056723	-2272.2469979149105
410.0	13455.065128089445	-2278.5321160724293
411.0	13406.705287896033	-2297.386277354646
412.0	13444.099119232696	-2322.5216484244606
413.0	13481.502927325704	-2347.626220358401
414.0	13518.93656170083	-2372.6734546665452
415.0	13546.134772616502	-2376.8894600274275
416.0	13543.910736877675	-2389.3216422849678
417.0	13606.486351416506	-2430.7539467047436
418.0	13604.311944093432	-2415.176563755505
419.0	13644.140458562084	-2455.437132056041
420.0	13637.883307613365	-2437.108892302004
421.0	13681.880993287798	-2479.9539394800267
422.0	13679.379875151551	-2464.4136599158583
423.0	13719.740858922885	-2504.2932649877002
424.0	14319.015441220661	-1969.3744636033741
425.0	14333.292475231561	-2600.8479447143145
426.0	14120.797776948442	-1960.2885474093985
427.0	13757.717367420615	-2528.445414366153
428.0	13795.8442386729	-2552.335525156034
429.0	13859.597674312385	-2591.8613298200285
430.0	13869.804372746834	-2584.1095345475733
431.0	13898.044218615367	-2615.23996520207
432.0	14147.627385516493	-1914.419180049311
433.0	14314.573380451091	-2575.511016051924
434.0	14368.61980840926	-1971.776407013428
435.0	14373.010197030913	-2571.3816656672707
436.0	14354.293940016141	-2546.0613265914108
437.0	14418.250389219995	-1974.1978049471993
438.0	14412.724247027394	-2541.910848074264
439.0	14269.43097862968	-1967.00679627705
440.0	14467.884852256844	-1976.622597157836
441.0	14452.437232396433	-2512.441259229905
442.0	14433.719495682964	-2487.134460571425
443.0	14492.150733585093	-2482.9744421447467
444.0	14473.43502892431	-2457.677443026589
445.0	14531.861627091299	-2453.502992746961
446.0	14517.557848069715	-1979.0326427754537
447.0	14571.573279163684	-2424.0330247187626
448.0	14567.260221767312	-1981.4095776075094
449.0	14611.2851044025	-2394.5632263885923
450.0	14616.971212857721	-1983.7317839589923
451.0	14592.575422436981	-2369.28662465804
452.0	14650.994728866688	-2365.090349838589
453.0	14666.708680115647	-1985.9930623383307
454.0	14632.285857784416	-2339.8145776407637
455.0	14690.706834072436	-2335.622616265188
456.0	14716.432817917443	-1988.209939313764
457.0	14672.002608843037	-2310.3532254562456
458.0	14730.419521607759	-2306.1556700326123
459.0	14766.140423065457	-1990.3280651763498
460.0	14711.717222288355	-2280.8953214501394
461.0	14770.132259672066	-2276.6887926585364
462.0	14751.433944335986	-2251.43543070475
463.0	14791.151883247469	-2221.9800738850167
464.0	14815.92574039736	-1992.5621167084057
465.0	14809.846644033287	-2247.224136540168
466.0	14928.98840663988	-2158.8282887864384
467.0	14849.555352431247	-2217.7082994340994
468.0	14830.864280276335	-2192.4736935574088
469.0	14870.362403401246	-2162.203628041339
470.0	14889.269274673175	-2188.2430191514873
471.0	14916.97001616163	-1966.4003426546467
472.0	14860.348426672606	-2106.8886426031445
473.0	14968.635763143946	-2129.0128314999665
474.0	14920.461643446482	-2106.5653329492475
475.0	15048.486557656559	-2069.5187406342225
476.0	15013.8558118719	-1999.4557157804622
477.0	15008.354800993286	-2099.557834437046
478.0	15041.697493016669	-1954.9161125086578
479.0	15029.8493471869	-2046.498038690769
480.0	13000.333510154805	-1999.957529496027
481.0	13049.880091708148	-1989.1994348447413
482.0	15037.28807861899	-2017.8733246266659
483.0	14085.176927457607	-2711.035227796334
484.0	14148.41414658314	-2739.477720542843
485.0	14999.330769774731	-2047.2859464457026
486.0	14989.483054609833	-2018.113551258355
487.0	14916.10870441389	-1997.8746015063407
488.0	14909.919174543373	-2057.80444201643
489.0	14841.143653381625	-2164.2920127899747
490.0	14801.647967000665	-2194.6064293209497
491.0	14761.92736372047	-2224.055733693495
492.0	14738.686513205657	-2035.4068886818452
493.0	14722.20635235655	-2253.507354854452
494.0	14689.524854182937	-2034.4833769330605
495.0	14682.488728661117	-2282.9616077046444
496.0	14552.8651037635	-2398.748914893275
497.0	14513.147181453402	-2428.2149688553213
498.0	14589.947071952161	-2029.5854883539698
499.0	14642.768734596903	-2312.414160036069
500.0	14540.141345725942	-2027.141823257076
501.0	14603.052146388247	-2341.8780181606335
502.0	14563.341900510546	-2371.3427994563513
503.0	14523.623804591001	-2400.7993681216053
504.0	14483.905506937042	-2430.2597674503418
505.0	14391.116873349894	-2019.9338896286172
506.0	14444.189642180485	-2459.7104648794307
507.0	14341.514892760768	-2017.5332138446927
508.0	14404.470959796221	-2489.1637617206425
509.0	13904.060622170591	-2605.257365148358
510.0	14364.760381633556	-2518.6224652583937
511.0	13895.515175011651	-2600.083341286445
512.0	14170.313943461022	-1962.4441372756526
513.0	14880.517712806099	-2135.1898862109774
514.0	14959.50734508387	-2074.2193201105565
515.0	14865.403732384502	-1994.065316714159
516.0	14949.95981592055	-2103.8174252865033
517.0	14941.815474161107	-2018.8347134593212
518.0	14126.054790131266	-2724.674872093099
519.0	14050.287499030752	-2690.8735108267024
520.0	14007.502998026983	-2666.285583378341
521.0	14104.729517703983	-2713.1750140242493
522.0	14117.477712473954	-2671.8093422961006
523.0	13972.734838789585	-2646.209717215437
524.0	14073.135911858879	-2696.392097523174
525.0	13946.726693220642	-2630.5274639419636
526.0	14047.326383061662	-2680.997391461029
527.0	13921.326563767643	-2615.057854811896
528.0	14026.173028597826	-2668.8832226143118
529.0	14071.295289397875	-1958.2454279400436
530.0	13989.966174868709	-2656.3216188884144
531.0	13853.52391038509	-2573.574830102343
532.0	13969.474675881009	-2636.3738438370897
533.0	14125.403608436698	-2609.4465671748035
534.0	13828.13087341479	-2550.1255568962765
535.0	13943.81597692504	-2620.570348141822
536.0	13800.793973274376	-2541.204843162759
537.0	13920.533267977728	-2577.731338647189
538.0	13918.28428718375	-2605.5768414616336
539.0	13902.826542962897	-2577.6491008770536
540.0	13777.141694797405	-2526.8027353052025
541.0	13789.967570998759	-2526.6432829374658
542.0	13892.388395033124	-2590.1854701752713
543.0	14095.390126825509	-1974.9233033733335
544.0	13762.989095762741	-2517.127317305664
545.0	13867.453949884462	-2574.096042698668
546.0	13726.534538706197	-2486.921350210197
547.0	13848.84469739687	-2562.997307669077
548.0	13877.541324667924	-2561.320119050795
549.0	14021.804021175027	-1956.32935482379
550.0	13704.554237090124	-2480.8207316112325
551.0	13753.410693836055	-2475.5133677168137
552.0	13811.722805232881	-2539.348417507607
553.0	13995.349841942565	-2002.4944336237102
554.0	13972.339461052086	-1954.558730652375
555.0	13662.654374669355	-2453.544675748944
556.0	13654.283928028877	-2448.0861904092653
557.0	13773.344847301036	-2515.795341254101
558.0	13947.09006866023	-1969.419660543933
559.0	13704.22977690937	-2444.3381449582917
560.0	13729.749920264032	-2496.644435424985
561.0	13612.657432927555	-2420.679860494129
562.0	13701.372596775234	-2470.9326512999237
563.0	13736.209295053903	-2475.7643381178145
564.0	13897.697558678357	-1967.9058947465394
565.0	13654.706401592615	-2411.6718901614067
566.0	13676.258215625945	-2454.522585385867
567.0	13686.60430551306	-2443.1591419190026
568.0	13848.36199727023	-1966.5917882095916
569.0	13629.501657664907	-2394.9790280984785
570.0	13651.512907859389	-2438.139763559429
571.0	13537.809860275398	-2371.3477342588935
572.0	13629.510593693927	-2431.6219259459053
573.0	13798.475155332928	-1996.970454884582
574.0	13512.671791844126	-2354.3372124263487
575.0	13799.10081955695	-1965.5196055479755
576.0	13579.972317451995	-2362.4618649917393
577.0	13601.332011659579	-2405.2472261309135
578.0	13554.84113911796	-2345.90561641326
579.0	13576.778433719175	-2388.7457623844607
580.0	13611.736172849902	-2393.7219475918173
581.0	13749.927253787042	-1964.7484393669301
582.0	13471.285676805792	-2326.909884426095
583.0	13462.974862099485	-2321.333223204311
584.0	13556.220055050357	-2375.285221347464
585.0	13700.742311058732	-1995.861302191355
586.0	13700.89700361932	-1964.3482156320786
587.0	13437.988130627471	-2304.115800132547
588.0	13505.03899128673	-2312.5269220643286
589.0	13526.636140293938	-2355.8733415034617
590.0	13429.677268138541	-2298.530392755342
591.0	13504.356143783463	-2348.775139902639
592.0	13537.128046425356	-2344.4112366697914
593.0	13651.974815053343	-1964.3947632926072
594.0	13396.975890831794	-2276.6754656904463
595.0	13481.376320369593	-2325.3465858454606
596.0	13487.739207939181	-2311.4259548140735
597.0	13603.175249061742	-1964.960956873828
598.0	13451.946156700948	-2305.768284301636
599.0	13358.203930129706	-2241.8959983845057
600.0	13427.302597912669	-2288.5998603364915
601.0	13554.511241515827	-1966.1174116768232
602.0	13555.43602713668	-1997.697631030016
603.0	13339.559335354441	-2237.358782643856
604.0	13324.836998174125	-2227.571009212023
605.0	13388.665028256313	-2271.0900581647797
606.0	13413.41416229979	-2261.270879374209
607.0	13505.974713908223	-1967.931520659152
608.0	13364.555970157851	-2227.6845280592433
609.0	13382.398679990345	-2258.807193616474
610.0	13287.297656824192	-2202.4055804288796
611.0	13347.84746721306	-2243.0076650686296
612.0	13457.597119404114	-1970.4727473358391
613.0	13335.863944301358	-2226.2930136470836
614.0	13250.006960029155	-2177.4585570079657
615.0	13411.850812973842	-2005.385865074221
616.0	13409.413570268036	-1973.8171508631249
617.0	13298.685500121974	-2200.8138959544353
618.0	13209.516376270863	-2151.417827274206
619.0	13249.414429138633	-2149.634618660362
620.0	13361.400222194929	-1978.0418552119409
621.0	13260.461552702267	-2176.3133699418277
622.0	13184.650707643064	-2134.770781218315
623.0	13265.59588339997	-2118.009887221813
624.0	13313.577860327343	-1983.2054964870983
625.0	13202.014087713549	-2118.5872797246557
626.0	13219.476049396684	-2149.670621825607
627.0	13194.931967579005	-2133.5805741356226
628.0	13265.591059005665	-1989.5024297078344
629.0	13176.850067420544	-2101.8598455308243
630.0	13225.260089416597	-2136.2059812625876
631.0	13125.655015839533	-2070.1150650699565
632.0	13159.516765100516	-2118.39460262371
633.0	13217.006036269748	-1996.0678009014389
634.0	13219.628287208574	-2026.9896999567707
635.0	13150.4712467837	-2087.89379431825
636.0	13134.387710586045	-2101.905805520503
637.0	13114.84096784103	-2001.888400607029
638.0	13109.06097581232	-2085.0699779866823
639.0	13166.558694141708	-2001.014649611394
640.0	13168.884983534566	-2026.092872934438
641.0	13100.217572474692	-2051.859493058361
642.0	13089.830565750883	-2063.296437773156
643.0	13052.288243342686	-2044.7664481129261
644.0	13113.419557316587	-2021.9642942109722
645.0	13068.608977686037	-2016.8153726713006
646.0	13065.98031258281	-2045.5198219311048
647.0	13077.95297074794	-2031.23615653704
648.0	13025.355725141164	-2001.5906160828051
649.0	13039.240228784081	-2002.2440237675703
650.0	13027.478653783466	-2028.332825738089
651.0	13045.987141038268	-2032.2928350985294
652.0	14938.226227742576	-2050.0278966148912
653.0	14887.40954763459	-2039.673430087919
654.0	14890.009831086574	-2010.9367727334004
655.0	14831.387959600135	-2108.6063573089677
656.0	14839.9728824458	-2008.8289738566625
657.0	14783.104914588512	-2170.6074859612872
658.0	14790.401697316818	-2007.1592655809666
659.0	14789.100852249772	-2038.3695212885189
660.0	14743.192506786383	-2198.713312129093
661.0	14740.607295113587	-2004.9204245096246
662.0	14703.465512760886	-2228.1566279682847
663.0	14690.877898448916	-2002.7528295832108
664.0	14663.73614446158	-2257.2734283697264
665.0	14641.121314397353	-2000.5033541325884
666.0	14624.021742085388	-2287.0507126712264
667.0	14591.37589297544	-1998.2113613968916
668.0	14544.58353259768	-2345.9705819689502
669.0	14541.654806464512	-1995.8632105982053
670.0	14504.866257389023	-2375.42601968908
671.0	14584.290123377621	-2316.5097897749006
672.0	14491.948862343828	-1993.470082331792
673.0	14490.419175994675	-2024.757128693208
674.0	14440.747565238913	-2022.352121820613
675.0	14442.294866571747	-1991.0536565207958
676.0	14392.662865204627	-1988.6321226920663
677.0	14465.139930529394	-2404.872185482813
678.0	14385.700094335181	-2463.7555095713965
679.0	14425.421968797387	-2434.31202867837
680.0	14343.047365183766	-1986.2214872520026
681.0	14293.467113461418	-1983.838540281564
682.0	14345.990943235985	-2493.193705214841
683.0	14291.949751639235	-2015.1602843870612
684.0	14144.861310508024	-1977.0199391460737
685.0	14243.902475971785	-1981.4980304749508
686.0	14242.419340725588	-2012.8256825201254
687.0	14192.924216018064	-2010.558381490123
688.0	14194.365627045257	-1979.2188632185455
689.0	14325.047857119069	-2548.067780239154
690.0	14276.514548097874	-2525.074221644355
691.0	14058.125580641849	-2668.306329386304
692.0	14285.190930964493	-2577.688530669457
693.0	14094.071748431059	-2006.2851212297592
694.0	14244.586483796644	-2609.692163993462
695.0	14110.803063920763	-2699.4851963297037
696.0	14192.349490047613	-2597.910550983214
697.0	14205.829853633566	-2647.4257057390973
698.0	14176.006081175283	-2705.8239283222715
699.0	14158.7902960847	-2643.5949088261536
700.0	14177.261806941902	-2684.393880884827
701.0	14157.424452659428	-2671.6423805461577
702.0	13128.413930575533	-2036.3362543606236
703.0	13094.249430897222	-2033.0309194882332
704.0	13050.335217216489	-2018.6254250509683
705.0	13070.665877286032	-1998.8652080790762
706.0	14901.702119410596	-2084.74377317484
707.0	14839.280938707656	-2041.582296577025
708.0	14032.00629850955	-2653.839631910534
709.0	14132.047163642384	-2698.1919896778377
710.0	14184.177563533654	-2629.030309527822
711.0	14265.886453495601	-2552.730397259195
712.0	14224.36700076072	-2587.3053960877114
713.0	13954.008015117384	-2607.872912645204
714.0	14235.209054391691	-2557.823935535266
715.0	14216.935733885643	-2027.3577402762492
716.0	14298.037512475234	-2469.608694201504
717.0	14266.430481561298	-2029.6561924277223
718.0	14315.965606975476	-2032.0079343015611
719.0	14365.541344131527	-2034.389900542669
720.0	14415.157096032426	-2036.7980371835674
721.0	14464.807864574856	-2039.2081088190687
722.0	14639.68671721284	-2031.7710590663708
723.0	14514.514700981992	-2041.5983017957403
724.0	14564.31794000546	-2044.0623172234584
725.0	14614.107794649928	-2046.373615849853
726.0	14663.921038665156	-2048.991314621963
727.0	14713.158991743536	-2050.4269508358343
728.0	14822.338495714008	-2138.9959856654364
729.0	14813.93295159217	-2056.5256951363212
730.0	14762.91879609048	-2052.024785056123
731.0	14871.024009797073	-2083.786256574695
732.0	14862.111505194373	-2055.555296789041
733.0	13117.576913833926	-2054.0618007361477
734.0	13195.800737965305	-2040.1539339142225
735.0	13149.129736551191	-2039.8195720050924
736.0	13142.321787329493	-2072.257326731408
737.0	13172.089120010554	-2069.464170541062
738.0	13154.959491299544	-2059.6873800420676
739.0	13206.558652571643	-2081.583727757685
740.0	13167.91148374424	-2087.4788896328296
741.0	13193.17511969294	-2063.657423483871
742.0	13248.324285459661	-2068.593561269997
743.0	13228.135161388856	-2085.0965581539454
744.0	13194.411236565562	-2101.771430712871
745.0	13317.267642651808	-2014.7977429940247
746.0	13218.204414506496	-2120.2012826165496
747.0	13245.772792895224	-2039.7614549123646
748.0	13364.438282155817	-2009.6152270515104
749.0	13284.956438154482	-2174.327230202301
750.0	13295.125253658669	-2033.6159438847883
751.0	13459.485753138624	-2002.0564144068812
752.0	13342.515209381572	-2027.9500737955004
753.0	13343.17847751893	-2210.210267562892
754.0	13389.493100008314	-2023.2194280566644
755.0	13437.732092711709	-2277.262453811794
756.0	13438.911800676542	-2051.180788116691
757.0	13436.72972972235	-2019.4439820253926
758.0	13373.117091644826	-2196.086355007927
759.0	13388.841296062668	-2244.48790437901
760.0	13485.863370787383	-2048.2384957685304
761.0	13405.609723830508	-2245.7113076649234
762.0	13484.21318772682	-2016.5133006374833
763.0	13440.70354324741	-2246.189288359175
764.0	13430.17768720816	-2262.2244502369135
765.0	13533.076048457391	-2046.1534408722828
766.0	13531.95315573751	-2014.341219480065
767.0	13462.749090611891	-2294.314710360225
768.0	13580.64552050151	-2044.5554845537908
769.0	13480.143256407357	-2295.9553611380798
770.0	13515.60534955009	-2296.4871025749153
771.0	13579.91144478251	-2012.8512983486462
772.0	13749.521335870093	-1996.231975327283
773.0	13512.456744842872	-2327.6573660798167
774.0	13628.421777283134	-2043.6387969417435
775.0	13529.489171266401	-2328.897880506503
776.0	13628.069471256924	-2011.9667571500843
777.0	13676.443091086496	-2043.2650111864714
778.0	13562.753008390071	-2361.3153942921545
779.0	13847.568675962111	-1998.0234121765109
780.0	13590.448269868466	-2346.5895021972224
781.0	13676.427996644112	-2011.626115728227
782.0	13587.143113101933	-2377.551046760915
783.0	13724.707339002378	-2043.3581972892755
784.0	13604.137080477436	-2378.690551006893
785.0	13640.299351176518	-2378.934243173989
786.0	13896.768258263482	-1999.318977261516
787.0	13724.975170381322	-2011.7665397736444
788.0	13773.22292938001	-2043.862729460154
789.0	13637.224442101333	-2410.2797436627857
790.0	13946.040830015123	-2000.8175856484222
791.0	13665.941808601912	-2395.130322083785
792.0	13773.724816307717	-2012.3100986766785
793.0	13893.980914009255	-2093.8395558488614
794.0	13661.90333204697	-2426.861523222033
795.0	13821.949157057259	-2044.7140969433392
796.0	13679.21112570138	-2428.1713911643606
797.0	13716.037648773512	-2427.461711380186
798.0	13822.657606963587	-2013.1993888442485
799.0	13742.058975513568	-2446.678475963418
800.0	13711.678726328217	-2459.50850731724
801.0	13870.864767309593	-2045.8594838293013
802.0	13728.739841783294	-2460.938449332182
803.0	14044.692309956366	-2004.32113196473
804.0	13853.166549784948	-2547.079235757938
805.0	14139.314418708585	-2102.5894780658996
806.0	13871.726721000623	-2014.3697598514461
807.0	13920.904267910193	-2015.7606008149871
808.0	14215.388525084223	-2535.0746338222684
809.0	13970.142326884365	-2017.3447236249121
810.0	14019.418636574497	-2019.0916549451547
811.0	13820.401423433063	-2525.6121866406615
812.0	13969.036228197117	-2048.7891956757085
813.0	13894.599229287509	-2561.398063079794
814.0	14167.486919123623	-2025.1361326527112
815.0	14068.739421925517	-2020.9814780497861
816.0	14091.432787061807	-2069.0957841534587
817.0	14116.736431986392	-2054.400459375071
818.0	14118.093785243787	-2023.002842371305
819.0	13928.590813391056	-2593.1803724895262
820.0	14077.13834051031	-2599.952699090439
821.0	13946.111805922556	-2592.530188868519
822.0	13982.772551793823	-2589.2800365012477
823.0	13971.597162669685	-2607.6757954424234
824.0	14135.65695680184	-2634.8397659877955
825.0	14006.080306726208	-2639.4488655347377
826.0	14035.081984440054	-2620.0684697544007
827.0	14023.621676665009	-2638.801655834606
828.0	14084.117293427791	-2684.095268408015
829.0	14061.626847864993	-2635.970470360549
830.0	14049.943165466271	-2653.1010877163885
831.0	14091.254325735106	-2651.252600062721
832.0	14076.410051024242	-2668.3535996880037
833.0	14137.571916866213	-2680.9175682027585
834.0	14102.242371628307	-2685.0245992776904
835.0	14306.293502234737	-2522.589119241847
836.0	14264.92343074491	-2061.013299437876
837.0	14316.770146734243	-2495.1539055505505
838.0	14314.43963713778	-2063.353464811178
839.0	14215.472314254015	-2058.7261505647034
840.0	14356.462932199547	-2465.7614772957404
841.0	14364.137603665593	-2066.0020065242666
842.0	14337.71308913165	-2440.3144883730347
843.0	14396.180956838825	-2436.3277722211183
844.0	14413.609722495617	-2068.399375429132
845.0	14377.42287208599	-2410.9075742102305
846.0	14435.901779133565	-2406.891424857999
847.0	14463.253046291431	-2070.7486922763055
848.0	14417.14357690166	-2381.479811404171
849.0	14475.624057843777	-2377.454038455267
850.0	14512.992602013866	-2072.934490414919
851.0	14456.87202961085	-2352.0442880018218
852.0	14515.349188648659	-2348.0033489733482
853.0	14562.922594507452	-2075.441372036407
854.0	14496.585212829652	-2322.596609760374
855.0	14555.055031513488	-2318.546178784906
856.0	14536.217018435149	-2292.9100722063527
857.0	14594.776842262276	-2289.082901890188
858.0	14613.026929105217	-2078.7125693813387
859.0	14634.503032131981	-2259.3015987564854
860.0	14615.69765245435	-2233.7973476506427
861.0	14662.117576124152	-2080.5774458194333
862.0	14674.22379849315	-2229.856415229055
863.0	14655.350634327207	-2201.898262405812
864.0	14712.343187950877	-2083.4833476905956
865.0	14713.958247806237	-2200.7422822541816
866.0	14696.01459866391	-2176.456851556415
867.0	14759.229469316037	-2080.204313801485
868.0	14753.87397390123	-2172.6387089609525
869.0	14781.71480921965	-2096.6385427876326
870.0	14733.937018186087	-2146.6431706211765
871.0	14810.236235336493	-2086.6151878900723
872.0	14793.516070196565	-2143.178723073208
873.0	13241.659530657445	-2171.9129937190614
874.0	13298.172542935446	-2063.49674483267
875.0	13278.881365051764	-2196.9730888353156
876.0	13345.74889092309	-2060.589550850269
877.0	13331.048358083579	-2201.5377501172793
878.0	13316.49311049633	-2222.0527040790757
879.0	13758.358595742373	-2456.227167357611
880.0	13754.54737636183	-2511.779151876013
881.0	13792.296347225447	-2535.9664967513563
882.0	13840.949952302168	-2539.463383705792
883.0	13829.899449497685	-2559.945954648726
884.0	13232.178072175722	-2106.898264001025
885.0	14774.044107965854	-2122.8124496143
886.0	14114.19690898431	-2653.7790118011417
887.0	14008.754625787684	-2604.4231871797256
888.0	14743.695996642657	-2124.2456741626033
889.0	14734.181382638553	-2096.642814281969
890.0	14705.31190192891	-2148.4323430915506
891.0	14686.90558784927	-2099.125904985292
892.0	14666.648699452613	-2175.9130444472758
893.0	14658.371174035594	-2145.663639742658
894.0	14575.926812376463	-2263.7042084987643
895.0	14612.049846896385	-2146.4435895052775
896.0	14626.057600618005	-2203.8110244406416
897.0	14586.366332521944	-2236.16776817396
898.0	14578.442581594247	-2184.409622375616
899.0	14546.60208041347	-2265.4949898049235
900.0	14506.98154370034	-2294.9277361774225
901.0	14486.022340301803	-2119.6904986836084
902.0	14467.35025333709	-2324.6095300226607
903.0	14436.054559241044	-2117.9899358660236
904.0	14427.629700064565	-2354.050821575539
905.0	14387.412961799215	-2116.257849846164
906.0	14387.90568181265	-2383.480217213654
907.0	14257.491620401415	-2499.798685644861
908.0	14348.19216651445	-2412.8883226378034
909.0	14122.342267303271	-2556.859663575613
910.0	14308.508465909079	-2442.201504943089
911.0	13905.057795722352	-2541.909906339119
912.0	14166.071675483972	-2056.5201592938115
913.0	14172.54886605424	-2577.9685722650406
914.0	13957.231562033674	-2574.2336693253847
915.0	14084.65353775144	-2634.074712405181
916.0	13931.994426299083	-2559.159288409055
917.0	14055.15028868332	-2617.975828474489
918.0	14028.5978491728	-2601.5229226869656
919.0	14018.222669848628	-2050.521659229646
920.0	14002.08552850473	-2586.082792386543
921.0	13976.303160352641	-2571.180634160894
922.0	14329.442953832515	-2387.244713585474
923.0	13939.329674871851	-2515.464831659308
924.0	13874.913381666973	-2527.539931053782
925.0	13951.17172782353	-2556.311802708258
926.0	13973.773433454042	-2537.9638036750066
927.0	13797.576907228395	-2513.4833331650802
928.0	13867.93313755663	-2544.8808345433304
929.0	13919.91128369594	-2047.231579133316
930.0	13924.746267719098	-2539.588893898245
931.0	13989.353184715399	-2491.9123751923735
932.0	14067.457813813659	-2052.394523969719
933.0	14042.214735118643	-2067.164182169155
934.0	13993.047776529447	-2065.368909958998
935.0	13690.561725835621	-2412.141041419169
936.0	13943.94174711362	-2063.7330360175474
937.0	13942.895783532056	-2095.2677680900974
938.0	13785.184279747977	-2505.301234153138
939.0	13739.5520497425	-2378.973648787822
940.0	13894.9133203582	-2062.2796795577
941.0	13718.360160284974	-2383.914683488481
942.0	13736.805731922635	-2428.3721003703713
943.0	13615.341322071485	-2362.39433282955
944.0	13709.762777511443	-2410.252358595706
945.0	13701.41283430405	-2373.325212502206
946.0	13845.215160212523	-2092.6145169352544
947.0	13845.998272364755	-2061.027844253457
948.0	13670.538836738415	-2353.826657117568
949.0	13684.489339190506	-2394.2896053992204
950.0	13796.674829981488	-2091.6673790713376
951.0	13797.264818498896	-2060.0377937671487
952.0	13565.941042431286	-2329.5890823407394
953.0	13659.25754262224	-2377.693390660674
954.0	13675.86277776462	-2140.3799597744323
955.0	13540.540958074227	-2312.668453031681
956.0	13633.738107955562	-2361.3809444899834
957.0	13748.751617563446	-2059.3762636263905
958.0	13621.432577684938	-2322.7862468722424
959.0	13604.938924831999	-2312.0776510265464
960.0	13608.82330711245	-2345.3824657890545
961.0	13652.321193514435	-2157.581234899398
962.0	13700.489574122172	-2059.0918551652303
963.0	13491.51515622517	-2278.3635340929327
964.0	13584.328864119869	-2329.1264974251167
965.0	13525.12397355063	-2256.835556424365
966.0	13583.215895167721	-2138.6982054481336
967.0	13559.279736546509	-2311.8652751224486
968.0	13574.129982324192	-2290.261999801039
969.0	13652.503817209077	-2059.2468298781764
970.0	13541.247945276822	-2268.9169978461073
971.0	13534.074889914065	-2295.388119115581
972.0	13465.887414312776	-2262.0183527997956
973.0	13509.677466020354	-2277.794308279513
974.0	13490.166177579924	-2232.2300748885523
975.0	13604.781550524465	-2059.9011884093616
976.0	13416.536731240145	-2229.2442139223167
977.0	13484.943276653032	-2260.209120042444
978.0	13557.292995575563	-2061.214038627378
979.0	13558.277036107973	-2093.0268988270877
980.0	13472.98743750202	-2222.2037234680206
981.0	13459.080234974293	-2244.713528661421
982.0	13388.84416878296	-2209.084101553653
983.0	13434.86702574868	-2228.7686237538637
984.0	13510.124490238617	-2063.047916224618
985.0	13422.75372208241	-2189.231562527022
986.0	13511.279878102505	-2096.336096320366
987.0	13357.382426137918	-2209.8576530190117
988.0	13392.235409936728	-2054.9183306679156
989.0	13407.86226199935	-2208.5010193197945
990.0	13463.318007153373	-2065.518415629227
991.0	13465.687747912603	-2098.013293705831
992.0	13365.467409108676	-2175.2587840049787
993.0	13398.77338861165	-2151.711198992483
994.0	13416.775193856442	-2068.821573776771
995.0	13370.414273625749	-2073.9536067175304
996.0	13274.888548140012	-2079.7826366410545
997.0	13268.46803161361	-2152.05769528889
998.0	13323.548613470104	-2077.3180209966754
999.0	13330.219342992013	-2152.2128727496524
1000.0	14683.789886732071	-2127.9949992070783
1001.0	14636.171688155768	-2131.913243496765
1002.0	14636.802389127122	-2095.696143795327
1003.0	14587.12447967197	-2124.817417120905
1004.0	14587.470860909443	-2093.3034966984046
1005.0	14527.513999100602	-2238.231339256315
1006.0	14537.223901259813	-2089.8570666892033
1007.0	14560.43186060963	-2137.8091113379905
1008.0	14487.940230907056	-2269.3457339424144
1009.0	14487.342258743127	-2087.633900769624
1010.0	14448.385969449126	-2298.6044917317445
1011.0	14437.645373418682	-2085.4940435234143
1012.0	14408.878033133058	-2328.621448179734
1013.0	14388.165759347152	-2083.1473338557794
1014.0	14338.585182457135	-2080.490850335907
1015.0	14369.154004185433	-2358.045602841879
1016.0	14288.91673098515	-2077.8629219068316
1017.0	14190.045552746786	-2073.3108184196776
1018.0	14289.81952876642	-2416.5697943657865
1019.0	14287.398286711645	-2109.249157725709
1020.0	14140.703100300774	-2071.1540598964216
1021.0	14237.959901946893	-2106.9557178116547
1022.0	14239.448870277572	-2075.5511998187335
1023.0	14188.606499543597	-2104.7286689041152
1024.0	14007.45436660609	-2557.796800901759
1025.0	14268.53794027927	-2471.768371893307
1026.0	14219.494632153095	-2450.401551437215
1027.0	14227.042996491678	-2504.705559546703
1028.0	14177.717486169342	-2490.5205653076678
1029.0	14097.342772635495	-2611.2079253306097
1030.0	14184.74584745988	-2544.6141156565404
1031.0	14166.29515782315	-2523.618252462184
1032.0	13866.591010538315	-2507.8321845574446
1033.0	13780.380769237896	-2491.2945698181543
1034.0	13837.337550338945	-2525.721751206267
1035.0	13811.541965337994	-2476.2029460331432
1036.0	13812.852268185487	-2511.6541653334007
1037.0	13776.489879323863	-2455.0830853538478
1038.0	13761.038638832006	-2489.056336023133
1039.0	13299.231947160872	-2137.9448483989545
1040.0	13327.76390277719	-2188.0179982770214
1041.0	13323.58471438565	-2106.1532290359532
1042.0	13300.835905870292	-2173.1588062799515
1043.0	13278.709651856048	-2138.6960943700137
1044.0	13247.971381510879	-2117.9403943293446
1045.0	13242.031547491979	-2136.203524849017
1046.0	14606.906726635496	-2178.606677434305
1047.0	14538.734534185998	-2212.257179681466
1048.0	13279.38274763681	-2103.4009075204
1049.0	13302.702843347788	-2115.9502237512943
1050.0	13310.519261290568	-2154.5653280671736
1051.0	13374.543534002272	-2106.0122179854056
1052.0	13340.037141305518	-2171.304721168682
1053.0	13339.813899900175	-2125.7953983660923
1054.0	13849.411921717088	-2508.2612800044285
1055.0	13790.884107823438	-2476.6075195080716
1056.0	13991.892394495873	-2096.8701165069374
1057.0	13784.853149154844	-2435.694005987958
1058.0	13822.011718497932	-2493.3995059387853
1059.0	13841.63524512365	-2489.897056044208
1060.0	14040.974621747717	-2098.646597247565
1061.0	14090.111850316354	-2100.5512459277775
1062.0	14043.163640426841	-2577.177387593965
1063.0	14207.822647213523	-2481.14735422646
1064.0	14211.074193583268	-2153.0214460476514
1065.0	13901.802910469652	-2499.6074789836425
1066.0	14337.309298472523	-2112.1053277391675
1067.0	14212.54429272015	-2121.5485190420623
1068.0	14261.916018140726	-2123.804053249675
1069.0	14311.645308879664	-2126.3541780333167
1070.0	14362.108922133046	-2130.726999917911
1071.0	14411.266110770046	-2134.0057837621257
1072.0	14460.342313672469	-2135.301182532899
1073.0	14535.079548599462	-2120.710885568287
1074.0	14509.528330912188	-2135.844907207987
1075.0	14568.262135644347	-2211.98438990527
1076.0	13418.727893081474	-2100.6857465187936
1077.0	13359.408006661703	-2127.267805757207
1078.0	13375.243717556703	-2157.6393429770637
1079.0	13398.317369538285	-2118.841114677813
1080.0	13453.573671447477	-2192.7724141651547
1081.0	13443.234240660806	-2115.539838935317
1082.0	13443.665945890782	-2145.0429378752056
1083.0	13419.61561738482	-2163.058929773351
1084.0	13489.816816882754	-2152.63159133595
1085.0	13489.388499410503	-2114.0215539408823
1086.0	13605.345697611643	-2091.7167412216363
1087.0	13466.547770614832	-2166.126430040787
1088.0	13457.012505872948	-2211.5662807894746
1089.0	13537.327441694986	-2144.34236602054
1090.0	13652.696422209288	-2091.199742562207
1091.0	13535.215476853691	-2111.25448116774
1092.0	13524.269627544005	-2202.570748343849
1093.0	13512.184564682335	-2229.425737083893
1094.0	13606.608553344813	-2155.3289363220497
1095.0	13582.193708121098	-2108.1838975657747
1096.0	13700.332553181479	-2090.970285950025
1097.0	13562.564259214669	-2264.594056440798
1098.0	13647.790790972518	-2321.5440283401063
1099.0	13629.178529370527	-2107.4072624380487
1100.0	13748.384127210637	-2091.0512056460716
1101.0	13676.478675146018	-2107.096354655297
1102.0	13723.943571357835	-2138.901644205693
1103.0	13601.401348921097	-2290.9369606207606
1104.0	13724.182827708877	-2106.9115700937523
1105.0	13653.578306284113	-2343.1268589173524
1106.0	13771.758908133032	-2139.0219539988216
1107.0	13772.26545050979	-2107.1672567840246
1108.0	13711.111048813329	-2320.1264380651623
1109.0	13822.030566460986	-2452.5664764396242
1110.0	13694.146597831632	-2350.299195643664
1111.0	13820.57605638762	-2107.930354929326
1112.0	13868.28997027778	-2140.6722095499813
1113.0	13819.90272256058	-2139.643060754573
1114.0	13751.722750118095	-2406.2217128852326
1115.0	13869.149248808419	-2109.0060328022605
1116.0	14150.530837966917	-2414.3630676353746
1117.0	13917.932913765433	-2110.326187497027
1118.0	14114.026813648752	-2117.2913393188683
1119.0	13966.83488258198	-2111.825134296197
1120.0	14015.82717444413	-2113.505280855996
1121.0	13990.448144808304	-2547.9922259260616
1122.0	14064.896763697287	-2115.332400822448
1123.0	14163.243940688597	-2119.3734279477267
1124.0	14159.15746378032	-2468.8875203429875
1125.0	14119.085402011284	-2502.386897686573
1126.0	13969.179539082352	-2516.6872271368675
1127.0	14028.689255143086	-2551.7916606019407
1128.0	14090.566877358515	-2554.7492845445554
1129.0	14071.635827521086	-2577.6998052773497
1130.0	14140.20496219796	-2584.2058165426083
1131.0	14249.761301309105	-2445.929443005904
1132.0	14260.625966813837	-2155.597758830911
1133.0	14112.740586181966	-2148.9033490814236
1134.0	14260.571936362407	-2418.138054736799
1135.0	14310.153084560114	-2157.7747236783803
1136.0	14241.971691313134	-2391.907518452252
1137.0	14300.274939307055	-2389.0391687434026
1138.0	14339.921981776839	-2359.8293507861267
1139.0	14320.76312570464	-2332.8796921757635
1140.0	14361.62582531722	-2162.843745945069
1141.0	14379.640232342936	-2330.6158236365904
1142.0	14359.959810590817	-2304.8841416812857
1143.0	14412.70025834183	-2170.9009112992157
1144.0	14419.156078791377	-2300.6098763151
1145.0	14400.122492321943	-2274.4982310681635
1146.0	14459.87688494965	-2165.9823495252263
1147.0	14458.579616148405	-2271.009569234449
1148.0	14438.096043535103	-2242.278565100003
1149.0	14508.459374431208	-2170.8477434848214
1150.0	14498.087624328999	-2240.0644194227357
1151.0	14479.079762043259	-2215.911309626695
1152.0	14556.893082792798	-2165.2382286636744
1153.0	14530.471814301649	-2183.1428391708055
1154.0	13894.980135213109	-2524.491058820571
1155.0	13883.437112888942	-2488.709682023445
1156.0	13513.820160416057	-2168.0340185682335
1157.0	13575.605852899076	-2237.646808531501
1158.0	14484.487955097999	-2185.37450195277
1159.0	14448.44879600801	-2216.4616200119285
1160.0	14437.023278090011	-2185.566230395441
1161.0	14408.86881036639	-2243.761842350362
1162.0	14388.364012555177	-2185.269723410412
1163.0	14370.164024911506	-2276.7781209774926
1164.0	14357.9332223881	-2225.389589301515
1165.0	14281.634373738372	-2363.306443870267
1166.0	14318.789467558274	-2251.473090920372
1167.0	14330.314726361117	-2305.364262276211
1168.0	14199.927148628767	-2426.7034105655034
1169.0	14291.643532191634	-2334.562330101975
1170.0	14252.578718148463	-2364.606533208103
1171.0	14161.830583013862	-2150.8503379707395
1172.0	14040.889013026332	-2522.868224052753
1173.0	14136.235481522817	-2529.6265561036885
1174.0	14074.294448147519	-2525.303430311982
1175.0	14023.153058768119	-2494.0700901570226
1176.0	14063.619963329313	-2146.87627365238
1177.0	14014.62484857813	-2145.0736646832393
1178.0	14233.529089816191	-2339.640982387553
1179.0	13965.741018325001	-2143.4347932023647
1180.0	14160.844418959166	-2381.4721736450597
1181.0	14087.548822481594	-2163.7071285202646
1182.0	13916.936024972652	-2141.9642034244393
1183.0	14038.495495513744	-2161.7588539047406
1184.0	13961.63977133458	-2238.577078002924
1185.0	13989.596204372894	-2160.048159240349
1186.0	13753.883636379445	-2351.8425009121893
1187.0	13940.805030482295	-2158.515442923677
1188.0	13892.124746685835	-2157.143748523995
1189.0	13843.444664296076	-2186.87533524696
1190.0	13854.649884004679	-2466.4780950420554
1191.0	13971.573893155224	-2463.6939296945347
1192.0	13843.682547854844	-2155.993399508223
1193.0	13760.531902258808	-2293.5859895474773
1194.0	13666.068343744526	-2297.300488816553
1195.0	13741.50795454837	-2320.597994235122
1196.0	13697.758301712385	-2293.669339428669
1197.0	13622.731378671238	-2265.061706854445
1198.0	13794.942577073552	-2187.0925025221386
1199.0	13795.49495377769	-2155.2347821113813
1200.0	13725.271251660239	-2243.6284968159775
1201.0	13653.062183304593	-2267.0300740636426
1202.0	13699.16163989495	-2189.622427740827
1203.0	13558.583852767137	-2208.405514292343
1204.0	13703.732553859876	-2259.800255380838
1205.0	13747.638328482835	-2154.89597697281
1206.0	13621.145822408624	-2207.291698516486
1207.0	13674.643949321073	-2242.6893651471128
1208.0	13699.477399449044	-2156.243965181102
1209.0	13608.50160575874	-2237.439498125427
1210.0	13629.419198057074	-2140.505149656104
1211.0	13572.218131940092	-2186.155510058434
1212.0	13648.772022488882	-2194.4477153931784
1213.0	13561.41118799589	-2156.6290915622462
1214.0	13601.884348721915	-2185.249004688651
1215.0	14386.2675635806	-2217.8389819661284
1216.0	14333.7378233826	-2205.6192042121197
1217.0	14335.333977337146	-2175.6426194113888
1218.0	14273.031413037585	-2308.8348899982375
1219.0	14284.6160110652	-2172.4634089520096
1220.0	14308.485819713365	-2221.5098102930638
1221.0	14235.199751483122	-2170.22235039848
1222.0	14136.61483356706	-2165.6783978514673
1223.0	14233.713618328338	-2201.739425159157
1224.0	14183.897791891388	-2199.4517374129537
1225.0	14185.72304273198	-2167.6785059327176
1226.0	14211.593572735504	-2396.000765849645
1227.0	14086.422165571028	-2195.3640790670174
1228.0	14088.919758580741	-2500.1741509259246
1229.0	14169.695141300175	-2435.8161683900676
1230.0	14038.654571374302	-2467.004161055215
1231.0	13926.463978131651	-2492.902264263254
1232.0	13787.15560196634	-2357.895286282099
1233.0	13939.713192918549	-2190.2577607051667
1234.0	13879.272662948744	-2465.719816468277
1235.0	13773.861428814265	-2409.0139905109645
1236.0	13845.514958501954	-2446.3440753431137
1237.0	13841.936024385797	-2393.0350020485025
1238.0	13809.73597877741	-2433.581970548663
1239.0	13817.345860629603	-2403.3967522557364
1240.0	14350.576001763447	-2253.592339595078
1241.0	14280.568686666107	-2276.9269826935274
1242.0	13791.354566628224	-2302.2630685938543
1243.0	13794.962694025564	-2387.8187117834636
1244.0	13988.457261437909	-2191.7318116625784
1245.0	13896.314854209268	-2442.0595691009144
1246.0	13857.810534574572	-2416.997819244918
1247.0	13938.534550781975	-2465.9062142429743
1248.0	13883.987651337824	-2413.4715915764973
1249.0	13936.160913833339	-2254.724983366161
1250.0	14111.687175827587	-2447.5660843359033
1251.0	13986.02505922939	-2437.0673725717393
1252.0	14135.633413765934	-2198.312072911439
1253.0	14084.35281888463	-2258.8333312741547
1254.0	14259.068722766851	-2220.8733354055407
1255.0	14207.762809587895	-2216.3117522885636
1256.0	14181.812471459003	-2317.988343060421
1257.0	14308.732406476634	-2275.138992897713
1258.0	14284.544900173001	-2206.2219107659625
1259.0	13671.997847184975	-2210.6249028279385
1260.0	13747.356956510506	-2188.131001702532
1261.0	13723.346439831412	-2205.515131495141
1262.0	13770.925159456563	-2204.1146991393007
1263.0	13752.108709759	-2259.0125701482048
1264.0	13773.752100876232	-2236.882902264137
1265.0	13821.62153936075	-2231.6752511961363
1266.0	13891.308612622168	-2189.101252790773
1267.0	13853.616538669738	-2359.7936544416866
1268.0	13819.112462297671	-2202.382716904067
1269.0	13867.235952655343	-2203.511649555496
1270.0	13845.48126242814	-2248.789032327272
1271.0	13898.958918884528	-2387.625137903827
1272.0	14037.246881018325	-2193.416200095242
1273.0	13915.028053345239	-2205.664025472707
1274.0	14063.121159808834	-2415.50355933495
1275.0	13963.510237826275	-2206.8607634060845
1276.0	14012.237291147729	-2208.41466329597
1277.0	14181.965644396712	-2264.693818012773
1278.0	14159.023912372146	-2215.2572445109477
1279.0	14061.244691923324	-2210.190570389634
1280.0	14134.843720711788	-2266.5944045650563
1281.0	14110.632509470275	-2213.1939746881476
1282.0	14121.095280352054	-2420.254954843811
1283.0	14010.08964888942	-2240.963399496379
1284.0	14130.585055922595	-2474.7455490803873
1285.0	14071.015836065735	-2470.6730155648875
1286.0	14191.67514639916	-2372.222629683895
1287.0	14205.984240577556	-2245.7419311931844
1288.0	14203.00363664452	-2343.1638314659517
1289.0	14257.506693164789	-2253.027716985052
1290.0	14243.972626252049	-2312.613452945979
1291.0	14224.37622643172	-2291.0018142995054
1292.0	13923.79320416552	-2441.2157618315646
1293.0	14055.670435552185	-2303.511050013724
1294.0	13805.602584504682	-2335.3278586514075
1295.0	13800.2785955563	-2249.153239939045
1296.0	13889.154321097636	-2254.4733236431694
1297.0	14230.373019715937	-2263.3239856432883
1298.0	14192.741524810348	-2292.853855335549
1299.0	14158.87033388781	-2251.0691462061463
1300.0	14141.90855981151	-2359.3727162706123
1301.0	14151.548122065991	-2324.947683903916
1302.0	14109.99639490046	-2245.6644046465663
1303.0	14103.257950533503	-2310.778058994681
1304.0	14059.811459806739	-2241.189392638353
1305.0	13940.532844176147	-2411.081285141799
1306.0	14033.666006643429	-2256.96375854437
1307.0	13984.439152687906	-2255.9968624598264
1308.0	13976.811116597544	-2288.6121212125327
1309.0	13852.253315748336	-2302.522786890721
1310.0	13913.346240751722	-2238.4149335368616
1311.0	13881.893708704067	-2289.382744204448
1312.0	13866.763473724328	-2236.1328123437384
1313.0	14130.926519785835	-2301.5602654380473
1314.0	14015.773331139439	-2383.0220456566644
1315.0	14019.305863395748	-2438.2198889677707
1316.0	13884.462316405217	-2357.9100179654315
1317.0	13928.025761766597	-2386.0786387384783
1318.0	13928.779717898798	-2286.2250551707157
1319.0	13898.704432423614	-2304.8244259026956
1320.0	13969.725356866766	-2409.145180430414
1321.0	14001.141831985513	-2305.752522149332
1322.0	13809.457868808482	-2279.959986869489
1323.0	13837.727485587558	-2335.277977504789
1324.0	13838.231716845718	-2280.269586312975
1325.0	14082.283599401271	-2445.706297581052
1326.0	14101.864436129079	-2393.31096219272
1327.0	13900.064436857792	-2335.143056927472
1328.0	13945.403675304266	-2354.786709007132
1329.0	14081.531575443623	-2288.981124749279
1330.0	13986.274803677816	-2381.6337372517687
1331.0	14094.335127598437	-2340.1123787997744
1332.0	13946.630539309679	-2302.6924085601845
1333.0	13931.93895287477	-2333.5662471345204
1334.0	14063.935843510355	-2335.048184256858
1335.0	13974.460204524863	-2352.277912231806
1336.0	14032.346225829882	-2289.137622444617
1337.0	13999.5270077734	-2332.753885161225
1338.0	14026.490216832653	-2353.784060634473
1339.0	14112.364134596288	-2365.3196176098363
1340.0	14032.504688494744	-2411.6860052313405
1341.0	14073.293892012176	-2390.41935343871
1342.0	14053.394306391301	-2357.3638143129097
