1.0	11678.038649284885	-1950.1669638093408
2.0	12452.229184564048	-1894.1371713982198
3.0	12914.639745952487	-2006.421943350814
4.0	12917.15263169386	-2015.1523019560188
5.0	12928.812827647156	-2024.7986212003177
6.0	12952.449624962444	-2043.9207663457598
7.0	12976.20910837527	-2062.3928129822475
8.0	12765.617742428038	-2542.7519773425033
9.0	12646.876565510473	-2666.94238712153
10.0	12956.565900550797	-2694.6071126666634
11.0	13055.665762764913	-2143.9642520858692
12.0	12768.646004471628	-2854.0942940733366
13.0	13133.212917704048	-2226.454483252477
14.0	13094.91756657914	-2162.71282143172
15.0	12777.075822149687	-1877.5050296711072
16.0	13120.152250395511	-2188.251393699022
17.0	13192.690009095944	-2227.989499896776
18.0	13245.273468182912	-2242.9622287128927
19.0	13232.733289554946	-2234.6496990478468
20.0	13201.046982296857	-2233.535375706511
21.0	13220.192337685357	-2226.3386309010725
22.0	13286.242238376004	-2276.36384122416
23.0	13298.731198542766	-2284.749251611617
24.0	13382.63882956674	-2335.161840270737
25.0	13290.95073265227	-2301.930292689001
26.0	13332.792691737828	-2301.488742316495
27.0	13407.5310713957	-2352.0665157070403
28.0	13345.272525692104	-2309.8939759683217
29.0	13320.306968409554	-2293.0891161476943
30.0	13410.886033579127	-2360.5131310080073
31.0	13423.331583938598	-2368.9674790240347
32.0	13435.775497505005	-2377.422881451134
33.0	13460.663003603417	-2394.330550712139
34.0	13492.426373272809	-2430.4453912020813
35.0	13279.571920599454	-2758.2263972084147
36.0	13531.821160504905	-2456.9061811341035
37.0	13390.1196015007	-2826.0601012890056
38.0	13382.708998037255	-2900.0739793836615
39.0	13553.6389504962	-2546.3750288869464
40.0	13581.454208096206	-2498.222259292628
41.0	13673.160369456376	-2536.996089537646
42.0	13638.605405328204	-2820.298805018003
43.0	13534.991173398434	-2911.299340553692
44.0	13666.443571798052	-2921.831400453993
45.0	13786.659317730568	-2682.7486541440285
46.0	13876.977130620442	-2665.6747783492347
47.0	13780.01461898839	-2931.191009973336
48.0	13980.36130837509	-2727.5788615236543
49.0	13879.156337326067	-2939.207920242101
50.0	14013.422188395607	-2760.6595505367654
51.0	13965.812752065152	-2947.2163794666053
52.0	14049.51486096392	-2849.2613015591573
53.0	14097.61817932402	-2795.5586479145045
54.0	14041.30684254477	-2953.1008214949466
55.0	14163.204667083008	-2832.6136704031555
56.0	14107.836021735115	-2957.4809056206577
57.0	14215.772220545667	-2861.939202623837
58.0	14166.266119068989	-2960.7183936994566
59.0	14227.221769917807	-2881.4106915072534
60.0	14255.260080258391	-2883.8218654503603
61.0	14217.555074545397	-2964.5017695219535
62.0	14294.860479902958	-2905.6034469096226
63.0	14262.484065390445	-2968.3435222209177
64.0	14301.466331776575	-2971.502591579238
65.0	14356.700282479314	-2933.6291810352814
66.0	14336.102805260432	-2974.107701929364
67.0	14367.094314142907	-2975.4737100201733
68.0	14380.670843921083	-2983.32824766764
69.0	14409.552884392999	-2962.4081030730263
70.0	14405.080031457468	-2983.9159623096634
71.0	14428.731038215556	-2983.0035000757157
72.0	14446.03378474826	-2985.395368199033
73.0	85.12241041908511	-2904.289074683711
74.0	192.0297942020537	-2791.1206388610826
75.0	96.66293010522115	-1954.4336395393213
76.0	1014.5991250452162	-1950.7044166778778
77.0	1884.348012179068	-1952.077806793113
78.0	2028.692177986076	-2045.3389937808017
79.0	2318.5563510416446	-2045.916155989845
80.0	2608.840399906168	-2046.4891019144118
81.0	2900.7548313169696	-2046.8604928082732
82.0	3193.174847816778	-2047.0867514580568
83.0	3484.510421996107	-2047.3958457504702
84.0	3775.4529410258788	-2047.7606116803336
85.0	4066.35234059544	-2048.204195445262
86.0	4357.224573747005	-2048.6901717720693
87.0	4648.075951332728	-2049.2000417045397
88.0	4938.908656578045	-2049.715031886046
89.0	5229.70950832305	-2050.22834258488
90.0	5520.5152348108895	-2050.768666212467
91.0	5811.263649581364	-2051.423896514763
92.0	6099.736966587147	-2052.375523900125
93.0	6383.333621924346	-2046.639610477638
94.0	6666.083393984103	-2047.1510149272924
95.0	6952.380254420437	-2053.9810209927555
96.0	7241.584484337008	-2054.075617791624
97.0	7532.068350880932	-2054.2784562957117
98.0	7822.647469913973	-2054.4921546431356
99.0	8113.2531913491985	-2054.6876680334644
100.0	13257.811012590557	-2251.278886088195
101.0	13357.770695348898	-2318.275450140122
102.0	14461.815307461673	-2987.786558810702
103.0	12892.528061315274	-1986.5244447826983
104.0	11787.645615498617	-2017.421083302613
105.0	12113.713356195878	-1959.8381390870088
106.0	12973.324310338225	-2053.7509286085337
107.0	13145.042310892224	-2176.268234163461
108.0	13003.625767788448	-2872.656683758573
109.0	13482.183843156306	-2402.8169546671293
110.0	13619.42363952926	-2495.403663142446
111.0	13732.776226606022	-2569.6074562104654
112.0	13834.697287272473	-2633.7828790262643
113.0	13924.71579142835	-2688.5893184480515
114.0	14002.39550476087	-2734.646483809503
115.0	14067.503467069162	-2772.4452200071937
116.0	14132.867572366698	-2809.7345706155224
117.0	14185.365550706929	-2839.2325624170808
118.0	14237.958825293483	-2868.47922170266
119.0	14277.505633905537	-2890.3083318141894
120.0	14317.089591507569	-2911.991917006653
121.0	14343.5412765655	-2926.2974498080316
122.0	14369.951258049803	-2940.715423016094
123.0	14393.02616298497	-2957.037148996111
124.0	14422.468354643168	-2973.44426055922
125.0	14438.11663798025	-2978.2264202857514
126.0	14452.99716773456	-2983.007239419508
127.0	375.285590149072	-2875.2608936767665
128.0	691.9638321741774	-2893.381394721349
129.0	997.9662149770478	-2894.614513792838
130.0	87.40238257381618	-2307.7253356749243
131.0	233.21003330369672	-2042.9432283125068
132.0	1296.814001645178	-2894.621687738641
133.0	1595.6617200027194	-2894.578595058032
134.0	1449.0019706125943	-2044.1615367664274
135.0	1894.521358587673	-2894.685915154943
136.0	2193.3573526307573	-2894.6590624299556
137.0	2492.2139730225713	-2894.693062806122
138.0	2791.0715449264258	-2894.7261674715332
139.0	3089.9479083606843	-2894.837874661412
140.0	3388.8167846798874	-2894.9071176816174
141.0	3687.6754546454144	-2894.943710318286
142.0	3986.533528909052	-2894.9825308518725
143.0	4285.3942401628665	-2895.0229813040028
144.0	4584.252979324171	-2895.055986141977
145.0	4883.110337991624	-2895.0844930366216
146.0	5181.966701212765	-2895.1095095754936
147.0	5480.823228044298	-2895.136403725293
148.0	5779.6795090419955	-2895.1607201415977
149.0	6078.536362366957	-2895.18474324297
150.0	6377.3981857056015	-2895.2112557181645
151.0	6676.259963060352	-2895.237418499608
152.0	6975.121657519507	-2895.263099662198
153.0	7273.9832492791575	-2895.2883169928623
154.0	7572.844709336147	-2895.3130936363646
155.0	7871.706068781572	-2895.3375241961917
156.0	8170.567490347142	-2895.3620526023933
157.0	8469.429159437621	-2895.3870651031616
158.0	8768.29076038281	-2895.411826513648
159.0	9067.152338363332	-2895.436466659103
160.0	9366.014145749588	-2895.4618533973935
161.0	9664.861820345368	-2895.455948690395
162.0	9963.671328128197	-2895.3829552620537
163.0	11457.953886769164	-2895.345718069047
164.0	10262.521378997044	-2895.378264631229
165.0	10561.437159910603	-2895.500902115707
166.0	10860.312989342907	-2895.5174691943735
167.0	11159.16543044412	-2895.4801347829984
168.0	11018.921568121268	-2057.373669304234
169.0	11757.824959805213	-2894.136257950519
170.0	12419.029684562454	-1921.7116611350286
171.0	12055.859248742512	-2895.6388914474633
172.0	11964.186242664184	-1986.2038655938834
173.0	12355.90294605334	-2908.871150243928
174.0	12902.91216026402	-1996.5644491855373
175.0	12487.866502345976	-1913.3087812446913
176.0	12545.189011347726	-1906.3243539190416
177.0	12592.980980256836	-1900.6370362185119
178.0	12884.70487788594	-1985.3092083337433
179.0	12784.931422783839	-1885.9717707605223
180.0	12743.912704422597	-1877.0575674728561
181.0	12725.463659143075	-1877.9520099679305
182.0	12759.016679646114	-1875.8843137236172
183.0	12703.814040420608	-1879.3717101963648
184.0	12786.335452498339	-1893.2211843199511
185.0	12795.197938934865	-1901.7685087322914
186.0	12678.687544266953	-1880.5916164847583
187.0	12812.848524861301	-1918.660763547772
188.0	12648.649261947294	-1882.5533770659688
189.0	12866.563242139302	-1968.867837715358
190.0	12875.628182225279	-1977.0551762032812
191.0	11435.928598535798	-1957.2644489675397
192.0	12284.406074007153	-1904.3842374832377
193.0	12949.642895676456	-2035.250610240608
194.0	12997.301553284886	-2072.0512497071827
195.0	12855.848028551658	-1953.3251731131188
196.0	13009.39468808388	-2081.0920776687976
197.0	12498.297498595812	-1959.0878870719346
198.0	12926.192421849308	-2016.0627779158574
199.0	13021.5164414579	-2090.032310203685
200.0	12861.835045823804	-2013.8942967046526
201.0	12937.892917827705	-2025.6570086716076
202.0	13033.7380606551	-2098.9200147788483
203.0	12940.588799008785	-2034.4970966208555
204.0	12636.233119510427	-2919.339759380538
205.0	13045.956964940839	-2107.6966596167977
206.0	12961.505534604325	-2044.4741738598107
207.0	12956.015636771304	-2061.44994554096
208.0	12909.40875370227	-2024.2178336079505
209.0	13058.200159364495	-2116.4366421398076
210.0	12985.302581136275	-2062.959962695239
211.0	13070.502160325632	-2125.142557085599
212.0	12988.227177677545	-2071.565018224899
213.0	13082.884670013065	-2133.796572559735
214.0	13000.298850409841	-2080.6497954037336
215.0	13095.257655953208	-2142.355125129777
216.0	13012.435832677222	-2089.660336393324
217.0	13107.64745709018	-2150.8869786462114
218.0	13024.647532256686	-2098.590552542532
219.0	13120.084110644617	-2159.3951575603373
220.0	13036.906238446876	-2107.42590657918
221.0	13132.56653322246	-2167.859909346167
222.0	13049.139919467636	-2116.1781441444596
223.0	13157.529191099076	-2184.658599140821
224.0	13061.413565162393	-2124.920095982228
225.0	13170.045178340899	-2193.0361968849734
226.0	13073.78679075261	-2133.632327211148
227.0	13182.581174392437	-2201.3862228682124
228.0	13086.194594908535	-2142.2492130773003
229.0	13195.114226666114	-2209.7093046482582
230.0	13098.576549752985	-2150.7916970071647
231.0	13207.651915552005	-2218.025877582174
232.0	13110.992238429448	-2159.3272864481087
233.0	13123.473767918267	-2167.8349519072394
234.0	12889.253250715214	-2924.720316372281
235.0	13130.259021209908	-2186.7573750672655
236.0	13030.542045926188	-2117.7923803931517
237.0	13395.08614617316	-2343.612646486347
238.0	13157.21759731553	-2213.168741128729
239.0	13135.970745259185	-2176.2776219672814
240.0	13176.491719006184	-2217.58837903638
241.0	13160.955073181205	-2193.0707366227234
242.0	13179.687244876348	-2227.3988647345373
243.0	13173.493089349455	-2201.446521364822
244.0	13270.321316078776	-2259.6002556217345
245.0	13186.03635471962	-2209.785127939418
246.0	12811.37310572881	-1911.3659617850924
247.0	12770.851303912938	-1875.0293013001376
248.0	13282.82416989439	-2267.9505267874906
249.0	13198.57235517227	-2218.1031909074595
250.0	13268.588301982289	-2287.1819694405785
251.0	13265.287898146567	-2276.892441959175
252.0	13248.724433669448	-2251.3667946757732
253.0	13227.970523119313	-2259.904858923359
254.0	13211.109887594039	-2226.4195851392124
255.0	13236.18646767088	-2243.0503048409714
256.0	13288.765018404838	-2292.3192306121177
257.0	13273.725740641268	-2268.0200345147373
258.0	13217.545841200816	-2244.6360466406036
259.0	13223.648218569882	-2234.735054484818
260.0	13370.190961140028	-2326.7197383863017
261.0	13295.353103985466	-2276.294375799642
262.0	13367.480709985406	-2345.2906819810382
263.0	13307.817168151634	-2284.702198461057
264.0	13457.299388021107	-2385.900096677499
265.0	13309.683198886623	-2314.544166221324
266.0	13373.550579232135	-2335.160631393232
267.0	13323.68204298689	-2301.5532469515383
268.0	13351.587614715449	-2334.4665476903483
269.0	13348.681189737194	-2318.316805969121
270.0	13207.679737742505	-2803.484156546834
271.0	13385.994973833498	-2343.6073427674514
272.0	13336.1713428834	-2309.949648229695
273.0	13331.993944932305	-2329.4519596461305
274.0	13392.224508531093	-2361.9884746940074
275.0	13398.441097263087	-2352.0599652507753
276.0	13311.190902534625	-2293.1622072295054
277.0	13319.958528825395	-2313.350181797725
278.0	13494.62769496619	-2411.2721938710633
279.0	13296.147818634432	-2941.9793249326303
280.0	13419.974865906583	-2360.5234129667274
281.0	13207.992821719221	-2661.8919135035608
282.0	13507.073676193488	-2419.7237806467533
283.0	13432.418003496374	-2368.9820688064374
284.0	13425.490619175225	-2384.632746332158
285.0	13519.52619663672	-2428.1716797878903
286.0	13444.858593085903	-2377.442290503047
287.0	13531.980941891024	-2436.613134747759
288.0	13448.21917831074	-2385.8774351083716
289.0	13456.941290141693	-2405.966665267646
290.0	13544.439052641166	-2445.0490035882685
291.0	13469.740693019034	-2394.3587990955853
292.0	13465.238827575291	-2411.60021821254
293.0	13106.938407532807	-2937.931150314424
294.0	13657.057195257315	-2520.3481671319864
295.0	13556.907965037552	-2453.4800426517327
296.0	13473.107641836834	-2402.7853415333084
297.0	13569.400362684195	-2461.8989872019965
298.0	13497.99819649382	-2419.691657291372
299.0	13581.887493204815	-2470.290547599688
300.0	13510.448965204494	-2428.142258182338
301.0	13594.380236372255	-2478.6731283731665
302.0	13522.903700135876	-2436.5894702563623
303.0	13606.91878605235	-2487.0189396031933
304.0	13535.357919920572	-2445.0324171276047
305.0	13560.082537662436	-2484.118153478335
306.0	13547.820093906703	-2453.474549248869
307.0	13631.95396987992	-2503.730061469992
308.0	13560.309116525968	-2461.910437244496
309.0	13644.492227173308	-2512.0444550750376
310.0	13572.808335305468	-2470.3190395953884
311.0	13585.298772368638	-2478.7046322328574
312.0	13669.646419532555	-2528.6234375707218
313.0	13600.748866302876	-2503.1834134605847
314.0	13597.830834124332	-2487.059285565339
315.0	13460.050087547956	-2948.136302236781
316.0	13540.128367644313	-2462.539831134211
317.0	13758.152996666686	-2585.8274094231165
318.0	13694.830051143617	-2545.0890445860005
319.0	13610.364204520598	-2495.432118568964
320.0	13707.46453900773	-2553.3007123120274
321.0	13635.412257813354	-2512.12216944427
322.0	13720.13029968196	-2561.432497323976
323.0	13647.968079203789	-2520.4387630800284
324.0	13666.6589821172	-2546.8711247884494
325.0	13660.560735184283	-2528.7376395459046
326.0	13745.44256920978	-2577.7245673076527
327.0	13682.233327082371	-2536.863975573245
328.0	13698.292781677375	-2575.2465516062657
329.0	13685.751721504594	-2545.228430697104
330.0	13770.877025716954	-2593.885554358275
331.0	13698.374059495889	-2553.457342638048
332.0	13783.602304192484	-2601.9106818875375
333.0	13711.048054312785	-2561.619724714093
334.0	13601.498884397239	-2953.223518127563
335.0	13717.02777181908	-2579.215181101615
336.0	13540.736104543728	-2846.0437716954225
337.0	13860.345950743083	-2649.579728933057
338.0	13796.337620998138	-2609.9191767132083
339.0	13723.715573505819	-2569.773098540825
340.0	13809.096278795274	-2617.944460979846
341.0	13749.062199738639	-2586.06253999977
342.0	13821.907014874016	-2625.861757708118
343.0	13761.79887517458	-2594.1538765185874
344.0	13784.12585774292	-2622.1379502840896
345.0	13774.533068115417	-2602.194835456538
346.0	13847.497206959846	-2641.6877768570153
347.0	13787.261498952319	-2610.2131615917647
348.0	13800.006540430491	-2618.258340978124
349.0	13873.191196225533	-2657.4246122331315
350.0	13813.113901621871	-2648.1211621956422
351.0	13812.810511227586	-2626.2386969313784
352.0	13724.055303626827	-2958.684670075009
353.0	13768.596971126311	-2612.993151592147
354.0	13937.623863615363	-2696.316997283758
355.0	13898.903778567388	-2673.051105475109
356.0	13825.629882968606	-2634.1409417311693
357.0	13911.814076346165	-2680.8457322112886
358.0	13851.257917266492	-2649.9683233134115
359.0	13878.018910283985	-2688.045051707735
360.0	13864.12326267785	-2657.84519393682
361.0	13887.096619783546	-2685.4524192658396
362.0	13886.043594809227	-2665.244527290666
363.0	13950.541654130475	-2704.030236887265
364.0	13889.831069096976	-2673.490480989722
365.0	13900.096424935167	-2700.990757089927
366.0	13963.507563358327	-2711.730398501026
367.0	13902.728301280868	-2681.3049903618444
368.0	13830.131334151325	-2962.5972836206806
369.0	13910.96062921893	-2699.858888968267
370.0	13784.428944873294	-2882.132097397269
371.0	14015.408580754925	-2742.255819408682
372.0	13976.460803067954	-2719.382396647851
373.0	13915.652719310005	-2689.0802737494346
374.0	13948.355046808885	-2729.9021243152197
375.0	13941.471177502819	-2704.536578955039
376.0	13989.670157089888	-2772.040728933858
377.0	13954.425790679365	-2712.2563702780026
378.0	14028.411311431708	-2749.8232758080794
379.0	13967.40252624039	-2719.9373625403155
380.0	13970.608163127863	-2735.3665588230083
381.0	14041.421409942743	-2757.3780852765562
382.0	13989.42183943055	-2727.0209570624393
383.0	13923.349509733505	-2966.7139020777236
384.0	13987.666512838136	-2745.5307202314048
385.0	14080.55202434855	-2779.9334632917635
386.0	14006.333507980331	-2742.8446813137657
387.0	14054.446745605399	-2764.920934637623
388.0	14030.897391648083	-2770.5046233845515
389.0	14019.356053208581	-2750.436734439733
390.0	14032.36351652185	-2757.9950319251916
391.0	14093.607389447649	-2787.409854704483
392.0	14039.576491219055	-2775.5442745931673
393.0	14045.3817195113	-2765.5491570029535
394.0	14004.233487897756	-2970.616501271212
395.0	14108.953640648426	-2815.257248471511
396.0	14119.784576675549	-2802.2799198364023
397.0	14058.434917368724	-2773.0928561841542
398.0	14098.792598942417	-2817.1707161899435
399.0	14084.552455315512	-2788.082094571333
400.0	14145.981994512345	-2817.0942857847817
401.0	14106.680086991915	-2794.875181626894
402.0	14159.086071920368	-2824.5311915897714
403.0	14110.722330444105	-2802.98229512602
404.0	14075.275974951672	-2972.607747560813
405.0	14158.606979300637	-2843.6458796934985
406.0	14147.660045509283	-2845.284838339303
407.0	14136.929900400215	-2817.818053538326
408.0	14198.505930449857	-2846.5577193082936
409.0	14150.04459188591	-2825.222437568922
410.0	14211.651637600631	-2853.873289606041
411.0	14172.25564277953	-2831.8603689038378
412.0	14137.684597641064	-2975.0048187842517
413.0	14171.377506035278	-2859.4684088547624
414.0	14111.359396797074	-2929.123427983934
415.0	14189.47920068788	-2847.31291371671
416.0	14141.593393313618	-2920.6827603334336
417.0	14202.624379354122	-2854.6277207708645
418.0	14251.118870903076	-2875.770127465592
419.0	14187.00193417599	-2921.2960357661427
420.0	14224.80298863162	-2861.1802187085923
421.0	14192.601262100905	-2975.852481499161
422.0	14196.68968521054	-2872.85575737511
423.0	14243.05566955677	-2897.826146735244
424.0	14228.92232087191	-2869.248289664191
425.0	14290.69689914051	-2897.5421542635727
426.0	14264.316781919712	-2883.0170103967826
427.0	14240.668021513004	-2978.794554563455
428.0	14220.278082575182	-2942.9581757657047
429.0	14289.377738034711	-2915.473594491681
430.0	14268.468709770961	-2891.1013208058807
431.0	14330.29065971022	-2919.208910618405
432.0	14303.891670622033	-2904.769913569506
433.0	14282.838279687981	-2979.6998084326133
434.0	14262.047967444696	-2950.0656440258094
435.0	14321.256432968172	-2920.0465294894225
436.0	14291.292053879559	-2942.001549187708
437.0	14341.100710911474	-2942.708167794796
438.0	14319.162431263243	-2981.9584850902706
439.0	14303.14578474372	-2955.0805848734576
440.0	14365.19873822688	-2957.294201327284
441.0	14352.100055383227	-2982.309178724467
442.0	14334.503276949114	-2927.1419506398074
443.0	14334.842891524597	-2960.9259677990945
444.0	14382.881030686849	-2947.6485620401945
445.0	14397.17303673241	-2965.1277355598945
446.0	14360.901340279712	-2941.581707524237
447.0	14370.648569737206	-2964.0364899722094
448.0	14383.722316475809	-2957.548287529608
449.0	14393.26873190309	-2977.0771957246543
450.0	14413.392074951162	-2974.358515917965
451.0	106.90738378296858	-2609.949717096259
452.0	724.6836857880579	-1950.266999735384
453.0	426.535893514139	-1945.8250706061401
454.0	1304.5148448833986	-1951.1658101144578
455.0	379.9056095887451	-2464.0823939910647
456.0	1159.1588086659615	-2043.5693234605171
457.0	1594.4310773075122	-1951.6251038167427
458.0	2174.2656980166503	-1952.5475118183715
459.0	2464.2009755503	-1952.9834428351107
460.0	2325.94113100031	-2233.9460478235746
461.0	2754.5385371968373	-1953.4489315758929
462.0	2619.154967885645	-2234.4240466482574
463.0	3046.1041972767653	-1953.683307561927
464.0	3336.947344012309	-1954.003664058631
465.0	3627.4285617717574	-1954.3208756872948
466.0	3917.878653357744	-1954.696903821449
467.0	4208.316751656981	-1955.0929332851777
468.0	4498.739676824972	-1955.511353981211
469.0	4789.156919558368	-1955.931277050603
470.0	5079.561172385952	-1956.3548179956717
471.0	5369.9465616190355	-1956.7730615823918
472.0	5660.355689189455	-1957.2236154562136
473.0	5950.683766705172	-1957.7567657176426
474.0	6238.817796510902	-1958.5037166745296
475.0	6524.269212358034	-1952.3493261281103
476.0	6328.055619032936	-2328.9503523958842
477.0	6811.5563588863215	-1959.3435949571385
478.0	7100.554863110031	-1959.507806026528
479.0	7390.749379118554	-1959.7666655889623
480.0	7681.027519969616	-1960.0391183635704
481.0	7971.3172884672595	-1960.3088377693402
482.0	8552.64963911649	-1961.1087829153114
483.0	8261.622031720506	-1960.5631055868544
484.0	8404.596751682768	-2055.159139346481
485.0	8843.579601881596	-1961.8899094924066
486.0	8696.565531528198	-2056.157469419079
487.0	9134.359253176846	-1962.820055525138
488.0	8988.286355272887	-2057.540268195951
489.0	9424.42175214349	-1963.0396174141554
490.0	9279.139715219115	-2058.3615022847453
491.0	9714.484285900817	-1963.2690940882474
492.0	9569.275957627424	-2058.4820670148997
493.0	10004.546710721472	-1963.5019678148408
494.0	9859.412125889745	-2058.6159435826303
495.0	10294.22858249238	-1962.8346687062865
496.0	10149.167632165649	-2057.853044367715
497.0	10583.812914392633	-1961.650216493633
498.0	10438.44504552115	-2055.6728192135524
499.0	10873.976641594463	-1961.276501412939
500.0	10728.20431430757	-2053.7861780872504
501.0	11304.692854980238	-2053.048783651761
502.0	13261.237988869167	-2259.683001744231
503.0	13361.137836030399	-2326.7126400791462
504.0	13174.149234463364	-2562.780794729726
505.0	12898.466927883856	-2023.9916411365732
506.0	12837.972838433068	-1936.6411386350417
507.0	12894.319502991913	-1994.9236712207558
508.0	11873.309340015245	-1937.5660163769217
509.0	12208.237769502717	-2814.612334324994
510.0	12173.655121182383	-1911.3711240108607
511.0	12336.248880169589	-1932.055055675497
512.0	12970.505367964006	-2081.7211993542824
513.0	12964.306099844624	-2053.119810538061
514.0	13138.578892259107	-2192.3567053430525
515.0	13148.451564740119	-2184.676429831717
516.0	13206.326993661982	-2889.8905704663243
517.0	13378.649839136882	-2360.8558783678113
518.0	13017.155085332952	-2774.2764749798444
519.0	13482.36930019926	-2431.840481760277
520.0	13485.552383916971	-2411.2392884816304
521.0	13616.959030554477	-2513.658801523185
522.0	13622.8777779502	-2503.80295732662
523.0	13732.957849428662	-2589.9119964073907
524.0	13736.365591083924	-2577.939892889075
525.0	13833.669278953821	-2660.7756561089786
526.0	13838.422498552422	-2642.0565155747495
527.0	13919.568145806685	-2705.0108667709596
528.0	13928.560825136597	-2696.8120459783677
529.0	13999.486547180248	-2760.2584477718847
530.0	13993.327682613322	-2735.215663605895
531.0	14082.787795491908	-2800.5910265001785
532.0	14071.499944119721	-2780.6017105084175
533.0	14123.826280014342	-2810.4136569666357
534.0	14134.469527480867	-2830.003534857277
535.0	14176.361106486855	-2839.9571337666416
536.0	14184.463246927664	-2858.9691241441146
537.0	14235.98489848348	-2886.289470273956
538.0	14242.073678132218	-2876.5547920753907
539.0	14280.57850716538	-2910.66134751167
540.0	14281.664500871402	-2898.3789216794235
541.0	14308.057755016125	-2912.825870921775
542.0	14314.942349461135	-2929.957469462553
543.0	14319.581970494552	-2952.354744254221
544.0	14347.703994096266	-2934.3596180868904
545.0	14356.639272180779	-2952.861268072447
546.0	14373.866178049202	-2948.4111995805083
547.0	516.0072252768167	-2780.17815821713
548.0	998.2719114984005	-2517.9803489438164
549.0	571.2419986708702	-2038.4481146756143
550.0	841.3250334956598	-2799.4951938649124
551.0	194.30976635678476	-2474.356193923959
552.0	563.5119816923883	-2223.931317343456
553.0	409.5453290042521	-2288.6239842535456
554.0	223.94948577229175	-2200.258939292071
555.0	869.3164398862841	-2042.9989869143976
556.0	841.7681132706239	-2611.0025835702604
557.0	1154.8549320196835	-2232.173295184693
558.0	1147.3245355375723	-2800.698719364025
559.0	1894.0473455855852	-2517.949544107741
560.0	1447.5504426205443	-2232.5159916677894
561.0	1446.156331519578	-2800.6260315065315
562.0	1890.3325436049854	-2328.346313785889
563.0	1738.8463475926012	-2044.745059612128
564.0	1744.999979418407	-2800.6534898001464
565.0	2192.7957165420025	-2517.9702747335796
566.0	2043.831903002779	-2800.697188049384
567.0	2481.9003234884426	-2328.9482794026862
568.0	2342.6608083940114	-2800.6675665778753
569.0	2913.5794370931726	-2234.8419017381325
570.0	2641.5112916460143	-2800.697902496766
571.0	2777.6777109525174	-2329.3652852395976
572.0	3207.500791289031	-2235.3658393214096
573.0	2940.3815179404614	-2800.8059452293687
574.0	3073.254746525221	-2329.9438043551386
575.0	3500.6173203143094	-2235.735935139528
576.0	3239.263048650258	-2800.950126316766
577.0	3367.380185802764	-2330.6228413110416
578.0	3794.1024039662684	-2236.0381449330266
579.0	3538.1268858913213	-2801.0191928509535
580.0	3662.1849230303487	-2330.9384983290456
581.0	4087.5505771383446	-2236.438073292263
582.0	3836.9799210768197	-2801.057836898521
583.0	3957.726352841038	-2331.208314921143
584.0	4380.958397328924	-2236.8741328622905
585.0	4135.834997550606	-2801.1003387615515
586.0	4253.248811781804	-2331.5107722224
587.0	4674.347739726555	-2237.330998848595
588.0	4434.6907389220605	-2801.13702492897
589.0	4548.745288800717	-2331.8262722154873
590.0	4967.722232426706	-2237.780620270239
591.0	4733.543127707152	-2801.161767538901
592.0	4844.242283800854	-2332.1278225788515
593.0	5261.0759886696615	-2238.199405792382
594.0	5032.393140552081	-2801.1785218497303
595.0	5139.741228581224	-2332.391469587367
596.0	5435.2884535602525	-2332.618335320864
597.0	5331.242321561089	-2801.193663415715
598.0	5554.490646405495	-2238.6428767434372
599.0	5848.028289343187	-2239.2136624958525
600.0	5630.0914203466555	-2801.2081048591317
601.0	5731.095740545883	-2332.887591968273
602.0	6028.011070018707	-2333.271038680072
603.0	5928.940845625649	-2801.2196752541226
604.0	6140.29963013886	-2240.100030881465
605.0	6432.008780894669	-2229.3617392176525
606.0	6227.79581324559	-2801.2334417080024
607.0	6618.095622849206	-2229.763652389655
608.0	6526.655704895319	-2801.249347841953
609.0	7024.045057176502	-2336.0464624541787
610.0	6825.515467665558	-2801.2644226633
611.0	7205.002417124301	-2242.411072401976
612.0	7124.375044840697	-2801.2785520338675
613.0	7498.07169756589	-2242.7160505986
614.0	7423.234387613673	-2801.291776885347
615.0	7791.176851445026	-2243.0192441254926
616.0	7722.093498072422	-2801.30421496599
617.0	8084.332633097508	-2243.279527342242
618.0	8020.95257003975	-2801.3164048093317
619.0	8378.284218686955	-2243.743111611595
620.0	8319.811951652133	-2801.329176593615
621.0	8672.820088316152	-2244.8140119848817
622.0	8618.671512644136	-2801.342181382183
623.0	8966.673918753282	-2246.003520442106
624.0	8917.530982526181	-2801.354813815437
625.0	9260.115250004872	-2246.9237557947345
626.0	9216.390658849297	-2801.3680715764963
627.0	9552.046435186616	-2245.910226414513
628.0	9515.236431787665	-2801.350784485101
629.0	9844.433093297832	-2245.1543964273083
630.0	9814.029905122608	-2801.2351172270737
631.0	11834.504947247604	-2195.7624146750313
632.0	11009.520340261404	-2801.24674076125
633.0	11014.981103748549	-2240.5230223579606
634.0	10136.609958314937	-2243.26478315126
635.0	10112.825754730618	-2801.1206640452215
636.0	10428.58631472809	-2239.312194464627
637.0	10411.727877469357	-2801.201841776188
638.0	11008.78519337854	-2610.968810627028
639.0	10721.386996585172	-2237.2955312530594
640.0	10710.65577877155	-2801.3042772166446
641.0	11308.297528643996	-2801.038220513236
642.0	11165.516230196745	-2337.6422215834014
643.0	11162.021052102222	-1965.5633521345615
644.0	11743.671255929677	-2308.4336626029035
645.0	11312.128497447478	-2241.978300046874
646.0	11568.472798358278	-2037.3666826654728
647.0	11608.093348961418	-2799.65757455807
648.0	11981.80173430335	-2100.1399207382874
649.0	12376.18789105	-1898.6177618997117
650.0	11907.135001891102	-2799.9139788138
651.0	11910.573595890897	-2605.0769705366497
652.0	12254.037529951564	-2025.3708236633295
653.0	12037.19768599687	-1919.156600196201
654.0	12211.663346540538	-2086.7861367162986
655.0	12431.736183663814	-1976.2872743864518
656.0	12223.517416721947	-2656.4572612767765
657.0	12501.225188873788	-2838.2778451793397
658.0	12236.448476033363	-1944.9247839879174
659.0	12429.658141717651	-2083.6387220046727
660.0	12599.909955023977	-1932.161412693408
661.0	12905.358219378375	-2005.3270931997013
662.0	12515.554006638144	-1890.294771403583
663.0	12829.068390992828	-1928.2391743435285
664.0	12568.181324847144	-1887.2191545696476
665.0	12612.168426531416	-1884.6627554876204
666.0	12885.230786527658	-2000.5782185513508
667.0	12638.856412944808	-1921.949893083048
668.0	12883.017689554297	-1977.9811664170795
669.0	12752.601326069946	-1881.5124213896952
670.0	12778.080174538247	-1884.3129884652635
671.0	12772.022056248747	-1891.6089778740989
672.0	12735.68650539517	-1883.5989639254983
673.0	12777.397152459862	-1897.7549727126916
674.0	12765.972540824025	-1889.240316588397
675.0	12765.80614087677	-1879.468598808592
676.0	12715.397325826883	-1885.9355450931744
677.0	12738.483052494688	-1896.4367756084605
678.0	12716.85157890777	-1901.9284817240448
679.0	12793.731222166612	-1894.4662897767969
680.0	12778.568466283054	-1906.273332015419
681.0	12802.550001408732	-1902.9186345745075
682.0	12632.650175028228	-1895.925045482736
683.0	12692.149137948007	-1888.6018019793282
684.0	12849.21369309028	-1973.3932343869571
685.0	12846.885181786916	-1944.9921717553273
686.0	12804.0221936616	-1910.2160516999904
687.0	12689.693906770784	-1908.9585135589653
688.0	12820.20358239074	-1919.8054202055828
689.0	12821.700461974813	-1927.1086672414804
690.0	12823.620799719421	-1942.3769674408984
691.0	12665.219007141231	-1891.8154505780574
692.0	12672.037951792112	-1912.1826671295537
693.0	12830.60391774427	-1935.5426915041446
694.0	12835.894215613507	-1953.7143467037865
695.0	12839.52615272234	-1943.9245303545692
696.0	12847.89913869709	-1964.8561115769717
697.0	12864.880945102292	-1961.6152912787886
698.0	12848.471702530705	-1952.274865066962
699.0	12857.496545597702	-1960.6088190363255
700.0	12866.535057521207	-1981.8588246097759
701.0	12860.4933970279	-1976.3984882828802
702.0	12873.933084444792	-1969.821690137549
703.0	14345.834931195592	-2953.2572912913965
704.0	14332.303025543415	-2937.8912944739623
705.0	12757.303735507716	-1891.2892771626691
706.0	12879.068088722075	-1993.9805832741858
707.0	12553.226714050586	-1943.772417940502
708.0	12921.183070898163	-2034.0529755767548
709.0	12756.753739665752	-1910.558593757068
710.0	12817.671888758023	-1936.7442564127662
711.0	12844.761990368968	-1995.2642700164633
712.0	12841.863924932355	-1959.2860120464509
713.0	12775.048233797728	-1956.3445405121886
714.0	12805.916331808585	-1925.9057392694224
715.0	12827.357783299389	-1953.2652309210127
716.0	12707.28132851846	-1935.2106985122161
717.0	12795.278010391155	-1923.0661131995264
718.0	12809.242816121228	-1936.6859850985195
719.0	12727.580539479355	-1937.4315716543358
720.0	12788.973483089781	-1909.0417625781731
721.0	12794.859291376664	-1914.671227392774
722.0	12751.411660959886	-1899.6722349287927
723.0	12702.81306232427	-1915.7213584068722
724.0	12801.831340367224	-1947.2616204140365
725.0	12784.866010300337	-1930.927002687802
726.0	12729.714459323479	-1906.7827582817633
727.0	12511.253372507186	-2703.1706467773306
728.0	12696.828227117367	-1955.6073154732978
729.0	12933.760250976125	-2044.5023476630577
730.0	12661.674444514756	-1928.9454412177772
731.0	12625.303639215133	-1942.2119795628284
732.0	12938.465981247356	-2056.686005839476
733.0	12583.148002317146	-1956.1915950660034
734.0	12042.151947705983	-2487.975596887112
735.0	12350.265626521481	-1997.4416188313874
736.0	11610.347208628447	-2606.33448797223
737.0	11313.482275938652	-2616.634859214814
738.0	11763.517413472038	-2505.976163087529
739.0	11587.246073254088	-2217.292050086617
740.0	11163.615030855915	-2520.798843350354
741.0	10710.00208478168	-2611.2891122910823
742.0	10858.92414847017	-2515.2243741345887
743.0	10863.21885949935	-2327.9352076324744
744.0	10410.99107665149	-2611.2194640324683
745.0	10560.046665102864	-2515.5033594464253
746.0	10567.13686587718	-2328.7989449105166
747.0	10112.348317097769	-2612.8134149305497
748.0	11462.13751589885	-2326.1193327837973
749.0	11465.39249373085	-2517.6192701847845
750.0	10261.307140546327	-2517.0886377728384
751.0	10271.812177848611	-2331.885782740906
752.0	9814.089414991222	-2613.9573472701127
753.0	9963.253400363961	-2519.7979361904213
754.0	9977.010004278847	-2335.452159443064
755.0	9516.003758050052	-2614.8654861796526
756.0	9665.688656476368	-2521.6928804279855
757.0	9682.275730868094	-2337.2357063325385
758.0	9218.321348580917	-2615.919632478001
759.0	9368.712161743599	-2523.5281159934507
760.0	9388.167764488435	-2339.030030323758
761.0	8919.83200719511	-2615.710138549686
762.0	9071.38405276388	-2524.3433522948567
763.0	9093.722351442999	-2339.8455612812827
764.0	8621.797836863288	-2615.7935615326564
765.0	8773.71810927089	-2524.21853139837
766.0	8798.221722149947	-2339.0097043043647
767.0	8323.329492330187	-2615.6107515399767
768.0	8476.07302433483	-2524.1200201999977
769.0	8502.591662908635	-2338.3492977462283
770.0	8024.820391704593	-2615.508631895935
771.0	8177.952852690039	-2523.835854635359
772.0	8206.388940473002	-2337.738937160746
773.0	7726.369565762674	-2615.33443732275
774.0	7879.849958136667	-2523.5599736395557
775.0	7910.926111746619	-2337.427786560475
776.0	7427.9427267004985	-2615.135269159215
777.0	7581.829116113225	-2523.186808266993
778.0	7615.560248185623	-2337.003802148816
779.0	7129.456276272526	-2614.9226697117774
780.0	7283.772819797814	-2522.77592694464
781.0	7320.170658590806	-2336.539714502202
782.0	6830.20933383194	-2614.6790526447344
783.0	6984.896755117719	-2522.321847321542
784.0	6912.452515699616	-2242.184222810054
785.0	6526.247844890294	-2608.9761785650285
786.0	6680.545969221709	-2516.3788792041173
787.0	6723.640849030602	-2330.1594342368003
788.0	6222.233764064619	-2613.865415768981
789.0	6371.428276519607	-2515.570060502218
790.0	5922.539078897458	-2613.819673411428
791.0	6066.572546457796	-2520.4167154612537
792.0	5623.858731693915	-2613.795312662896
793.0	5767.045053661065	-2520.3479261026664
794.0	5325.359007903022	-2613.780488992588
795.0	5468.70722573349	-2520.310437105929
796.0	5026.91522863873	-2613.762637699872
797.0	5170.605475641347	-2520.2804510025076
798.0	4728.481734581635	-2613.714017245482
799.0	4872.5710329527565	-2520.2208585933436
800.0	4430.0496872273025	-2613.645043678294
801.0	4574.5505345038955	-2520.1162545978823
802.0	4131.616665059501	-2613.5610393642332
803.0	4276.534855977004	-2519.9917006560086
804.0	3833.1711212258683	-2613.4649580034725
805.0	3978.5063965669956	-2519.8503525595047
806.0	3534.73382766085	-2613.391635188846
807.0	3680.4735965639907	-2519.72327376113
808.0	3237.0473418165043	-2613.1643322255313
809.0	3383.2080196156626	-2519.4937659282755
810.0	2939.6227796533262	-2612.625237301218
811.0	3086.973463239796	-2518.8713726420265
812.0	2641.20082180482	-2612.373495469179
813.0	2790.002336798096	-2518.2210525157957
814.0	2342.378856774673	-2612.34087174675
815.0	2491.621551562039	-2518.0419609474097
816.0	2033.1209188519958	-2233.4307224838285
817.0	2043.5522185333623	-2612.3350951841326
818.0	2186.0792188412356	-2328.6691323551277
819.0	1744.805650885736	-2612.2792116181954
820.0	1740.4021381525988	-2232.921837901877
821.0	1445.912990677527	-2612.3321950327704
822.0	1595.224050627997	-2517.9104804023204
823.0	1594.5353398754596	-2328.1563370078543
824.0	1147.187152283961	-2612.5571648096543
825.0	862.6347200259139	-2231.349137801714
826.0	518.3472725617588	-2588.721363195075
827.0	1296.4332775495157	-2518.1862967105103
828.0	1298.7594402450704	-2328.1242367399955
829.0	710.2719489492059	-2324.1003532905415
830.0	694.7469592340834	-2513.4319894046416
831.0	1003.6135285385681	-2327.65853928937
832.0	12316.011874277245	-2050.2168403145406
833.0	12026.793190077893	-2323.035963872712
834.0	12134.132527635831	-2054.807112117034
835.0	12249.967374259912	-2185.575461832678
836.0	11937.784163403396	-2229.843402893744
837.0	12110.2515254878	-2239.7880888942636
838.0	12075.23234907599	-2128.06162837063
839.0	12638.999240865922	-1974.0602864408422
840.0	12868.28777568636	-1991.4561897640167
841.0	14296.495012500176	-2926.957040648928
842.0	14321.776324797485	-2939.8691944256893
843.0	14262.101517799732	-2901.0031544523313
844.0	14306.143838762511	-2925.1428504191385
845.0	14242.954931597038	-2938.9730826120976
846.0	14276.114307256497	-2940.1440706599133
847.0	14270.052448228287	-2912.492591292887
848.0	14266.391685458968	-2924.524345803111
849.0	14247.345265459166	-2924.2551597419824
850.0	14210.206580234035	-2871.7073561010598
851.0	14253.285658560824	-2896.143206521447
852.0	14210.911265006238	-2894.5654236688683
853.0	14236.37476519674	-2911.4502887712074
854.0	14217.536797365885	-2883.1107740288776
855.0	14182.243663139097	-2896.6888626787763
856.0	14193.228067275666	-2863.842035062711
857.0	14166.65153967958	-2934.7538128853616
858.0	14166.7268137126	-2890.5054366425625
859.0	14167.389015575418	-2848.5367697769184
860.0	14117.696396604058	-2820.2126447340956
861.0	14120.227577617692	-2880.34532340415
862.0	14143.216253257195	-2834.943875028111
863.0	14118.569499944564	-2846.130177783498
864.0	14146.435392838028	-2872.2875617986665
865.0	14040.87461294083	-2922.001364570809
866.0	14072.808450310922	-2802.734520855051
867.0	14066.761708574137	-2906.4692937676004
868.0	14124.27731603707	-2831.719039701933
869.0	14056.802779765538	-2785.8861690920967
870.0	14093.528991426314	-2864.2834934822913
871.0	14091.499381070198	-2805.579229132063
872.0	14065.521029905698	-2790.8938361428595
873.0	13971.369864656472	-2910.1786087770724
874.0	14093.654316158741	-2831.273362631453
875.0	14047.009379709963	-2787.709365135779
876.0	13996.057446792458	-2821.444260912031
877.0	14021.011321744963	-2772.5556833644714
878.0	14009.358370885131	-2902.479273657542
879.0	13961.967906420474	-2730.274709318134
880.0	14041.614171334777	-2802.007633279776
881.0	13881.47644713651	-2898.283651399775
882.0	13996.34533921863	-2750.6244935799364
883.0	13936.063003253083	-2714.9354571532203
884.0	13974.007524408133	-2745.123710987303
885.0	13914.910467210102	-2772.926537216304
886.0	13944.707893949837	-2720.090749314378
887.0	13916.776568313568	-2879.2626943468244
888.0	13964.267032712572	-2756.81499698815
889.0	13857.893039416273	-2668.083233867182
890.0	13923.223010035717	-2714.914696274531
891.0	13844.78273051563	-2659.976653958484
892.0	13895.702739960943	-2690.6714000216502
893.0	13835.390255585944	-2729.8380468525243
894.0	13822.543030714418	-2645.857269349272
895.0	13871.68689540863	-2676.5133644901857
896.0	13792.621223877512	-2627.520298864208
897.0	13861.670737752145	-2678.501238304445
898.0	13813.718264993679	-2675.7441595993914
899.0	13847.640540730645	-2669.8260995084916
900.0	13671.34930637404	-2866.046868715665
901.0	13831.069757297257	-2651.1360641816404
902.0	13825.159625816776	-2855.248124391907
903.0	13892.178901482766	-2715.048799218599
904.0	13755.32719474894	-2604.2196662021447
905.0	13741.427705541066	-2595.3355767512567
906.0	13807.104250229628	-2636.7817738007993
907.0	13758.061477096422	-2669.9565467898615
908.0	13796.00470124434	-2637.7494957353506
909.0	13721.711541403301	-2661.120075337598
910.0	13708.57496865406	-2573.779624921359
911.0	13774.530565993979	-2624.633786715471
912.0	13723.724091210148	-2621.642109377754
913.0	13758.469248302208	-2614.7496601774415
914.0	13673.23613676714	-2559.2610417233677
915.0	13744.046822043472	-2605.1662358581602
916.0	13718.492166951502	-2839.042076509267
917.0	13787.080648982645	-2651.6625034572303
918.0	13641.747110889812	-2530.4131994809663
919.0	13652.736977193706	-2545.7127248164197
920.0	13722.680683264016	-2591.0216422895714
921.0	13628.174569228764	-2529.100727415021
922.0	13691.675387824262	-2563.243281725021
923.0	13619.781097041996	-2588.8825368071844
924.0	13603.889553915813	-2513.0108022306317
925.0	13683.255918528543	-2557.750461596423
926.0	13569.490756374378	-2482.1271420664725
927.0	13650.15268018461	-2535.9518915407994
928.0	13625.315568182785	-2519.2040053833157
929.0	13595.576605553506	-2810.8223708301307
930.0	13594.396715953028	-2524.207204356487
931.0	13692.581595824677	-2590.241197002178
932.0	13516.425542707666	-2446.487562491611
933.0	13502.761617264086	-2796.4839833786173
934.0	13592.385373590105	-2497.5966031138346
935.0	13503.327354594367	-2446.007258714846
936.0	13577.818204626821	-2487.716445603824
937.0	13492.926232949236	-2491.4196010313476
938.0	13554.3088704353	-2472.32150104975
939.0	13475.16470359966	-2493.2021865528445
940.0	13543.215992684496	-2472.9563883423293
941.0	13441.259906454456	-2395.672471532506
942.0	13521.96602504715	-2458.3849909895057
943.0	13417.193235487182	-2378.998663006388
944.0	13500.72828059035	-2436.0797448740454
945.0	13400.522107059856	-2367.622630388941
946.0	13478.865812371056	-2421.0538424601345
947.0	13515.180574139158	-2471.6624700450006
948.0	13453.72668197297	-2787.719436459953
949.0	13572.540747457906	-2512.1009672998334
950.0	13470.786166998143	-2442.9118593153894
951.0	13460.194016890417	-2435.334792133031
952.0	13315.147932827798	-2642.7084488203673
953.0	13467.62845734885	-2421.4463853248653
954.0	13400.89144680953	-2404.9774217672784
955.0	13446.618402703098	-2407.3312476571405
956.0	13343.284500561118	-2328.880630412134
957.0	13427.614442899843	-2394.447191808206
958.0	13307.281420084395	-2343.0570884249723
959.0	13393.331390927322	-2388.913830673841
960.0	13375.775255529215	-2350.9220652056842
961.0	13403.472590935891	-2377.664096330014
962.0	13241.704955341338	-2261.177265509926
963.0	13328.28945129967	-2318.9438074644913
964.0	13354.570870578347	-2344.6036965853095
965.0	13367.606884783827	-2372.2034010308766
966.0	13135.349796472301	-2684.9892739692605
967.0	13304.29064717319	-2302.8203224569484
968.0	13009.28407337467	-2614.9288848767847
969.0	13280.444212958608	-2286.72287643281
970.0	13256.975771399992	-2271.3333646029782
971.0	13225.903000935388	-2250.1824642172846
972.0	13191.239046292152	-2286.500308430827
973.0	13103.195983087106	-2168.4140745862715
974.0	13204.02705501911	-2243.355413624156
975.0	13079.980505362366	-2152.696781627527
976.0	13168.124010185276	-2212.027433105219
977.0	13066.890116852635	-2143.4466429499494
978.0	13153.496571320013	-2202.6223691260816
979.0	13121.820469157836	-2753.1445276162053
980.0	13281.048854747642	-2312.8718120728195
981.0	13005.32578796163	-2099.3365349022356
982.0	13035.743942574678	-2129.971361318512
983.0	13140.198016756869	-2201.8905071555146
984.0	13084.554837106234	-2193.315176939224
985.0	13116.7712091406	-2177.7466831601105
986.0	13017.78134713466	-2108.3242663297146
987.0	13105.585296524603	-2178.3936769513716
988.0	12993.231191626131	-2090.2397184453953
989.0	13085.384583233195	-2164.723818104559
990.0	12980.925323956311	-2081.0406777066582
991.0	12985.236870414701	-2163.0789282146366
992.0	13069.773906566918	-2154.058456848763
993.0	13047.850569843738	-2158.535815643565
994.0	13053.473841501653	-2133.9274752436963
995.0	12904.658417703191	-2131.2663883498535
996.0	13045.291089622166	-2128.086372032202
997.0	13020.507683012385	-2119.0202023800025
998.0	12999.56980816409	-2123.7994923074552
999.0	13007.540211620284	-2109.4422224997793
1000.0	12982.376375475033	-2110.4511615825522
1001.0	12995.21698458458	-2100.3581992193717
1002.0	12982.932040779939	-2091.1168322306034
1003.0	12957.427810811709	-2091.499277124541
1004.0	12968.71374892424	-2071.678390159532
1005.0	12381.210776905968	-2615.6088787937006
1006.0	12350.188732662717	-2132.2539309735457
1007.0	12865.487571357859	-2675.687531058537
1008.0	13008.420953184463	-2130.3977622920265
1009.0	12769.261266838272	-2736.804120216338
1010.0	12522.33660476989	-2463.560662527359
1011.0	13108.3236584892	-2199.8702279199006
1012.0	12948.487260135205	-2084.2409758082063
1013.0	12957.538487813874	-2071.366640788717
1014.0	12598.84235655741	-1993.2233985457285
1015.0	12881.298226185552	-2070.0162671300536
1016.0	12948.101258566005	-2055.3509109024253
1017.0	12916.062749962955	-2069.8023867125744
1018.0	12923.434613046054	-2044.916614090247
1019.0	12897.095825443508	-2043.605714227847
1020.0	12885.394503722724	-2010.7231626499604
1021.0	12910.818787108721	-2034.3826639442261
1022.0	12875.623273730214	-2034.7334578380705
1023.0	12888.59563683226	-2036.4295055390205
1024.0	12896.929279301337	-2013.8312593335293
1025.0	12553.997009948689	-2018.4524814802055
1026.0	12534.02270559084	-1973.5219412522863
1027.0	12402.911136503244	-2018.5799383070255
1028.0	12499.057034717362	-2050.1179897618204
1029.0	12475.36667991524	-1994.4918904768863
1030.0	14218.296594581327	-2908.929181051623
1031.0	14194.446645209908	-2886.748214705884
1032.0	14206.590245821892	-2925.719145176005
1033.0	12404.852642279831	-2500.9168388899757
1034.0	12931.413601922695	-2069.508267846493
1035.0	12974.150953983144	-2104.2455572555464
1036.0	12778.091192057153	-1971.1318703281631
1037.0	12896.814987544445	-2055.753802902876
1038.0	12920.274501771544	-2097.099374662556
1039.0	12912.78949135755	-2057.3943911327474
1040.0	13028.444775715989	-2143.3184527526896
1041.0	12906.825945853738	-2087.3036663875646
1042.0	12935.909211024342	-2084.153748781284
1043.0	13057.796595201391	-2165.7228554970566
1044.0	12959.066680007216	-2103.94748050186
1045.0	13078.515109795653	-2178.0209490219863
1046.0	12984.51477539589	-2123.7867670730925
1047.0	13011.156149239576	-2142.517031739353
1048.0	13128.906536755147	-2212.1998822180685
1049.0	13004.309425655561	-2161.9959957812202
1050.0	13034.283705580683	-2158.9279970357875
1051.0	12984.216932935291	-2536.93945743276
1052.0	13170.22796042633	-2238.610423896571
1053.0	13061.133720559299	-2177.658311193248
1054.0	13054.36994867035	-2196.006728026268
1055.0	13097.938852721178	-2192.846334003647
1056.0	13193.660454588651	-2254.616665980948
1057.0	13111.298071970125	-2211.485721262339
1058.0	13217.294223173662	-2270.619444270134
1059.0	13103.636114818166	-2229.6756942316206
1060.0	13148.22542370129	-2226.6914801925705
1061.0	13259.331893618315	-2300.5128794555003
1062.0	13153.851422908634	-2239.533739787239
1063.0	13148.634451637796	-2258.8539739457333
1064.0	13177.042592688142	-2253.2355453939053
1065.0	13200.681632495935	-2269.3850674721252
1066.0	13302.086227807611	-2328.1246744984824
1067.0	13118.517487665302	-2566.0403634947093
1068.0	13344.80838059421	-2355.940975108427
1069.0	13222.900009250654	-2285.7080531823417
1070.0	13440.013195446198	-2420.9287777113946
1071.0	13339.188374163552	-2400.918078657569
1072.0	13322.748597934435	-2342.7827575967826
1073.0	13350.823801642537	-2370.79324649215
1074.0	13286.791798189552	-2327.342350117926
1075.0	13272.37451977474	-2357.3291204027173
1076.0	13328.391387411692	-2356.3699244651275
1077.0	13417.305564178581	-2406.358593718138
1078.0	13375.189296817503	-2387.4027429785456
1079.0	13401.449478497721	-2442.98199620967
1080.0	13492.83719843364	-2457.9111237646684
1081.0	13344.130066430725	-2770.6261303079414
1082.0	13424.345820476296	-2421.181403496692
1083.0	13293.022981107972	-2359.2785190607938
1084.0	13418.759161070244	-2441.0153424458836
1085.0	13441.038198235665	-2469.8045818955065
1086.0	13534.184655516694	-2486.2991620895536
1087.0	13447.050379843493	-2436.269565557495
1088.0	13554.166990617823	-2497.581999382846
1089.0	13474.505718541215	-2456.237903605333
1090.0	13514.300335857328	-2520.0714207593664
1091.0	13499.149935638941	-2471.6689065969276
1092.0	13520.161080618278	-2486.344209901738
1093.0	13617.749528605587	-2540.273425363244
1094.0	13532.795412218953	-2517.9368693922897
1095.0	13539.36198622289	-2499.1281207014854
1096.0	13545.415814070502	-2526.875438242941
1097.0	13558.825138450557	-2512.2645607375184
1098.0	13642.372447131302	-2556.8824716689815
1099.0	13578.140260302805	-2525.490161934524
1100.0	13667.0187607496	-2573.344095404372
1101.0	13601.219091960636	-2538.800967582116
1102.0	13625.16760316714	-2555.518128053351
1103.0	13716.434512670552	-2604.8848024678196
1104.0	13615.700464401176	-2714.5583958852526
1105.0	13650.077076037249	-2572.1239253220156
1106.0	13678.52088362177	-2629.863345269802
1107.0	13746.977610725473	-2627.2151245637438
1108.0	13675.550306828978	-2589.5765753839114
1109.0	13767.649174597298	-2638.516016921801
1110.0	13700.828039724553	-2605.386180513411
1111.0	13742.75573627196	-2660.4539927583687
1112.0	13736.808184988082	-2620.319261414646
1113.0	13807.674191785403	-2661.660406747397
1114.0	13750.223942152894	-2639.3408461847794
1115.0	13755.98497198639	-2845.7723688592464
1116.0	13835.691177623145	-2680.890248665097
1117.0	13772.574224813094	-2652.6416025344824
1118.0	13853.05884322884	-2692.546722342448
1119.0	13792.740488131467	-2664.2340260744336
1120.0	13872.590164466603	-2702.16827353217
1121.0	13800.757109838809	-2690.440181823102
1122.0	13826.02130387399	-2674.483494184707
1123.0	13856.27460223608	-2863.386853843774
1124.0	13837.331781785464	-2693.1928670617904
1125.0	13914.137218371034	-2726.6821180266757
1126.0	13864.327355040326	-2780.4256611349174
1127.0	13857.646255067943	-2704.682070352624
1128.0	13875.132661364172	-2752.5976332039663
1129.0	13938.51539396226	-2741.820519604775
1130.0	13878.073642699557	-2716.245174796015
1131.0	13892.97970280971	-2748.5137426980314
1132.0	13898.259598432747	-2728.260145384054
1133.0	13921.479580020487	-2741.1999177888733
1134.0	13948.972652643703	-2883.1527553277233
1135.0	13946.70746977271	-2756.430910303053
1136.0	13908.88578431956	-2846.1268900456143
1137.0	14015.56449172288	-2786.9335643533072
1138.0	13972.464594129762	-2771.55016959664
1139.0	13998.158968283162	-2786.819712687575
1140.0	14017.499350306867	-2876.048232153409
1141.0	14067.569355033474	-2817.025719116664
1142.0	14024.39860625531	-2801.7013736025146
1143.0	14005.635790751636	-2856.5876568279295
1144.0	14076.073375247559	-2864.9599230718627
1145.0	14050.519760639814	-2816.9679788591893
1146.0	14076.771272481836	-2831.4797457833392
1147.0	14140.125455349464	-2858.8720590369007
1148.0	14102.464705721844	-2846.279758256778
1149.0	14092.913141465018	-2909.214003801861
1150.0	14125.592028695542	-2860.516522436672
1151.0	14162.382436956148	-2872.050351067919
1152.0	14134.469086682177	-2888.3473577899954
1153.0	14146.426938383534	-2901.041557178001
1154.0	12685.578735348447	-2007.0430712117384
1155.0	12873.959789203196	-2019.1874967520544
1156.0	12153.614237273301	-2524.669788490273
1157.0	12509.61704933901	-2172.36974922106
1158.0	12235.459685924428	-2385.2649643386562
1159.0	12207.455731767013	-2265.322897757047
1160.0	12482.173543680345	-2096.972157369033
1161.0	12326.518416056415	-2206.197239438714
1162.0	12377.551818386026	-2303.0401082458616
1163.0	12465.345047587092	-2209.15587633487
1164.0	12411.18949012136	-2144.5374931880397
1165.0	12329.004730746938	-2402.360397221435
1166.0	12541.962157755785	-2059.6445265847883
1167.0	12560.397284124154	-2174.2799821899152
1168.0	12860.35352538417	-2046.267296593541
1169.0	12588.895372648702	-2025.7347616481463
1170.0	12673.851427416223	-1954.1198908622773
1171.0	12629.299910915028	-2001.041523051147
1172.0	12769.866643461493	-1913.0626565793737
1173.0	12735.97515370087	-1922.7965081067105
1174.0	12760.483377380828	-1933.7259998518657
1175.0	12820.252245870952	-1963.8208785996364
1176.0	12750.085825577951	-1923.336884261683
1177.0	12772.80259966156	-1926.5064350328437
1178.0	12814.255772197726	-1992.4084327180906
1179.0	12664.728997497064	-1978.972649605562
1180.0	12788.092855963761	-1944.3422640732151
1181.0	12740.709999829174	-1954.3947919032405
1182.0	12839.409691271767	-1981.8581326826832
1183.0	12806.140607689324	-1960.6850145067747
1184.0	12712.193101752186	-1975.698804790801
1185.0	12825.019890131289	-1978.3049922086568
1186.0	12843.591600280264	-2038.6925704820442
1187.0	13246.529316793274	-2272.7397197810947
1188.0	12759.502165853572	-1950.1488439457978
1189.0	12664.212516427762	-2576.572162672975
1190.0	12944.852841394895	-2118.220532183457
1191.0	12455.37769245806	-2293.715182927524
1192.0	12624.096446332165	-2057.0004259304874
1193.0	14104.269334571189	-2883.962713976489
1194.0	14060.662285501554	-2881.894433531799
1195.0	13824.587508979681	-2709.462042375921
1196.0	13670.229878608152	-2776.8940908210484
1197.0	13384.835314728916	-2711.4253800288966
1198.0	13587.856238077358	-2553.579350164113
1199.0	12649.48707999989	-2038.2126125779123
1200.0	12710.06603990242	-2002.2818017859565
1201.0	12795.445081545286	-1972.5529879819278
1202.0	12735.460526973833	-2016.24063603241
1203.0	12798.79260179335	-1989.792292584223
1204.0	12807.48132795498	-2033.3507380595129
1205.0	12768.804077176488	-1992.7157070242677
1206.0	12575.858901503912	-2108.408927160856
1207.0	12739.990616664867	-2046.6835080501085
1208.0	12680.03614780216	-2039.301797573784
1209.0	14068.12604586618	-2847.162570998236
1210.0	14014.841944331172	-2818.9353051281664
1211.0	14042.916169289974	-2870.995462830875
1212.0	14041.110493185915	-2833.520736086786
1213.0	13987.775716805225	-2847.1976340707133
1214.0	14022.648241956742	-2835.794322033025
1215.0	13961.843242263792	-2788.0914630919124
1216.0	13988.208585276878	-2804.096477720647
1217.0	13936.272142341048	-2772.0554798806893
1218.0	13965.900989769701	-2851.2276175519614
1219.0	13969.098422217634	-2805.8587874622026
1220.0	13943.210353414941	-2788.980860061058
1221.0	13879.433719781222	-2834.3600194533756
1222.0	13908.30998069999	-2756.6813658227657
1223.0	13852.721940230831	-2725.7042195485687
1224.0	13786.78033301035	-2725.3351636030006
1225.0	13866.307298204003	-2733.5404114674043
1226.0	13837.149144310113	-2781.3139736630314
1227.0	13804.837083667348	-2708.2983529678545
1228.0	13766.486730865066	-2687.492075782204
1229.0	13695.926458950364	-2626.8989979383987
1230.0	13655.555096579605	-2714.9125306829405
1231.0	13639.005985413742	-2588.186136956277
1232.0	13711.321667025097	-2637.916514623094
1233.0	13538.172078358972	-2742.303143351414
1234.0	13666.391175400257	-2607.685906226548
1235.0	13646.78853869737	-2607.51563788127
1236.0	13556.904628236838	-2594.313104717028
1237.0	13613.647343701348	-2571.4559815572925
1238.0	13579.78407884938	-2594.947120200797
1239.0	13572.647787721153	-2545.153346016215
1240.0	13592.866415256516	-2570.989661449182
1241.0	13506.843334962852	-2501.3077198807464
1242.0	13463.056926396943	-2471.778271959089
1243.0	13432.606119441896	-2548.6048215899277
1244.0	13363.121278343775	-2402.918754395889
1245.0	13384.741301024435	-2515.0765394984505
1246.0	13434.080757861235	-2451.441551350968
1247.0	13319.67325715304	-2374.757887486225
1248.0	13390.62202053472	-2421.766885309619
1249.0	13206.013037049177	-2297.374468925585
1250.0	13334.473309495988	-2383.991912701498
1251.0	13356.53202023672	-2443.29463584949
1252.0	13299.772028699363	-2377.3921512537017
1253.0	13370.993946178785	-2421.2193056335254
1254.0	13312.294358026867	-2467.977996107395
1255.0	13163.984706843397	-2267.6993089795783
1256.0	13271.3385291331	-2340.3253653863394
1257.0	13118.969980825408	-2239.982348752666
1258.0	13171.159982540123	-2286.195670525323
1259.0	13071.10865861639	-2207.3412062846232
1260.0	13117.902826595091	-2279.375129113994
1261.0	13128.76551555181	-2259.539579851253
1262.0	13081.97563266485	-2228.44001202994
1263.0	13020.845094854172	-2173.9442063069296
1264.0	12598.58802541886	-2306.983761260284
1265.0	13032.447031417685	-2195.3984488160804
1266.0	12922.819039728949	-2114.6920081704216
1267.0	12972.465569223097	-2140.0119384391655
1268.0	12935.734581940085	-2158.4217387948815
1269.0	12951.87190343243	-2137.8197820517976
1270.0	12888.035925889439	-2089.158135034915
1271.0	12720.589626737317	-2280.3409874343374
1272.0	12820.046542618273	-2010.5054274443967
1273.0	12861.788056689367	-2065.610502240855
1274.0	12842.180181257403	-2079.34559273085
1275.0	12623.094827380284	-2098.4825463386146
1276.0	12735.775663503096	-1972.265408078624
1277.0	12783.250637625722	-2005.763405889089
1278.0	12859.342119645866	-1999.1294918271833
1279.0	13955.07255669769	-2827.236554134835
1280.0	13930.253435577686	-2826.0258876093867
1281.0	13906.085943902392	-2794.3479352773115
1282.0	13783.050769141293	-2805.852101127562
1283.0	13762.527772316316	-2712.2204140964245
1284.0	13795.645926183433	-2749.126778134532
1285.0	13598.232680779292	-2607.304254594627
1286.0	13502.420400551253	-2543.2967856896616
1287.0	13583.628565795	-2659.6401317631794
1288.0	13457.259310243395	-2566.301041538418
1289.0	13265.417463191588	-2313.8201690528826
1290.0	13238.40067064824	-2286.5559221067356
1291.0	13230.962964472712	-2317.884185465789
1292.0	13243.746435255174	-2301.2694908489625
1293.0	12524.314567309031	-2355.6792955404803
1294.0	13021.942998517412	-2214.835229623914
1295.0	13156.46536667613	-2306.7948264506117
1296.0	12757.081763384247	-2449.31578261908
1297.0	12608.59564872145	-2498.327986414639
1298.0	12680.67921751913	-2422.7198929069696
1299.0	13266.355677261707	-2684.789407812086
1300.0	13284.04164339035	-2399.818389472761
1301.0	13391.304718253232	-2464.657282475829
1302.0	13228.040625339412	-2359.3057897338326
1303.0	13083.40258547129	-2626.4429935430203
1304.0	13070.350217795143	-2247.606577263678
1305.0	13824.505423446693	-2752.465971975988
1306.0	13817.34279866692	-2811.4240020203956
1307.0	13925.64641224878	-2805.5375179059006
1308.0	13881.240902692962	-2803.069434388559
1309.0	12817.606789691034	-2070.790290288224
1310.0	12751.22291230312	-1995.133505434822
1311.0	13191.251239468884	-2333.433882049711
1312.0	12602.971155409929	-2224.115083646897
1313.0	12910.51928478389	-2512.9357667973595
1314.0	12975.162695833738	-2184.266559426985
1315.0	12876.07558438051	-2129.9911886342165
1316.0	13034.798299300523	-2488.9758556768284
1317.0	13257.194491855684	-2331.6852237801727
1318.0	13208.730227664304	-2314.837032466805
1319.0	13369.069424463733	-2656.9446879376505
1320.0	13323.35033539443	-2419.283542842726
1321.0	12668.6936316774	-2339.2570347394935
1322.0	12665.045200586295	-2127.6844890403154
1323.0	12709.053542047166	-2064.9834001657005
1324.0	12928.001417047664	-2269.0989945026117
1325.0	12816.247197344788	-2120.8771372716806
1326.0	12843.185081454825	-2103.7133920362626
1327.0	12946.254073149794	-2181.801526394598
1328.0	12890.522411674121	-2206.0177620027503
1329.0	13082.439218930442	-2329.205335183764
1330.0	13203.199150116756	-2360.794195982911
1331.0	13110.945509792502	-2331.4252329362075
1332.0	13130.526804037558	-2304.884248138255
1333.0	13360.049213052049	-2498.545804919577
1334.0	13131.42480106082	-2463.4018039494154
1335.0	13295.118914249799	-2421.191217255035
1336.0	13305.314251310658	-2593.9565272847813
1337.0	13332.821313632588	-2443.359548797011
1338.0	13427.817058499639	-2491.688686893385
1339.0	13366.015334348163	-2465.5175017917427
1340.0	13464.97195422886	-2515.1796685798217
1341.0	13402.861565321793	-2490.499163408726
1342.0	13439.643037290121	-2515.6398589839446
1343.0	13472.270218594684	-2680.438581108339
1344.0	13631.057546182734	-2628.7307935389476
1345.0	13665.388011431476	-2655.3466961840772
1346.0	13601.726576636402	-2627.823010401398
1347.0	13708.470317962703	-2682.1035464670945
1348.0	13637.527310695332	-2654.384412798501
1349.0	12745.365411590605	-2124.6644997334583
1350.0	12660.383145995702	-2187.445971319539
1351.0	12766.850758539535	-2056.103343662468
1352.0	12707.5069982917	-2104.1106089196887
1353.0	12910.554897876791	-2155.396869105973
1354.0	13543.5537924511	-2566.0558291536468
1355.0	13476.914869151966	-2542.321392680457
1356.0	13737.852084486665	-2763.4673507716743
1357.0	13773.997617521229	-2772.4028789287418
1358.0	13238.325451499952	-2334.992628799617
1359.0	13252.863732361004	-2397.377776607902
1360.0	13287.026493443727	-2453.5585115195213
1361.0	13026.397800474384	-2432.577197841911
1362.0	13195.610725846493	-2507.3703647082643
1363.0	13211.677357516275	-2600.0860643123374
1364.0	13330.038943334881	-2500.9413862877086
1365.0	12846.736605246915	-2021.865531679172
1366.0	12836.16295964904	-2009.8081242687433
1367.0	12844.508096030333	-2572.005612633258
1368.0	12813.23938683809	-2406.312157557442
1369.0	13439.730555415254	-2722.375143833728
1370.0	13403.745057844188	-2620.638172716932
1371.0	13584.106873752384	-2751.5659496623543
1372.0	13609.314420055382	-2678.7628475210095
1373.0	13521.676806247286	-2691.6020337073605
1374.0	13735.247832454836	-2727.0765004708883
1375.0	13709.412431071842	-2790.1862806205154
1376.0	13677.029752969953	-2680.0792657042734
1377.0	13241.813720356748	-2500.756775110091
1378.0	13233.3049173835	-2426.045621720122
1379.0	12798.922081179398	-2097.858869684176
1380.0	12820.452740019095	-2049.480473686732
1381.0	12786.148593366801	-2031.2248566380724
1382.0	12773.77209722074	-2094.95712659183
1383.0	12707.89601106455	-2211.39860162777
1384.0	12883.011167942486	-2176.4993784036947
1385.0	13383.230956317542	-2577.9089428824736
1386.0	13507.107680812178	-2600.533635683591
1387.0	13402.659876354059	-2549.231025589092
1388.0	13338.721641419945	-2565.4635365676063
1389.0	13260.20653154162	-2574.231637085277
1390.0	13256.390407606776	-2460.8535288494672
1391.0	13027.656520984581	-2337.225639175982
1392.0	13147.372429838302	-2358.8243758288904
1393.0	12825.410463863309	-2155.9721511009284
1394.0	12797.187384137947	-2187.879613621551
1395.0	12928.585632818134	-2208.2950403047453
1396.0	12977.391936084314	-2233.2452765758994
1397.0	12887.786554635437	-2440.678506444967
1398.0	12750.416478954046	-2172.191010162316
1399.0	12814.075545424656	-2235.6744326634976
1400.0	13199.54094246232	-2426.047587622603
1401.0	13247.945656336784	-2373.0021397307664
1402.0	12956.845912563234	-2326.415745597316
1403.0	12779.998255913524	-2288.92821501083
1404.0	13710.659826738533	-2713.829079254672
1405.0	13674.08152630667	-2736.927739755991
1406.0	13516.159853526531	-2566.847200229331
1407.0	13452.050611288803	-2633.1823020827883
1408.0	13533.734131918873	-2618.63030250346
1409.0	13087.624894045191	-2274.6945921316815
1410.0	12991.397943991326	-2209.685983136415
1411.0	12928.591694299152	-2402.3203232402416
1412.0	13022.175406634682	-2268.68887178016
1413.0	13039.741947042452	-2241.4668533572385
1414.0	13547.063482819423	-2656.6191829963313
1415.0	13473.712668928327	-2600.9628700018825
1416.0	13315.895074439844	-2528.5461730055526
1417.0	13268.881402998964	-2530.312777904492
1418.0	13094.980341933915	-2506.562653072542
1419.0	13099.27137510285	-2400.749536101382
1420.0	12858.893275763177	-2159.679425048598
1421.0	12869.53065659068	-2109.1201694511287
1422.0	13165.791972770385	-2331.570723867116
1423.0	13185.725078169547	-2390.692088483229
1424.0	13176.423438175336	-2467.469084350121
1425.0	13118.464529498997	-2360.5894632103386
1426.0	12990.370450202628	-2265.6165414863203
1427.0	13036.901363967778	-2298.1178169584177
1428.0	12863.603072072461	-2239.69340778014
1429.0	12814.1544683359	-2339.3883571520396
1430.0	12994.811038983347	-2352.0055628943396
1431.0	13066.410920492935	-2399.7174894947675
1432.0	12943.488247595067	-2234.319366776617
1433.0	12870.808148443642	-2323.1914808326965
1434.0	13071.742580625594	-2297.9838134034994
1435.0	13057.09778402702	-2357.3375188512805
1436.0	13124.174851767855	-2421.8736452504722
1437.0	13155.357624589597	-2390.5854265118037
1438.0	12984.239182007237	-2404.977150916782
1439.0	12886.17946266907	-2276.75031380813
1440.0	12910.698206609546	-2351.7570980333735
1441.0	12958.777808775922	-2290.19880909112
