1.0	11509.99871189784	-6.588332987917261
2.0	11515.698440168746	-3.877971915746457
3.0	11512.212005317953	-18.41162605765965
4.0	11521.576264820013	-38.65896622765359
5.0	11537.042076729673	-9.828501975910816
6.0	11529.724658585992	-57.02371357278721
7.0	11555.463732458062	-13.03943504006505
8.0	11537.794123786078	-75.32118629581585
9.0	11546.488573825141	-66.33842172966736
10.0	11549.898321586203	-102.76739538036499
11.0	11555.02604057444	-105.9700504749777
12.0	11557.087402284853	-90.89795439899171
13.0	11566.037251986367	-139.36234082642474
14.0	11571.164970974603	-142.56499592103603
15.0	11575.199703574646	-151.71373228255206
16.0	11579.234436174687	-160.8624686440678
17.0	11658.245365924575	-27.51968498579663
18.0	11586.210914986577	-185.1060226340002
19.0	11591.338633974812	-188.30867772861282
20.0	11595.373366574853	-197.45741409012615
21.0	11594.392784640268	-176.06692653222612
22.0	11603.44283177494	-215.75488681316276
23.0	11715.591201742614	-35.77501254859817
24.0	11611.512296975021	-234.05235953619425
25.0	11615.547029575066	-243.20109589771263
26.0	11619.581762175105	-252.34983225922596
27.0	11623.5883587166	-261.5179634288583
28.0	11618.866653324594	-230.67525076746824
29.0	11631.68595997523	-279.7960413437734
30.0	11635.72069257527	-288.94477770528914
31.0	11789.923376959292	-46.16703865552214
32.0	11642.697171387159	-313.18833169521594
33.0	11647.824890375397	-316.39098678983174
34.0	11651.859622975438	-325.5397231513475
35.0	11655.894355575476	-334.68845951285834
36.0	11659.929088175517	-343.83719587437434
37.0	11663.963820775563	-352.98593223589006
38.0	11667.998553375603	-362.1346685974034
39.0	11672.033285975645	-371.2834049589169
40.0	11885.799415707594	-58.885498828810036
41.0	11687.079229987614	-413.82443167188694
42.0	11696.241681575892	-426.1758231280141
43.0	11700.276414175934	-435.3245594895325
44.0	11708.31998026457	-453.63908176430897
45.0	11712.354712864615	-462.787818125825
46.0	11719.357090787946	-487.01432256400653
47.0	11724.484809776186	-490.2169776586175
48.0	11728.519542376227	-499.3657140201335
49.0	11732.554274976268	-508.5144503816493
50.0	11736.59385470282	-517.6241903509007
51.0	11979.69520336714	-526.9605829424481
52.0	11743.214274205437	-542.0647288884634
53.0	11505.05730024496	-2.710361072170804
54.0	11522.608368389898	-16.954472707970126
55.0	11517.471518156957	-29.069174924434805
56.0	11525.746594784016	-47.80320760126303
57.0	11533.759391186037	-66.17244993430285
58.0	11545.86358898616	-93.61865901884693
59.0	11562.002519386326	-130.21360446490687
60.0	11582.176182386536	-175.95728627248695
61.0	11606.384577986782	-230.8497044415781
62.0	11638.662438787114	-304.0395953337002
63.0	11683.044497387576	-404.67569531036884
64.0	11739.563908085	-532.7433828198151
65.0	12167.858925844748	-510.6369790645214
66.0	12222.573673181369	-457.4473174516925
67.0	12688.625480942712	-475.78658771814725
68.0	12801.454010695523	-385.2212891113845
69.0	13239.744866597233	-461.4486479095555
70.0	13391.242015051708	-368.6538154363311
71.0	14154.171782905216	-462.54211098289414
72.0	14452.237012446885	-469.43723444324587
73.0	14748.416177531695	-465.99686874811067
74.0	14896.822585923852	-371.39306079792095
75.0	15206.374170178422	-372.7864006835767
76.0	15963.431422569813	-468.1743693630452
77.0	16260.862547933903	-476.3296639305832
78.0	16558.526997967012	-471.2297472885485
79.0	16708.432282546786	-375.2804682097538
80.0	25589.774045393828	-506.43582370842904
81.0	25903.08938503295	-507.6643445813079
82.0	26057.9196034254	-406.9709247434078
83.0	26594.937077066363	-498.1634699500191
84.0	26991.153442993007	-107.75903586492738
85.0	26991.76240404681	-514.536985232898
86.0	27417.963155795554	-492.9821886994276
87.0	27872.98742451782	-409.2765460375164
88.0	28658.826654140245	-296.11600575881823
89.0	29183.1260129068	-105.45067202131274
90.0	29248.5508848062	-518.7558350513908
91.0	29730.94004688757	-414.6491641615185
92.0	30196.21800086802	-501.99254504745477
93.0	30628.67878699355	-105.24836337107747
94.0	30662.898694853517	-522.5855297954769
95.0	31155.320819344055	-418.68116755583986
96.0	31612.939709809692	-508.0343845453056
97.0	32082.63895226923	-106.73119085206417
98.0	32085.653896089756	-528.100360670785
99.0	32559.410346017874	-511.9566279453609
100.0	33014.0622454945	-424.0571720816017
101.0	33482.52873936608	-513.7285647153635
102.0	33912.45281473865	-107.27174612701492
103.0	35853.69608511505	-524.7456172768651
104.0	37721.64407584041	-531.4599915329412
105.0	44843.46907884036	-565.2778821241544
106.0	44878.70118862537	-107.62068175654122
107.0	41173.13042628841	-112.10728313547588
108.0	39000.58302895071	-110.85261747189845
109.0	44465.62594126051	-113.66070668407095
110.0	28483.225924318485	-205.64458066645872
111.0	20076.228423759272	-105.10410605228874
112.0	26246.16090655584	-100.95351936055279
113.0	26613.970072124077	-92.51133741135709
114.0	27380.247623047024	-85.00344542116606
115.0	27622.845245796343	-85.00344542116606
116.0	28084.097380409527	-204.97258010073847
117.0	34322.75531744494	-91.58117523666442
118.0	34565.35294019426	-91.58117523666442
119.0	28306.559274431074	-410.6171607671972
120.0	34973.38367152893	-107.67069523708535
121.0	28800.261194242677	-90.47142509235952
122.0	35367.78182509317	-108.53564582098382
123.0	29524.080634885733	-206.98858179789917
124.0	35772.162630233455	-92.62443840662065
125.0	29989.8646898287	-85.99937975449575
126.0	36423.05193611316	-108.18385019147536
127.0	30232.462312578024	-85.99937975449575
128.0	36809.2398292429	-109.7992450197659
129.0	30964.063889361943	-209.00458349505982
130.0	37195.69347681595	-109.06595002138299
131.0	31437.7913628098	-88.00921585802523
132.0	37600.85136542829	-93.96280813693495
133.0	31680.388985559122	-88.00921585802523
134.0	38247.89725485866	-109.40195676324704
135.0	32485.931182627377	-89.24345699519957
136.0	38629.98344434083	-110.67074836791046
137.0	32728.5288053767	-89.24345699519957
138.0	33268.12113683565	-88.3273915023213
139.0	33510.71875958497	-88.3273915023213
140.0	39359.535582152406	-105.55012048299734
141.0	33954.72701408972	-534.0169204714975
142.0	39718.73777728597	-111.3452303262311
143.0	34435.49373636597	-519.6703507125875
144.0	34680.52322017293	-413.63245849457144
145.0	40086.37460919441	-111.14436676247715
146.0	35378.85106040479	-539.3128235597878
147.0	40454.02171307941	-114.00315675135305
148.0	36014.76025298278	-92.62443840662065
149.0	36332.45198781539	-541.6490301931602
150.0	40816.38524105842	-106.68870001382311
151.0	36574.22583095115	-435.0516854949438
152.0	37246.02196765811	-545.2191322859488
153.0	37843.4489881776	-93.96280813693495
154.0	41540.47175374045	-114.19797196643533
155.0	38196.55656209143	-548.2431412906939
156.0	41908.13827173496	-116.27101525556888
157.0	38649.10697114356	-550.8559340267976
158.0	39244.87148516556	-437.50333163291975
159.0	42275.65754520305	-113.41828608919361
160.0	39636.1921204793	-554.2184182479992
161.0	42634.31436790425	-106.91766424848174
162.0	39876.005690705206	-444.2621913324524
163.0	40512.40449541267	-559.564346936002
164.0	42995.158995498314	-114.99839217370754
165.0	40917.88507739501	-441.91257852448354
166.0	41313.30726573805	-450.0938510428161
167.0	43362.13299250294	-112.50029630981346
168.0	41935.31609002879	-565.8642088345392
169.0	43730.332093111756	-114.04167282866062
170.0	42373.29958306684	-564.3554807996045
171.0	42757.99023059609	-447.72065406025484
172.0	44095.18769302894	-107.92691348598844
173.0	43157.144530855796	-453.97528668730683
174.0	43796.76916693613	-569.0108709333929
175.0	44708.2235640098	-221.28138844061218
176.0	44359.929611905514	-569.9739059202437
177.0	11715.322358187905	-477.86558620249116
178.0	11703.218160387782	-450.4193771179468
179.0	11691.113962587653	-422.9731680334
180.0	11768.326670355056	-537.1768608219046
181.0	11787.83453954065	-534.0244307179454
182.0	11679.010156826269	-395.5267860537745
183.0	11784.98473577147	-493.7249814534395
184.0	11674.97503218749	-386.3782225873378
185.0	11889.060283293564	-518.21127029824
186.0	17525.967286634812	-103.34116361673902
187.0	12086.226710533774	-44.7654624270023
188.0	12016.052395827914	-498.6515843608586
189.0	12270.84144183545	-63.39789702371976
190.0	17892.410548686803	-108.47959348311754
191.0	12499.824388910434	-63.804077299052246
192.0	12369.318983885249	-438.1834261556102
193.0	18257.373928819314	-104.13372200945741
194.0	12743.933149367454	-201.14456710837112
195.0	18619.58238325266	-103.66187424100401
196.0	13180.725600800228	-92.1255579786836
197.0	18981.566302039977	-103.97491463179661
198.0	13532.84241289491	-91.66373078929125
199.0	19344.37205132157	-104.30898337004813
200.0	13880.78332107665	-103.645866407016
201.0	19710.931667134064	-109.48475247629055
202.0	13706.578163409455	-380.58345099954386
203.0	14220.929006738088	-90.7664219717796
204.0	14541.223685328194	-189.42676235984496
205.0	15001.68486886799	-91.89802725768823
206.0	20438.67103721757	-104.6264364773039
207.0	15350.149485967277	-93.5678839482498
208.0	15698.51916124989	-104.556810751926
209.0	20800.710652798443	-104.9703787667313
210.0	15518.486890641645	-385.8545113126949
211.0	16037.49267718973	-91.48675473336577
212.0	16355.085932204709	-191.7282191504904
213.0	21163.272131517293	-105.30974515501778
214.0	16819.013900281985	-93.00851893836564
215.0	17167.529765034356	-103.72755284482021
216.0	21529.340590053933	-110.5589329253465
217.0	17017.949294646078	-386.51252407010696
218.0	17340.181109080233	-397.2544958833608
219.0	21895.189390804273	-105.95024171533198
220.0	17680.340320813997	-402.4158636565385
221.0	18011.992610439775	-490.8977880011227
222.0	18335.305714982893	-487.37057079722337
223.0	22257.751186169557	-105.60649104051845
224.0	18655.86389382684	-487.71737729853083
225.0	18976.197537024767	-488.84907195908414
226.0	22619.867879287413	-105.921329393687
227.0	19149.48822475918	-400.92564023292874
228.0	19494.13201793459	-406.8448052123031
229.0	22982.123213693598	-106.38034994327609
230.0	19896.014045447962	-214.5888585285793
231.0	20146.856179135804	-493.25288045861953
232.0	20467.648517004705	-493.5938651533955
233.0	23347.944443519296	-111.6807420087789
234.0	20788.03785699618	-494.75646171258376
235.0	20964.39846969994	-405.3778289621155
236.0	23714.32652248771	-106.64991771014805
237.0	21308.30683503675	-411.3757102556112
238.0	21634.314590232807	-502.80097868048136
239.0	24076.865040746485	-107.30025977668022
240.0	21958.51311539376	-499.0109417402277
241.0	22279.424635169646	-499.48584533517493
242.0	22599.891052698105	-500.6193379581043
243.0	24438.937063191	-106.81254687361798
244.0	22779.272592351786	-409.85534718661194
245.0	23122.627584664984	-416.0240869365842
246.0	24801.260699228485	-107.4973575287222
247.0	23445.61441291112	-508.83471338247864
248.0	23770.346216290138	-504.6225433536086
249.0	24091.234458959512	-506.0915396899016
250.0	25168.665631889115	-112.61715664461856
251.0	24254.670989213497	-413.7131101743491
252.0	24594.345075776826	-414.31953506127155
253.0	25541.05838237845	-103.55127244640364
254.0	25058.08422333396	-513.8643993671225
255.0	25360.13145696247	-216.1684290910222
256.0	25896.023997606957	-103.96113904952169
257.0	11529.087717483715	-4.640137584045685
258.0	11509.530078720529	-12.33037066528801
259.0	11521.992304570733	-8.518109499792141
260.0	11530.738751473888	-22.876317828571093
261.0	11561.896583664804	-38.00778842807146
262.0	11546.331259724255	-5.188364391865131
263.0	11533.265388343943	-36.69889470971975
264.0	11526.760652606315	-41.789851712258404
265.0	11598.236672130995	-9.440829707108302
266.0	11568.07906880154	-7.851070648199918
267.0	11541.828856386119	-84.46992265733371
268.0	11534.85237757423	-60.226368667401196
269.0	11590.58979587957	-44.68028093750278
270.0	11636.08637161142	-12.063711840897062
271.0	11542.921842774313	-78.52384139043026
272.0	11580.887409186891	-17.29190035530822
273.0	11549.178395558503	-72.43757930401141
274.0	11557.967786786285	-121.06486810339607
275.0	11546.956575374357	-87.672577751946
276.0	11610.572416442681	-41.45218715082107
277.0	11553.933054186244	-111.91613174187798
278.0	11589.112384125294	-111.97685390978829
279.0	11559.060773174482	-115.11878683649343
280.0	11614.74849209918	-21.504541548005363
281.0	11562.280225492737	-102.75315071551692
282.0	11654.224014913105	-52.09393108805913
283.0	11563.095505774523	-124.26752319800698
284.0	11585.630403015755	-144.54664547249558
285.0	11570.071984586408	-148.51107718793799
286.0	11574.10671718645	-157.6598135494561
287.0	11578.141449786492	-166.8085499109691
288.0	11598.315112786702	-212.55223171854698
289.0	11685.887462054663	-15.455973144899568
290.0	11578.24805410945	-139.00266024754578
291.0	11583.26916877473	-170.01120500558352
292.0	11711.072704444747	-67.51444008126661
293.0	11590.245647586618	-194.25475899551589
294.0	11605.358639683565	-200.7133631714314
295.0	11594.28038018666	-203.4034953570289
296.0	11599.408099174898	-206.60615045164192
297.0	11602.349845386743	-221.7009680800651
298.0	11751.087121020102	-20.3190394036986
299.0	11626.558240986991	-276.59338624915597
300.0	11602.668817950203	-194.61420559708736
301.0	11633.07905363259	-251.82783693154974
302.0	11610.419310586825	-239.9984408030962
303.0	11614.454043186866	-249.14717716461186
304.0	11618.488775786907	-258.2959135261249
305.0	11785.024727841332	-87.41419199954787
306.0	11622.495372328403	-267.46404469575936
307.0	11627.623091316642	-270.666699790374
308.0	11646.219473811332	-281.9742211330983
309.0	11630.592973587036	-285.742122610674
310.0	11653.991528957784	-300.16561564705626
311.0	11634.627706187073	-294.890858972187
312.0	11835.499137980021	-25.84799925182354
313.0	11633.63448650091	-265.291349772587
314.0	11639.75542517531	-298.0935140668
315.0	11646.731903987202	-322.3370680567338
316.0	11650.766636587241	-331.4858044182467
317.0	11654.801369187282	-340.6345407797599
318.0	11665.531568603452	-337.7267629202809
319.0	11658.836101787325	-349.783277141278
320.0	11662.870834387366	-358.93201350279105
321.0	11941.243448182498	-392.3972224306951
322.0	11666.905566987407	-368.08074986430665
323.0	11679.326296596912	-368.50784070442506
324.0	11867.228543744073	-535.3857960502781
325.0	11670.940299587448	-377.2294862258199
326.0	11944.572805303877	-33.0374995769865
327.0	12108.150863905305	-481.93661313321604
328.0	11673.917640095317	-356.25032689345
329.0	11695.148695187696	-432.12190439491565
330.0	11711.04043198993	-427.4548260674589
331.0	11699.18342778774	-441.27064075643375
332.0	11707.226993876377	-459.58516303120996
333.0	11724.666686170494	-459.95597759450175
334.0	11711.287625587865	-468.7168498409781
335.0	11716.415344576099	-471.91950493559096
336.0	11723.391823387989	-496.16305892551986
337.0	11737.332760370513	-499.03310785690945
338.0	11727.42655598803	-505.31179528703797
339.0	11760.990958576682	-543.3197661395047
340.0	11740.022582103875	-505.1322654312535
341.0	11731.46128858807	-514.460531648551
342.0	11745.055800910117	-516.9291654145758
343.0	11735.500868314624	-523.5702716178047
344.0	11695.427359571353	-405.008211808398
345.0	11748.392521982305	-545.1299244572461
346.0	11751.543279581447	-534.5689708291515
347.0	11740.661741599708	-526.7583051606495
348.0	11517.19078167728	-21.105951588466883
349.0	11522.520308579298	-32.2045553969455
350.0	11538.077046900677	-19.628319012258242
351.0	11530.874313772249	-51.005862695876694
352.0	11550.974444467813	-32.51579983684011
353.0	11547.976296535577	-57.010747174118784
354.0	11538.887110174275	-69.3751050289145
355.0	11574.508838480053	-76.9729956606534
356.0	11550.991307974398	-96.82131411346195
357.0	11570.23016633243	-120.85706809003993
358.0	11567.130238374562	-133.4162595595203
359.0	11591.702962906907	-169.96776895788207
360.0	11587.303901374771	-179.15994136709932
361.0	11613.363838719059	-218.99106024862462
362.0	11607.47756437498	-224.90362317467847
363.0	11643.790157775353	-307.2422504283136
364.0	11690.085553175857	-392.8927773969602
365.0	11680.103143214465	-389.5807047868722
366.0	11688.172216375815	-407.878350404985
367.0	11744.34041489048	-536.1040262031265
368.0	11747.778776940322	-523.0137014371527
369.0	11961.60365033346	-437.33085717503855
370.0	12160.201857561726	-200.17371792268872
371.0	12298.974584795018	-496.70742855865564
372.0	12564.616874807625	-416.4707962229973
373.0	12330.40961600615	-318.0902405800419
374.0	13079.358815828304	-369.7702802025222
375.0	12845.79798733828	-93.18615896132299
376.0	12943.653881893048	-461.72144422685204
377.0	13039.023782601602	-185.3117169400066
378.0	13708.719068633845	-195.30959719630724
379.0	13372.557782481405	-183.78928876797485
380.0	13549.385740240827	-461.80211126088415
381.0	14348.87398502157	-187.60931313415009
382.0	13855.67637283317	-474.6029011483697
383.0	14305.082804207783	-373.70182120714753
384.0	14597.906178094372	-375.9285975677229
385.0	14655.876329794031	-92.58387119747447
386.0	14860.965230952372	-184.48189845516268
387.0	15052.574441016257	-466.12967907808525
388.0	15524.279811259557	-198.1246947001758
389.0	15191.341953001634	-185.46591120593803
390.0	15359.388782526154	-468.61819003840765
391.0	16161.885051127363	-190.31014976450874
392.0	15666.108182219368	-480.42577111184454
393.0	16114.441854920058	-378.85862064678867
394.0	16408.116409577367	-380.68601716765073
395.0	16473.291181016393	-92.90482411934742
396.0	16676.226942968828	-185.91334305771306
397.0	16862.59944164321	-472.1520963773275
398.0	25259.031570493884	-514.6830536368833
399.0	26064.79947860975	-204.91465841007448
400.0	25723.59338855634	-207.51241149592533
401.0	25737.538651166677	-409.15935069437825
402.0	26418.849119002884	-193.4648567719099
403.0	26225.866941150885	-505.558746206061
404.0	26799.94522131607	-200.27037327628446
405.0	26405.435028782278	-396.0138172840848
406.0	27202.326338115032	-192.76248128609345
407.0	26794.326316478957	-403.37354530277156
408.0	27208.554204005948	-396.437258627577
409.0	27654.332912653957	-289.30741135794403
410.0	28994.830308604578	-195.92209711367227
411.0	28795.221846572113	-502.43258699099715
412.0	29354.753315123653	-312.4392538192119
413.0	29009.92668966179	-402.23867834585116
414.0	29954.12647908121	-293.6599621181151
415.0	30416.998464530745	-191.24774312557324
416.0	30784.703607190688	-314.2529468661373
417.0	30416.492363568235	-399.5803260549128
418.0	31386.450670042595	-297.6857999188053
419.0	31863.299566291593	-194.7404067100894
420.0	32304.945329235867	-195.97464784726375
421.0	31847.190983309367	-405.0889913365897
422.0	32782.88444196444	-300.9360427531403
423.0	32324.06885603862	-406.9952330394843
424.0	33703.96103216697	-195.59913762933624
425.0	33236.41007183371	-300.6919778259823
426.0	34152.10115590296	-198.85292136367934
427.0	33707.482076950015	-408.6357245187175
428.0	35624.40241509836	-416.88467337986657
429.0	36171.3266080714	-200.80828859809603
430.0	37481.15025916134	-421.44134957346097
431.0	38005.378491391835	-203.364764900182
432.0	41059.37980544232	-559.0124744515653
433.0	39182.461557086724	-216.4027379548958
434.0	38419.96222193995	-439.82929767774095
435.0	44218.14228296735	-449.4082195052856
436.0	44672.9914542248	-449.7739883415586
437.0	19823.209698099992	-496.8148726128606
438.0	20259.856981407484	-209.73054252959264
439.0	34913.98868727059	-537.1038718444489
440.0	35154.287780732826	-431.2589296446111
441.0	35601.251742550055	-201.16008422760447
442.0	35166.369217969506	-216.20634105806917
443.0	36108.41057903003	-417.20487831607835
444.0	37018.20304731495	-436.60578589057167
445.0	36601.909750207546	-217.98309521124125
446.0	36789.1041005151	-544.6084261528912
447.0	37438.36995884776	-203.02875815831794
448.0	37010.65485678636	-218.8651950411489
449.0	37962.09209011573	-422.4493568810453
450.0	38816.805853399135	-221.52336583980892
451.0	38428.016513431074	-220.0727051311575
452.0	38843.98367169299	-441.95195895211265
453.0	39090.17077532339	-552.3818042622261
454.0	39536.71987129801	-216.89535080922846
455.0	39477.830988002184	-437.9959444872524
456.0	34190.85431047098	-412.5615088187808
457.0	34727.83676719458	-199.2518704737498
458.0	40282.62530215965	-447.59211832329464
459.0	39899.66246421605	-222.48959708870825
460.0	40074.29317195772	-555.3615558156857
461.0	40637.16416362554	-220.69185676517614
462.0	40271.049965885504	-225.14752351383018
463.0	40683.97160968466	-443.8084521403607
464.0	40992.37644271055	-218.795983149299
465.0	41719.650786845596	-454.9295837286293
466.0	41352.5665212686	-226.30525510191123
467.0	41497.18535246432	-562.4471644139653
468.0	42094.96728992977	-229.6893013447625
469.0	41723.67793259117	-230.46898722200422
470.0	42126.172253969184	-454.82189841710783
471.0	42457.24695197508	-220.33595033767537
472.0	42523.68402579948	-446.1405479757409
473.0	42812.851968146366	-221.91605642218929
474.0	42920.667630182754	-567.2795880155589
475.0	43563.65330413024	-453.6905679079801
476.0	43176.77415862108	-227.49868848352102
477.0	43358.10584675735	-566.1254932831052
478.0	43917.20908851257	-221.96858631464906
479.0	43548.05082211055	-226.5419691384741
480.0	43968.043680317256	-449.78918564987526
481.0	44288.60650253733	-221.58762017005938
482.0	11720.45007717614	-481.0682412971041
483.0	11829.729546274544	-538.0815313464028
484.0	11812.49344715203	-478.28456792588014
485.0	11704.311146775979	-444.47329585104825
486.0	11754.250475806592	-540.545290429433
487.0	11844.359590626873	-458.2584588343234
488.0	11692.20694897585	-417.02708676650064
489.0	11763.926716120104	-527.2971380050245
490.0	11778.075541666462	-541.8250766497033
491.0	11723.750367336112	-468.57819131395325
492.0	11800.67792460713	-540.2495451516421
493.0	11711.552236663076	-440.1626246521725
494.0	11769.012062882253	-518.0796461263284
495.0	11901.930348145886	-461.9529978908904
496.0	11684.137875814507	-398.72944114838793
497.0	11704.329930964965	-413.6474647338885
498.0	11813.46940425442	-530.174884114946
499.0	11676.068018575686	-380.43214132043266
500.0	11944.360293926604	-509.5531617481708
501.0	11846.387888768519	-525.174118571219
502.0	11687.395731442497	-386.79361982261617
503.0	11842.01278749288	-502.3398833717001
504.0	11916.126404849492	-531.2968154035758
505.0	11682.016118330272	-374.60699827876914
506.0	11882.567499485258	-488.19698558290594
507.0	17486.252276817253	-484.1220495952225
508.0	17710.61039462013	-211.82075709985656
509.0	12010.332807757572	-77.8029620039888
510.0	12093.813815181487	-419.51813613736886
511.0	12005.664115689528	-448.3513913908003
512.0	12062.160959151319	-520.6981072352024
513.0	12374.684498023109	-127.201974322772
514.0	12173.02997625299	-108.16335945072206
515.0	12187.773899956477	-366.1727430127503
516.0	18078.120602680647	-212.61331549257497
517.0	17811.045263279848	-490.0791337313619
518.0	12598.462611020694	-171.76248544610038
519.0	12469.338386842714	-492.00347067523717
520.0	12531.974866213675	-296.5234159539638
521.0	12397.787010369662	-251.96290483063544
522.0	18127.499064659787	-404.0270763190177
523.0	18441.396003122525	-207.79559625046144
524.0	18469.949327306964	-399.6186842117847
525.0	18801.691942219204	-207.63678887280062
526.0	18809.42012860895	-399.8692039690042
527.0	19162.585176164135	-208.28389800184473
528.0	19528.05410713424	-213.79373584633868
529.0	19297.353010716964	-490.00179496709643
530.0	14009.943185333957	-380.09546931691267
531.0	14032.909228353043	-194.41228837879558
532.0	19622.262350940066	-495.9962183430998
533.0	19941.740492033576	-408.4585821643045
534.0	20284.758290198402	-404.0095933001982
535.0	20620.442776322674	-209.59681524403518
536.0	15821.108509945416	-384.18270923269125
537.0	15847.726568358026	-196.04356548529177
538.0	20624.518947318895	-404.28519314952126
539.0	20981.14743649842	-210.2801239217491
540.0	21345.88093962993	-215.86867808036428
541.0	21108.949060125637	-495.91448237063105
542.0	17349.62604509166	-207.06871646155923
543.0	17006.569092862814	-196.73607178318585
544.0	17169.465030806194	-483.6897845535429
545.0	21713.90176479293	-216.50917464067848
546.0	21433.36724307288	-501.9823244107206
547.0	21755.97619598502	-412.8348610856861
548.0	22078.41592678458	-211.55673275585045
549.0	22099.665220181967	-408.2917463357385
550.0	22439.197981143734	-211.52782043420544
551.0	22799.673574543787	-212.30167933696308
552.0	22439.622136746428	-408.6721611489739
553.0	23163.85370465169	-218.061091952055
554.0	22920.49611151489	-501.89701277745417
555.0	23532.16057932182	-218.33065971892697
556.0	23244.667065751197	-508.0160591127178
557.0	23570.582995120378	-417.112308973217
558.0	23897.18474242502	-213.95017748682827
559.0	23914.782020428887	-413.1411538759988
560.0	24257.89884900433	-214.1128066502982
561.0	24618.39807336235	-214.30990440234018
562.0	24411.656205814634	-506.4224810566002
563.0	24984.23020793649	-220.11451417334078
564.0	24732.32956626273	-507.92594598146525
565.0	24939.35207255626	-420.5334719671525
566.0	25394.90185736751	-417.40604115459473
567.0	11731.50850076678	-486.75965975445916
568.0	11753.883808116581	-527.4637237223433
569.0	12225.265443691023	-285.3396685441451
570.0	12000.256090076073	-145.7252729967246
571.0	11671.227818361955	-350.1511693191084
572.0	11809.516653805767	-512.3726981692598
573.0	11856.360658660125	-482.5372761354253
574.0	11703.547417624344	-422.76983721226134
575.0	11662.841746870094	-331.6276053459369
576.0	11821.401694550252	-497.4451102011978
577.0	11783.171014991394	-520.1587230114504
578.0	11715.708928953873	-451.2691019266422
579.0	11792.06164960922	-508.581651499461
580.0	11759.931677854578	-508.6264345632347
581.0	11728.81867903342	-480.6605021801176
582.0	12118.722103896042	-356.94392762973195
583.0	12063.321874161009	-204.69813189170478
584.0	11701.641995718803	-336.4393965514949
585.0	12037.435630289117	-407.9794372692971
586.0	11936.657021031306	-470.22362895081943
587.0	11879.281471125614	-110.95097387428784
588.0	11747.391541922974	-510.3833217618303
589.0	11760.896446340652	-498.49747712421714
590.0	11739.228732372872	-492.37313485813746
591.0	11731.025982805191	-474.1165334638669
592.0	11732.824281133233	-453.45038411792
593.0	11705.926858353216	-378.598998878367
594.0	11718.398750687234	-457.3682595009862
595.0	11717.84819896418	-443.7387260814042
596.0	11696.247317944462	-395.9688929623541
597.0	11698.11718130471	-411.10736938274204
598.0	12061.678306413693	-312.38216183045733
599.0	11660.151925136734	-325.5284477715977
600.0	11886.945539753682	-430.49115501850855
601.0	11654.821078492541	-312.947596803487
602.0	11688.215720170107	-377.76599458141817
603.0	11646.743416362156	-294.61334557932906
604.0	11680.117664328385	-359.42084390586143
605.0	11638.979558146006	-276.4587295664969
606.0	11671.70257980165	-340.83808127040294
607.0	11630.94466476755	-259.192192198243
608.0	11662.020394265637	-318.88240269063925
609.0	11927.978143040396	-153.02528561520012
610.0	11626.815733969837	-248.2075268952661
611.0	11663.892642612234	-297.6383366337177
612.0	11652.131256759176	-306.8484392291405
613.0	11656.644654496899	-267.21862789031
614.0	11644.053594628795	-288.5141880049899
615.0	11718.094422794447	-164.0148491977816
616.0	11610.6740169857	-212.89190267428057
617.0	11639.863234342034	-267.88072445409244
618.0	11597.08260637363	-182.16608410656772
619.0	11626.352549597816	-235.52860545758207
620.0	11824.082544280083	-119.16062764132705
621.0	11627.941070184223	-215.90665266302676
622.0	11619.625208680436	-221.56003274679824
623.0	11586.364860602504	-157.41079381494396
624.0	11611.49683850613	-203.79646029945434
625.0	11595.629656028845	-141.88830775522607
626.0	11603.285071360782	-185.268956880432
627.0	11741.669974604274	-93.30562028039276
628.0	11603.852529315074	-160.66622061237044
629.0	11575.55823237609	-132.90350267320173
630.0	11593.705668346489	-163.3134390341438
631.0	11569.66681052913	-108.33835566162209
632.0	11583.675038869143	-151.3116362405999
633.0	11677.347613745324	-71.76964677983051
634.0	11667.424038565514	-92.30271206371496
635.0	11577.56517394576	-126.29039247062126
636.0	11554.397580551493	-84.79879682464768
637.0	11567.540344599069	-114.75791051569831
638.0	11627.888944943452	-56.58560354597527
639.0	11579.67853425307	-105.73497072186728
640.0	11563.248600814957	-93.62713590643398
641.0	11567.806055128336	-58.379726618404675
642.0	11555.526414347447	-75.50987964361654
643.0	11538.834666337601	-47.93042202211169
644.0	11577.416608591962	-32.58370598288699
645.0	11558.93054161528	-51.159544881025795
646.0	11583.945284465468	-57.32454512006613
647.0	11530.36995518361	-30.16317718157855
648.0	11541.467819272902	-54.10134920646427
649.0	11588.118704557555	-69.65575421602261
650.0	11564.544739704254	-70.35280803827239
651.0	11572.996622520024	-87.9088275606094
652.0	11621.932958634838	-74.86358378330624
653.0	11638.34445342468	-90.90497660927456
654.0	11601.391436801583	-77.912352404579
655.0	11582.039970921744	-94.43145742993754
656.0	11587.78057888137	-123.06314201729886
657.0	11596.824919125798	-91.7522237185379
658.0	11601.327034956377	-103.3920179725513
659.0	11612.017311172349	-179.70524213379394
660.0	11611.860728883685	-108.51286391432707
661.0	11597.117801191467	-130.06749328977943
662.0	11620.068488751322	-198.20801492744067
663.0	11653.298245636199	-126.88366602933577
664.0	11605.166063717503	-149.0556588887266
665.0	11731.709845144995	-119.40826132453124
666.0	11608.983300362699	-124.10205112404462
667.0	11613.271885420423	-167.85599336381225
668.0	11643.575892537207	-251.31547543438742
669.0	11676.408569008838	-113.04430811372004
670.0	11621.317618873647	-186.5116242656101
671.0	11647.670251513291	-261.2692053825861
672.0	11641.387198585826	-200.30094657987743
673.0	11628.906439601358	-204.69965600566502
674.0	11632.505804746514	-181.46070701885765
675.0	11814.572390405147	-156.58830987685602
676.0	11671.92899564554	-316.35792424828105
677.0	11638.010475180685	-221.58873373612732
678.0	11680.269586874847	-335.2649766876202
679.0	11656.077552990968	-279.34563852841774
680.0	11688.688113911447	-353.846436180754
681.0	11716.342995213645	-282.237858587403
682.0	11665.157698329565	-286.40790517414035
683.0	11745.420452677195	-145.73286315010532
684.0	11668.288854267243	-261.57923468035733
685.0	11909.088794282661	-202.48176745880968
686.0	11696.802049693875	-372.17015917506797
687.0	11742.22280832383	-249.4684936450552
688.0	11673.28588266021	-304.84626056061825
689.0	11681.31735532319	-323.5300223208008
690.0	11689.710185884891	-342.05323579839023
691.0	11712.755466142655	-407.93260913586226
692.0	11697.827986570419	-360.3871763601419
693.0	11949.093231950146	-250.08549810638215
694.0	11850.881968492942	-197.83513795342637
695.0	11855.5816230598	-432.45632540942216
696.0	11845.140436737114	-377.47156740597956
697.0	11728.695615660281	-443.3322901791665
698.0	11704.847596503469	-390.3203557422045
699.0	11754.222438570063	-396.7324375456228
700.0	11722.230639994994	-414.94994242464844
701.0	11741.148773988456	-471.64749128866
702.0	11742.030753482117	-459.6035556621646
703.0	11748.907371544725	-490.5448125368712
704.0	11762.520046343352	-478.5461526392634
705.0	11749.96502025522	-479.412716470814
706.0	12014.300604021593	-353.0640759827438
707.0	11726.316530926424	-391.658194392255
708.0	11717.963477469302	-372.7582947105232
709.0	11713.798084174725	-396.6943977773917
710.0	12031.04836479282	-259.6018751577528
711.0	11927.59145682047	-298.30410415624647
712.0	11962.168887271046	-348.5023953599036
713.0	11770.317034558413	-491.45662276456034
714.0	11754.945717088296	-455.7531109007347
715.0	11766.618763682769	-466.93048269567953
716.0	11793.531492569791	-478.35548584792076
717.0	11901.312010488145	-393.8281513340941
718.0	11709.778376574666	-354.63822922443796
719.0	11821.103472061402	-458.9005237952806
720.0	11837.584249244528	-410.1353939771531
721.0	11787.336061716802	-446.3951515599717
722.0	11540.211683086998	-39.63680992495938
723.0	11549.951520221854	-22.839252076412475
724.0	11624.125912236477	-242.10836932092448
725.0	11646.795622360072	-241.21244966336235
726.0	11708.862414929716	-434.0634670778284
727.0	11731.312429685453	-434.6015707731737
728.0	11733.844321069084	-411.84283744850353
729.0	11782.962508696153	-464.47145721545775
730.0	11882.85828853063	-311.5002750467781
731.0	11811.773815250008	-417.93213966860884
732.0	11831.560406181941	-227.94116569934704
733.0	11757.281931410515	-443.10614210943214
734.0	11806.51507049981	-440.8951360618351
735.0	11877.504281286849	-363.12949515383417
736.0	11693.552920142896	-318.15582289876085
737.0	11745.947256596957	-420.73915480305004
738.0	11820.955862626053	-359.1728535558941
739.0	11729.402662371256	-379.443448189224
740.0	11685.463296550797	-299.8513961188607
741.0	11734.500970237306	-348.1228352246083
742.0	11720.78905881421	-360.58050787152024
743.0	11774.886494499313	-326.1783621583624
744.0	11712.570313749608	-342.4836497981548
745.0	11677.28612317783	-281.3683453419435
746.0	11704.436961528467	-324.2769380186849
747.0	11702.421420581784	-275.9382366274246
748.0	11696.341974355833	-305.98886038448353
749.0	11688.198481351088	-287.6039123597632
750.0	11647.678241292975	-211.60499136584016
751.0	11679.850177609585	-268.66668548626814
752.0	11765.845341274771	-195.86962634373535
753.0	11669.135647873147	-248.36375050846013
754.0	11625.983749890494	-162.3315338189253
755.0	11643.737433608658	-188.75838825490064
756.0	11694.977068235583	-151.26666199180667
757.0	11660.560622523182	-153.3044998047238
758.0	11617.97456898015	-143.5508208940155
759.0	11635.917361515285	-169.12986534215452
760.0	11629.37289904779	-149.63692307277233
761.0	11629.945238404276	-105.23909336556244
762.0	11620.30366046272	-130.41802759478014
763.0	11635.914500172474	-120.47618673561858
764.0	11758.961877337353	-381.12661759461724
765.0	11721.298119182888	-425.34978687787225
766.0	11660.788750801032	-211.66011447324613
767.0	11637.180509950113	-232.09546851001264
768.0	11773.891368269165	-162.58686418962074
769.0	11675.316589961358	-195.53738593557986
770.0	11696.805973048453	-263.2014709196107
771.0	11698.12842673106	-123.4769501327731
772.0	11649.085735994086	-142.91160906725418
773.0	11656.072237128063	-180.3822412972489
774.0	11672.10685098075	-181.07189300793593
775.0	11650.78139720168	-166.82814533347118
776.0	11716.027355215638	-185.7794337930609
777.0	11732.023229954788	-318.01148177747626
778.0	11728.987926846778	-336.10370704434416
779.0	11854.7619902117	-292.761109404523
780.0	11712.998733787987	-300.04099858536455
781.0	11718.400582667286	-312.2289659984769
782.0	11744.713164180563	-371.968734620544
783.0	11793.818542801588	-403.7077983072401
784.0	11768.02883287391	-346.5034173531846
785.0	11746.985890701706	-352.82590849493135
786.0	11773.328531025634	-436.20720824889094
787.0	11744.34788602543	-433.0980436744964
788.0	11774.552267360226	-416.48285138938564
789.0	11776.870615173075	-367.98352172815066
790.0	11754.103226983163	-308.4127482008019
791.0	11795.444402685047	-377.61233876569895
792.0	11700.212511836775	-248.83845936168896
793.0	11677.96794762188	-160.81665772972337
794.0	11722.968770084792	-238.16525734170622
795.0	11825.22340885686	-326.0916156614937
796.0	11787.204801099753	-219.97709977689132
797.0	11757.69497317709	-287.28746728783636
798.0	11658.084064072478	-238.8125009197053
799.0	11736.887593968444	-399.7893007745806
800.0	11760.10503831663	-411.02289637848054
801.0	11806.154588633857	-280.1023712541185
802.0	11772.261604737207	-245.4008947949939
803.0	11736.256564535026	-272.99745186692115
804.0	11782.602639930194	-271.4000963592286
805.0	11693.8910498205	-198.1525735482161
806.0	11684.103510003808	-241.08818975644922
807.0	11664.978863579667	-224.57786907898603
808.0	11840.169158523058	-262.0672356123396
809.0	11802.030189396903	-313.7553561402868
810.0	11682.305425996004	-226.32224135172387
811.0	11735.307358103999	-200.78020989949923
812.0	11696.689773076514	-216.01967435862025
813.0	11721.244115332333	-220.11242074336283
814.0	96.58468599768649	-456.80287690758047
815.0	8092.723179062455	-104.59494378199982
816.0	11478.73030834192	-3.6162997181633423
817.0	11465.578951221274	-4.702974657714549
818.0	11448.524702480385	-6.0444026588080915
819.0	11426.187425965649	-7.770701053094247
820.0	11062.97318202717	-38.78609783952485
821.0	11454.203528225653	-31.21160487826546
822.0	11530.05343585498	-102.25140073720131
823.0	11360.162671846441	-13.163546854489747
824.0	11538.009315030844	-120.54401871835103
825.0	11545.965194206708	-138.83663669949888
826.0	11279.663974831075	-417.49824160490726
827.0	11561.946031929523	-175.38556059913458
828.0	11328.40768355923	-517.2079752439182
829.0	11569.832831734302	-193.71449064294566
830.0	11577.788710910167	-212.00710862409358
831.0	11391.966353716578	-141.94058161818808
832.0	11577.396947252846	-230.41682619873686
833.0	11389.891440621412	-445.77647319821455
834.0	11382.81044336086	-493.733611764073
835.0	11583.459914365909	-255.69785864054043
836.0	11591.448731977982	-274.0126142865515
837.0	11625.523985965352	-321.7628165109857
838.0	11470.175704870142	-505.80774874318223
839.0	11622.236676381553	-333.79463117104643
840.0	11649.391623492944	-376.6406704544334
841.0	11537.908213213144	-515.0000911525981
842.0	11541.671601795337	-485.9533054481799
843.0	11590.325522175453	-522.4000497507863
844.0	11669.92980256241	-443.4860233014139
845.0	11631.352159788257	-527.5183431548959
846.0	11662.899044176002	-531.3436780307762
847.0	11709.452096163537	-514.3037106637121
848.0	11687.16352591423	-535.4991945599612
849.0	11713.021875691333	-543.2722819135346
850.0	11726.111588443746	-544.6569548806256
851.0	257.70442411063965	-374.68276071682493
852.0	520.8067366994036	-98.64619014257778
853.0	894.2829012365823	-103.5163678599394
854.0	1257.6233471262515	-99.58332392109378
855.0	1597.8962501108497	-452.76680554187305
856.0	1614.5256998956472	-90.74437054986068
857.0	1975.9126204716442	-99.9894774810053
858.0	2336.8131133807624	-103.76312657791141
859.0	2697.1831900421626	-99.55826556358306
860.0	3044.627715870313	-453.2805864229984
861.0	3054.575635242111	-90.81285840794453
862.0	3415.754832458828	-100.3001256770317
863.0	3776.7280689473296	-103.80825177446286
864.0	4136.726925143809	-99.57096499381184
865.0	4491.50706720589	-453.7635105574748
866.0	4494.773456164688	-90.85048951937931
867.0	4855.533773482424	-100.33722306429672
868.0	5216.572447827953	-103.94954759309242
869.0	5576.381151310218	-99.55811574715138
870.0	5930.521046257497	-100.16742932217782
871.0	6091.171175549717	-372.8679147810105
872.0	6431.603009819169	-376.41108563584066
873.0	6653.950859311194	-103.66607087470386
874.0	7015.282121370667	-99.80196562339597
875.0	7370.230922532327	-100.17955878359423
876.0	7688.909244864143	-455.10590180988856
877.0	7725.434533392542	-91.2132361211017
878.0	11492.84216982236	-7.623870955820597
879.0	8454.399959504995	-100.02186341400905
880.0	8809.910194835878	-100.11975670138766
881.0	9135.990584757574	-455.82658589462704
882.0	9165.834342872973	-91.48862718279861
883.0	9533.118711614989	-104.27967736809524
884.0	9891.896162837775	-99.96130742783969
885.0	10233.907928022438	-95.39379305340951
886.0	10416.542529927128	-366.4039120970328
887.0	10658.126851983443	-147.3208673631801
888.0	10845.426807680378	-225.91971390394278
889.0	11519.249679465387	-68.88278063251964
890.0	11570.962894108505	-187.78479750998613
891.0	11610.742289987827	-279.2478874157293
892.0	11638.587867103352	-343.27205034974924
893.0	11662.455504630949	-398.14990429319613
894.0	11682.345202570606	-443.8814492460676
895.0	11698.256960922337	-480.46668520836425
896.0	11706.177433934958	-498.8320044773256
897.0	11718.864955301315	-528.0341841250282
898.0	11721.516915026603	-534.1317234520778
899.0	450.87379610601283	-460.31239071615687
900.0	119.8956661954834	-95.2257349386097
901.0	649.0936803674914	-383.01792294045873
902.0	970.8973722429715	-465.3606856427352
903.0	1287.6158577370472	-461.51670030849783
904.0	1912.6612102912532	-462.10097107762596
905.0	2111.322547144611	-384.83061550837914
906.0	2420.109114800151	-466.0527373837487
907.0	2733.8572310659583	-461.93693497402865
908.0	3359.184952691436	-462.85691229669396
909.0	3555.67248555906	-385.4090354124778
910.0	3866.7056007797178	-466.54315560334175
911.0	4180.082496580604	-462.394927427299
912.0	4805.645424128033	-463.3393027070005
913.0	5120.062138077968	-467.0406858404045
914.0	5313.231510073339	-467.1297444450128
915.0	5626.418253160012	-462.8273712036801
916.0	5933.936187711696	-463.5257433833149
917.0	6564.122079974207	-467.2025021450575
918.0	6757.29145196958	-467.29156074966585
919.0	7072.000753633457	-463.51651410296625
920.0	7380.327594399524	-463.9831658677728
921.0	8009.575930138464	-468.576668075395
922.0	8202.745302133837	-468.6657266800034
923.0	8517.800122180786	-464.1817049166209
924.0	8826.688397116073	-464.3686568086078
925.0	9456.652993103997	-468.706694684532
926.0	9649.82236509937	-468.7957532891403
927.0	9964.556527982231	-464.56644195349304
928.0	10275.773264096613	-460.08798618367126
929.0	10566.639992439787	-453.4215774152444
930.0	10826.921574903083	-482.04977771752056
931.0	11503.337921113658	-32.29754467022164
932.0	11037.144401708798	-499.73795078178097
933.0	11527.205558641253	-87.17539861366674
934.0	11200.661974176452	-509.06898921546895
935.0	11547.095256580913	-132.90694356653992
936.0	11121.395643900885	-67.01192353757597
937.0	11555.05113575678	-151.19956154768826
938.0	11559.02907534471	-160.34587053826303
939.0	11539.139377405047	-114.61432558539163
940.0	11413.339699727347	-17.958003949418828
941.0	11515.271739877455	-59.73647164194306
942.0	11507.315860701592	-41.44385366079458
943.0	11499.359981525728	-23.151235679646273
944.0	11495.338851122337	-13.364385138049661
945.0	7875.125609189992	-377.776777398647
946.0	8274.322171079093	-204.61680719600886
947.0	11488.69687427212	-4.914229005006746
948.0	11511.293800289523	-50.590162651370115
949.0	11472.903926219346	-8.31927437587789
950.0	11484.2099831792	-8.530528723170088
951.0	11523.227619053321	-78.02908962309318
952.0	11458.005679026823	-10.74737731652264
953.0	11470.72406375571	-24.703057638038143
954.0	11531.183498229184	-96.32170760424151
955.0	11438.633446399574	-13.815103711902339
956.0	11499.567772759094	-64.8982645705596
957.0	10926.052445699383	-50.04870855103445
958.0	11249.74755857898	-21.88833519428029
959.0	11514.141677503249	-65.66616477490366
960.0	11521.7406304349	-102.98712071430494
961.0	11526.075496267049	-93.10509174662614
962.0	11385.711258585477	-46.694444668618566
963.0	11563.076094303726	-169.45586746617465
964.0	11312.028967570079	-17.05731392581932
965.0	11535.161437817116	-105.46801659481628
966.0	11526.683497868298	-114.58180220757231
967.0	11380.935914084022	-23.35084975081433
968.0	11542.347127380504	-150.17572507538003
969.0	11539.695167655213	-144.07818574833087
970.0	11543.117316992983	-123.76063457596457
971.0	11578.918773284371	-206.0774154911345
972.0	11551.073196168843	-142.05325255711287
973.0	11371.321228403764	-66.41646805055704
974.0	11168.96274661879	-28.225825698051114
975.0	11284.46284686435	-38.94564912009961
976.0	11338.694784288913	-30.220860780309067
977.0	11292.294471360838	-77.68598839950164
978.0	11586.874652460234	-224.3700334722829
979.0	11590.85259204817	-233.51634246285641
980.0	11566.984954520574	-178.63848851941137
981.0	11126.78072597887	-461.3854053883349
982.0	11552.133162009835	-184.28412566954663
983.0	11626.654048339557	-315.83312337802596
984.0	11594.830531636102	-242.662651453433
985.0	11574.940833696439	-196.93110650055974
986.0	11598.808471224032	-251.80896044400637
987.0	11573.810771322234	-202.86079963351963
988.0	11602.786410811963	-260.9552694345778
989.0	11582.896712872303	-215.22372448170805
990.0	11606.764350399892	-270.10157842515446
991.0	11581.766650498097	-221.15341761466757
992.0	11585.342125413503	-248.99190391332453
993.0	11585.744590086031	-230.29972660524155
994.0	11614.72022957576	-288.394196406304
995.0	11589.722529673965	-239.44603559581728
996.0	11618.698169163692	-297.54050539687756
997.0	11593.7004692619	-248.59234458639307
998.0	11622.676108751626	-306.6868143874512
999.0	11597.67840884983	-257.73865357696377
1000.0	11599.369692756321	-292.22985420804935
1001.0	11601.656348437757	-266.8849625675377
1002.0	11428.046049650575	-524.0682480902734
1003.0	11575.472585229232	-237.08177104680803
1004.0	11650.521685867148	-370.71097732147297
1005.0	11634.609927515421	-334.1257413591761
1006.0	11609.612227613623	-285.17758054868983
1007.0	11614.192223785287	-315.81485365566624
1008.0	11613.590167201553	-294.3238895392638
1009.0	11606.971174889592	-310.25035166913295
1010.0	11617.56810678949	-303.4701985298366
1011.0	11642.565806691286	-352.4183593403247
1012.0	11621.546046377416	-312.61650752041055
1013.0	11646.543746279218	-361.5646683308994
1014.0	11630.631987927489	-324.9794323686007
1015.0	11633.151098681425	-358.3514907754434
1016.0	11629.501925553284	-330.90912550156145
1017.0	11505.3746362636	-529.3234220927338
1018.0	11475.60280764105	-468.0631024390829
1019.0	11670.41138380681	-416.44252227434436
1020.0	11658.477565043015	-389.0035953026213
1021.0	11637.457804729149	-349.2017434827097
1022.0	11641.050452242032	-377.0138979901367
1023.0	11641.435744317081	-358.34805247328546
1024.0	11666.43344421888	-407.29621328377084
1025.0	11645.413683905013	-367.49436146385943
1026.0	11646.343849458382	-389.19553645789347
1027.0	11654.499625455084	-379.8572863120478
1028.0	11674.389323394744	-425.58883126491924
1029.0	11653.369563080878	-385.7869794450074
1030.0	11565.143066989325	-533.2925702401454
1031.0	11646.752799871096	-401.70681507138033
1032.0	11639.13274058168	-383.6390708606371
1033.0	11686.323142158542	-453.0277582366423
1034.0	11661.325442256746	-404.07959742615645
1035.0	11678.367262982676	-434.73514025549275
1036.0	11660.933427062357	-458.90002489656945
1037.0	11665.303381844677	-413.2259064167304
1038.0	11669.281321432607	-422.3722154073044
1039.0	11690.301081746473	-462.1740672272176
1040.0	11667.277842837124	-437.38848397436476
1041.0	11673.259261020541	-431.51852439787837
1042.0	11611.400842255069	-536.7480964805665
1043.0	11694.279021334405	-471.3203762177906
1044.0	11681.215140196402	-449.81114237902756
1045.0	11685.193079784338	-458.95745136960323
1046.0	11702.234900510268	-489.6129941989397
1047.0	11678.456136255985	-475.211990940966
1048.0	11689.171019372268	-468.1037603601772
1049.0	11647.355377846709	-538.4298518438394
1050.0	11677.8102726218	-462.16840355940866
1051.0	11665.488072561335	-517.4461367812237
1052.0	11697.126898548135	-486.39637834132395
1053.0	11710.499569146705	-507.85738338542706
1054.0	11675.085583875238	-540.588248160429
1055.0	11705.356161021322	-504.71346881562386
1056.0	11677.223431258064	-511.90291906761195
1057.0	11699.848821019732	-523.3528770145622
1058.0	11705.656286046991	-538.1742640876181
1059.0	11714.251308665103	-517.5685553159882
1060.0	11696.458837384087	-542.5968201092901
1061.0	11689.530874268765	-525.0487614622058
1062.0	11706.6789213281	-529.3807540906455
1063.0	11720.395903406185	-540.2275232923762
1064.0	11713.839542730215	-525.3342024127388
1065.0	695.7156407630852	-202.16255800251716
1066.0	281.01540430843664	-193.87192508118747
1067.0	1072.8452526034828	-203.09969178103316
1068.0	777.7280002475981	-465.2716270381268
1069.0	1099.496998007779	-384.0441153235831
1070.0	1433.4010526760976	-190.32769447095447
1071.0	1792.0033274350399	-190.73384803086597
1072.0	1436.7418178825967	-371.31664731580855
1073.0	2154.6037423337048	-203.75260405891672
1074.0	1772.0331124437428	-371.7673301780242
1075.0	2516.187313317773	-203.32139214149447
1076.0	2226.939742804778	-465.96367877914037
1077.0	2546.179823928569	-384.4884621955652
1078.0	2874.2628365926716	-190.3711239715276
1079.0	3233.147480422886	-191.11298408497623
1080.0	2880.944367005671	-371.58272332790244
1081.0	3595.6129155416547	-204.10837745149456
1082.0	3216.5180306380885	-372.36911274365525
1083.0	3956.898009640185	-203.3792167682747
1084.0	3673.536228784345	-466.4540969987334
1085.0	3990.231285457481	-384.76893333386624
1086.0	4315.2563982710935	-190.42145451319115
1087.0	4674.376248023259	-191.18771258367602
1088.0	4325.278693890593	-371.8557003810868
1089.0	5036.4882411000735	-204.28677065738916
1090.0	4661.087563444962	-372.66648775387586
1091.0	5397.648620341417	-203.5076633402438
1092.0	4999.8885763239805	-385.81007512989316
1093.0	5434.322661365212	-385.1200264173561
1094.0	5751.91022018451	-199.7255450693292
1095.0	6101.119094921516	-191.16649309928985
1096.0	5765.273281010509	-381.38243744874563
1097.0	6285.277024633673	-90.99906377711204
1098.0	6242.070205692281	-454.4464364428574
1099.0	6835.180007539305	-203.46803649809985
1100.0	6464.861909388764	-194.66513465181592
1101.0	6875.194813769599	-385.3030460867329
1102.0	7191.773072173989	-199.9815244069902
1103.0	7542.238485609414	-191.39279490469593
1104.0	7208.476898206485	-381.8610632979274
1105.0	7905.0437435530885	-195.80817990310152
1106.0	7535.631331444113	-373.3168630979373
1107.0	8317.677742515887	-386.6744632961627
1108.0	8631.822188266067	-200.1416201153967
1109.0	8983.569573047595	-191.60838388418628
1110.0	8651.866779505062	-382.2438055178547
1111.0	9347.091091240254	-195.76830455089384
1112.0	8980.303184088794	-373.7550985889484
1113.0	9716.044584674271	-204.2409847959349
1114.0	9320.513722083657	-377.9595485579601
1115.0	9762.740921317565	-386.52128740760946
1116.0	10072.973733820587	-195.3551004812492
1117.0	10530.411974888017	-88.64075782734032
1118.0	10098.937762321746	-377.6799323952279
1119.0	10400.641222354114	-184.03455088074983
1120.0	10848.217328128683	-108.72881808687423
1121.0	10751.880695781014	-58.68010953583977
1122.0	10701.787895621885	-388.24311201603
1123.0	11000.748255878692	-88.83480639055931
1124.0	11511.579664734223	-79.90334901977273
1125.0	11518.119617091184	-74.81247376547945
1126.0	11559.082386261973	-200.83000179110863
1127.0	11565.854892146368	-184.5681816523717
1128.0	11605.634288025687	-276.0312715581147
1129.0	11633.479865141218	-340.0554344921356
1130.0	11653.974430982033	-407.27672085497943
1131.0	11657.34750266881	-394.93328843558135
1132.0	11675.158312896512	-456.0708642323577
1133.0	11677.237200608472	-440.6648333884523
1134.0	11688.686820632252	-487.0770408746939
1135.0	11693.148958960199	-477.25006935074936
1136.0	11701.06943197282	-495.6153886197108
1137.0	11699.440274640709	-509.50000849981615
1138.0	10722.292140287496	-264.51176318024864
1139.0	11007.522889924629	-177.56019811800692
1140.0	11499.226800961638	-52.20607367723884
1141.0	11506.185798327386	-47.3735467937544
1142.0	10930.036559297014	-255.96499609555062
1143.0	10941.081951796601	-434.4528884039417
1144.0	11132.122809978508	-132.54322642076795
1145.0	11522.097556679117	-83.95878275605217
1146.0	11270.422949803256	-478.7873707927509
1147.0	11078.108996113182	-328.606193280134
1148.0	11533.458727764768	-140.79039478306018
1149.0	11541.987254618776	-129.69032770892497
1150.0	11267.511014318066	-110.43545897247789
1151.0	11213.90861936813	-50.114160892331405
1152.0	11551.664042276718	-171.24533716734322
1153.0	11549.943133794643	-147.98294569007285
1154.0	11557.968092341589	-166.23925160856064
1155.0	11546.540893191928	-160.98628750335547
1156.0	11553.921073382575	-157.12925468064864
1157.0	11531.968792628839	-126.23469054956406
1158.0	11534.031375442913	-111.39770972777706
1159.0	11397.47603018638	-10.187302896324582
1160.0	11519.500754822422	-109.38782905171517
1161.0	11506.722687613283	-69.04420048356057
1162.0	11510.163737915318	-56.51985578432851
1163.0	11491.82908917741	-34.57913534515895
1164.0	11502.207858739455	-38.2272378031803
1165.0	11482.816000559118	-17.35568489630926
1166.0	11486.101677522425	-31.734084203108978
1167.0	11498.229919151525	-29.08092881260635
1168.0	11487.343530715169	-22.36082282980927
1169.0	11494.20100474436	-19.276180838899162
1170.0	10968.187013821627	-340.7308566025584
1171.0	11693.660996097802	-499.1133432219188
1172.0	11702.210229920276	-516.0414806843795
1173.0	11475.35912394616	-17.144430549017063
1174.0	11569.152026058926	-212.21768265976502
1175.0	11080.474982150723	-193.04279245016446
1176.0	11140.64025835823	-383.97567968807124
1177.0	11441.62235733722	-27.807379124175288
1178.0	11494.481048902699	-40.676674672208115
1179.0	11512.352800864215	-93.00199384506368
1180.0	11417.270306666773	-36.01122653939925
1181.0	11492.630053499088	-48.725817413306835
1182.0	11692.853111679326	-507.11649876372576
1183.0	11686.034860906962	-480.97950154764413
1184.0	11677.496813351027	-498.3438305480037
1185.0	11685.305120207931	-515.3538553959328
1186.0	11632.706041312516	-510.0585967464079
1187.0	11686.386386719372	-493.79161133451754
1188.0	11668.452971167402	-493.36320085132866
1189.0	11680.462232347089	-468.2659428864578
1190.0	11593.469616482527	-499.4846604480396
1191.0	11647.5176051655	-501.20551607193556
1192.0	11668.437840022127	-479.9947013676386
1193.0	11653.110741827308	-416.4133411605665
1194.0	11661.983650453103	-425.24345019175234
1195.0	11668.980977224654	-452.9623610123593
1196.0	11641.935642411992	-460.4207251609508
1197.0	11601.605073724291	-457.5673429126873
1198.0	11661.110234231825	-434.3300256258535
1199.0	11631.243909255296	-364.99010383228534
1200.0	11659.331690727815	-419.1459108647032
1201.0	11615.898818086402	-496.3729607693319
1202.0	11652.47130926	-440.2387276609752
1203.0	11636.839279420703	-404.21059883477636
1204.0	11621.711992433322	-343.1122246578686
1205.0	11648.995809183674	-395.29307578494263
1206.0	11607.54677616693	-383.9608124711497
1207.0	11613.360956438337	-324.96574484629144
1208.0	11638.398492516746	-370.9163586630875
1209.0	11606.565035794296	-297.73785034921474
1210.0	11630.499138956135	-352.2539514483924
1211.0	11572.050549878588	-481.33039523298066
1212.0	11613.108801931805	-348.6411836444554
1213.0	11598.634862476152	-279.50173821343395
1214.0	11627.847179230848	-346.15641212134307
1215.0	11572.92743867098	-322.8153193263444
1216.0	11590.688195840099	-261.22799244656636
1217.0	11619.584716656265	-327.69709184399545
1218.0	11565.007145779018	-304.48953493352275
1219.0	11609.216995519586	-303.83538967626265
1220.0	11514.565127616692	-462.53199008421626
1221.0	11555.950796118968	-232.79880217700293
1222.0	11601.286822201442	-285.5992775404843
1223.0	11593.340155565384	-267.3255317736155
1224.0	11566.500066333634	-206.12014333271586
1225.0	11582.690165688213	-242.89436458627355
1226.0	11574.744987527558	-224.3192868716877
1227.0	11557.037299216578	-221.3912544942003
1228.0	11558.633129563146	-188.2565029072492
1229.0	11567.238365050522	-218.60016777439964
1230.0	11440.554149682031	-438.36646322031567
1231.0	11223.762531583627	-370.37013432736165
1232.0	11581.528930257415	-276.4894151250696
1233.0	11344.729705847602	-407.9617074902162
1234.0	11238.242220766164	-309.94128094762317
1235.0	11528.451636374442	-173.18331485672465
1236.0	11357.450457719015	-365.52433299835667
1237.0	11545.344845089194	-169.20898891975244
1238.0	11561.285089288433	-194.35404223429836
1239.0	11189.921585242248	-254.26356013348246
1240.0	11327.548768381117	-151.24260874627862
1241.0	11223.840450610733	-99.92094539112698
1242.0	11415.868972190607	-71.3878878377571
1243.0	11540.074949151995	-157.2493737557023
1244.0	11534.620752354129	-132.33222987661324
1245.0	11482.248671199844	-51.92923449607648
1246.0	11326.243804122429	-85.7069794834844
1247.0	11524.886111433647	-145.80460788892879
1248.0	11345.077996344779	-60.13018705857212
1249.0	11530.18562414243	-161.82451471832806
1250.0	11407.76011599433	-91.96002845799876
1251.0	11525.750977428428	-123.48908989639995
1252.0	11509.94680538207	-112.3658105012396
1253.0	11505.290737218458	-77.35169159546983
1254.0	11519.088670709614	-96.88958138725457
1255.0	11112.910633814665	-259.3229271052837
1256.0	11189.621743939011	-143.56391308003867
1257.0	11406.181981627264	-51.58412040410925
1258.0	11502.169314931702	-97.48543477731998
1259.0	11476.939087175924	-34.28757335863005
1260.0	11433.106943842722	-39.816199055347624
1261.0	11456.04405366545	-55.01179688000593
1262.0	11460.695593834442	-21.92230412370706
1263.0	11473.611096394312	-43.38481124697304
1264.0	11641.416417361672	-484.8300212916577
1265.0	11659.075234374182	-504.77248029730316
1266.0	11214.984867538813	-199.0041121376339
1267.0	11341.722682996007	-117.41108293986888
1268.0	11460.904007365309	-43.08959628093953
1269.0	11516.787682846509	-129.5150486680791
1270.0	11465.646808217956	-65.63250270294232
1271.0	11440.828161031293	-55.142625408504195
1272.0	11423.926327457864	-110.88344617464782
1273.0	11488.540710957403	-68.69472950000711
1274.0	11434.678514418687	-71.14142032620369
1275.0	11548.603397573992	-203.37006823148553
1276.0	11294.610833536193	-294.5647678655384
1277.0	11495.327163428856	-127.7899653111546
1278.0	11383.68309524927	-91.87828440628937
1279.0	11508.166253846028	-123.58574242877587
1280.0	11504.52823816814	-148.77720862572292
1281.0	11515.758861578443	-140.3236320906376
1282.0	11268.978992357232	-197.21366133911474
1283.0	11372.918742063868	-117.29610687068892
1284.0	11515.646152647625	-179.34618213565787
1285.0	11287.286432464765	-152.2879758628704
1286.0	11573.535505838116	-258.2092056980887
1287.0	11352.527565299175	-180.69885271504322
1288.0	11300.284322830696	-237.0965962528785
1289.0	11533.995792386073	-219.67915654070399
1290.0	11451.745466923969	-405.69361809486327
1291.0	11547.145991674353	-214.50006615641738
1292.0	11541.046217570454	-250.3785454155412
1293.0	11565.55347979194	-239.72142996879862
1294.0	11589.450200193887	-294.71151353559935
1295.0	11564.172631585772	-251.09414022933638
1296.0	11557.075995281388	-286.24671124082624
1297.0	11597.052951292093	-312.7384480849628
1298.0	11572.169965454377	-269.2649100061597
1299.0	11400.606874405186	-355.3033582970599
1300.0	11551.941991481895	-256.08206925506494
1301.0	11522.467853320384	-436.6558308090862
1302.0	11604.756372036643	-330.49503650759726
1303.0	11580.121548055793	-287.5089680430272
1304.0	11580.832658200388	-341.1501601002107
1305.0	11588.05329949701	-305.75637575611853
1306.0	11621.315363758096	-367.4734114401029
1307.0	11595.669415786093	-323.83224173280195
1308.0	11488.976343085293	-395.28006372739947
1309.0	11629.226241034388	-386.12599832148106
1310.0	11553.669131246357	-405.25508192844245
1311.0	11603.7029216157	-341.804112155414
1312.0	11600.179760307503	-365.35422823629295
1313.0	11611.967402957418	-360.26621804279847
1314.0	11578.760230422466	-461.3734537846406
1315.0	11549.936756322631	-431.0361886243815
1316.0	11619.8894273349	-378.9353633952742
1317.0	11644.482963132488	-422.0869897400377
1318.0	11627.849809323343	-397.2350173456586
1319.0	11623.868149868069	-420.78298056730574
1320.0	11615.360178186356	-402.5478501902077
1321.0	11635.433131836819	-415.4541531978466
1322.0	11643.390966923815	-433.7770311428212
1323.0	11631.45841159073	-440.7059831595646
1324.0	11659.744426225638	-472.8887778702895
1325.0	11651.917347565643	-452.28361955722175
1326.0	11621.917677622456	-481.66823272486846
1327.0	11630.557048773262	-455.30478528144766
1328.0	11647.186170463176	-474.5385818701252
1329.0	11508.906127191074	-159.5214694707679
1330.0	11522.559206177175	-156.71630948035104
1331.0	11538.6282292046	-195.36968607484428
1332.0	11486.679158172146	-77.92913039850055
1333.0	11501.878760686925	-58.30361300428816
1334.0	11514.231624459513	-86.00088834682067
1335.0	11554.316002002006	-177.34287649439239
1336.0	11541.281270476626	-185.80847273324085
1337.0	11605.380299652248	-440.2500607369778
1338.0	11616.30883708523	-466.26085342383277
1339.0	11620.985425830653	-434.34476912624024
1340.0	11585.671056167897	-423.82608190015645
1341.0	11599.791261754785	-426.9761851391225
1342.0	11612.78466631497	-414.8522590487846
1343.0	11587.69824127116	-405.6185858615166
1344.0	11591.688900234998	-347.30963747068427
1345.0	11604.393958729437	-396.4642802419057
1346.0	11511.003014157148	-407.30794341185174
1347.0	11597.185069940211	-377.586870709473
1348.0	11575.283474575306	-369.137724309651
1349.0	11589.307137901187	-359.23471915322017
1350.0	11554.081384463798	-325.11501762065274
1351.0	11561.784674718285	-363.36299387308827
1352.0	11583.75972333054	-328.98184001014505
1353.0	11575.837479331452	-310.683648720157
1354.0	11567.894313806479	-292.3597164769121
1355.0	11559.944264727666	-274.17145768803147
1356.0	11500.12497827111	-273.66360846927773
1357.0	11549.079165007526	-268.10368240568897
1358.0	11523.348050739209	-253.04887915973464
1359.0	11411.212443506187	-192.01085948443097
1360.0	11543.674174001359	-238.4679885980169
1361.0	11531.610477810684	-232.23953129950087
1362.0	11523.219520794895	-211.54195941627782
1363.0	11537.144913281272	-176.83087531049583
1364.0	11371.035785999002	-286.00112502923383
1365.0	11334.868641562067	-320.6557083902223
1366.0	11343.570559856287	-221.62715474539877
1367.0	11513.839999270573	-190.76631841307926
1368.0	11385.749091566779	-171.51180165613263
1369.0	11488.340582445351	-178.1526071560676
1370.0	11438.112416653088	-150.6226132758537
1371.0	11447.732177102254	-86.13550436397857
1372.0	11418.896918365519	-135.4461768704376
1373.0	11492.717969019039	-142.17284808554314
1374.0	11476.582791857705	-150.8395546425892
1375.0	11462.09326272545	-118.93084544185952
1376.0	11490.129032490333	-117.10113848115559
1377.0	11445.08884633771	-105.30538959218104
1378.0	11479.14433672335	-62.25472535297937
1379.0	11463.484578267373	-80.75741526921547
1380.0	11496.274269579015	-82.4401565809623
1381.0	11477.857510642352	-111.11009903599931
1382.0	11500.677215199394	-107.39977343256048
1383.0	11493.705691024914	-92.52402460104547
1384.0	11475.12055398751	-86.61403881774595
1385.0	11479.942069444622	-96.44732381112969
1386.0	11568.415250763535	-440.9060683699651
1387.0	11580.508822022084	-381.3892182540985
1388.0	11431.859820804153	-371.8973372966082
1389.0	11533.700703629911	-276.69669888551243
1390.0	11374.06421499872	-244.44074299707017
1391.0	11574.17481079053	-396.9174656353862
1392.0	11488.021753425417	-358.9676942548387
1393.0	11502.476294426613	-231.80726248182586
1394.0	11503.727061429512	-170.79254198767816
1395.0	11460.146242133174	-139.6853384297424
1396.0	11456.438070635433	-186.30169389816683
1397.0	11516.846231101379	-240.85597657293343
1398.0	11436.64520394356	-177.61607585190254
1399.0	11401.345679417223	-307.29945461271035
1400.0	11408.48457238102	-224.01149879501295
1401.0	11481.100573195557	-259.75690785073266
1402.0	11466.236121204347	-205.09968264922963
1403.0	11539.040967371262	-288.77673461263066
1404.0	11548.814320262056	-312.89320964315885
1405.0	11458.518954525367	-345.8109535976446
1406.0	11518.865363273035	-267.34541947908184
1407.0	11509.997146762786	-312.33809502995564
1408.0	11533.66646037939	-303.29341455835265
1409.0	11549.033106932526	-337.4318895504266
1410.0	11535.817381024344	-390.2351839720862
1411.0	11564.95209600956	-347.3005113461839
1412.0	11425.11160266198	-292.9038851476727
1413.0	11530.668471554292	-349.92759137603554
1414.0	11540.78383511951	-369.71806979949116
1415.0	11509.409767517633	-340.5378419060298
1416.0	11526.394551713782	-198.36248687535
1417.0	11486.52928498383	-197.33116667546847
1418.0	11493.932218674263	-298.08243621209067
1419.0	11434.578227520344	-237.85325770545705
1420.0	11451.031931371157	-314.8214051330586
1421.0	11461.686369314135	-271.0651710871081
1422.0	11482.783780798904	-238.69126310422885
1423.0	11474.341833069493	-170.4624475349648
1424.0	11506.46426954474	-215.0536200839671
1425.0	11500.109610590936	-201.3912377845004
1426.0	11461.770428706193	-223.89860573581382
1427.0	11469.551652704424	-297.4987892502275
1428.0	11436.177375731633	-263.9541783102475
