1.0	28401.71735951511	-2361.9007739317253
2.0	27526.4534776037	-2383.6680622007684
3.0	27319.744630496803	-2359.220291637572
4.0	27809.470598099477	-2355.994166054577
5.0	28124.774848176316	-2940.6161936597287
6.0	27422.479738830036	-2442.701033392032
7.0	27663.440582455765	-2600.661497067242
8.0	27771.323204908967	-2679.794397901603
9.0	27945.342384627682	-2822.515590147604
10.0	28287.78902035289	-3111.5325669925173
11.0	28483.71109732516	-3096.5394911562676
12.0	28704.7459219148	-3042.804750001595
13.0	28983.483492445466	-2989.4833252682038
14.0	29293.470842162827	-2982.477995129788
15.0	29597.07259934825	-2982.779944358032
16.0	29898.44640532979	-2981.6030679404917
17.0	30199.7909091975	-2978.5411345864954
18.0	30502.23893637054	-2975.0158298714755
19.0	30806.45084535606	-2971.851439107582
20.0	31112.03863169412	-2972.0799378212887
21.0	31416.506190312448	-2976.7917559447123
22.0	31719.35184021335	-2984.9945946111984
23.0	32021.32864839322	-2994.743821165395
24.0	32322.87564015368	-3004.1602800716246
25.0	32624.60487518558	-3013.2717732449637
26.0	32926.25743039267	-3021.533108219886
27.0	33227.98561139205	-3028.989390916637
28.0	33529.32980266054	-3035.397743327987
29.0	34889.27091306728	-3162.405584646965
30.0	36702.1686567559	-3198.119437267315
31.0	36849.32867021103	-3094.4284013720535
32.0	37150.576000351415	-3099.0492725917625
33.0	37451.992302127874	-3102.9119235050857
34.0	37753.58184949949	-3106.065155382849
35.0	38055.33678172512	-3108.58559203026
36.0	38357.1963682906	-3110.5663682334016
37.0	38659.10051188535	-3112.083349506765
38.0	38961.0214605907	-3113.348593762747
39.0	39723.697575337115	-3222.3034302564647
40.0	39867.383527266	-3115.6784918347144
41.0	44907.66256509543	-3248.7134248292114
42.0	44921.69979939389	-2882.4754355071873
43.0	44774.66013283055	-2770.6074623342915
44.0	44900.32924049619	-2507.0824649207384
45.0	42167.14389340434	-2482.909242988418
46.0	40671.67722431635	-2474.838285394397
47.0	44245.186136689044	-2498.7988699255548
48.0	39474.314565044486	-2468.871731895582
49.0	43944.048079629494	-2496.397762653558
50.0	34087.77893323226	-2431.3216048901577
51.0	28382.576701119295	-2731.6885207146793
52.0	28702.811494070993	-2371.179991729556
53.0	34386.999665174175	-2433.901997310016
54.0	29000.374991277527	-2378.441387111278
55.0	34686.55147202609	-2436.553866078218
56.0	29300.800891483	-2377.4108018234365
57.0	35285.10647145295	-2441.6965485791693
58.0	29599.983848968113	-2378.876285864997
59.0	35584.43882249631	-2444.1425553929303
60.0	29898.864274102187	-2381.0598495745307
61.0	35883.69249818904	-2446.574922134975
62.0	30197.743047800966	-2383.167401646509
63.0	36182.87905927268	-2448.98928206447
64.0	30496.659496784585	-2385.825873191838
65.0	36482.389934086576	-2451.330553028182
66.0	30795.54460327492	-2389.030821791788
67.0	31094.53994865715	-2393.111304684418
68.0	31393.535274342208	-2397.214567177578
69.0	31693.07838965091	-2401.6967979091996
70.0	31992.65307492301	-2406.2462670310565
71.0	32291.832593541865	-2410.3090260065123
72.0	32591.391270062144	-2414.6344981767197
73.0	32890.60186058797	-2418.2736377162432
74.0	33190.1604155716	-2422.057323503066
75.0	33489.400865285075	-2425.2168691409547
76.0	33788.832794261456	-2428.3851021073065
77.0	33830.76459167487	-3041.5365221194384
78.0	34118.37030546291	-2840.4282159129557
79.0	34419.24845578388	-2844.744099744889
80.0	34986.140644596715	-2439.0273974876804
81.0	35038.40199753915	-3062.1935861158877
82.0	35322.30413439637	-2856.942208541664
83.0	35623.526099800656	-2861.343429259032
84.0	40372.69542108145	-2473.421259408607
85.0	35924.63715955007	-2865.926131808221
86.0	36225.39873975689	-2870.5898095541597
87.0	36781.6574265334	-2453.2372205978536
88.0	40971.1685872533	-2476.2700567359425
89.0	37080.83787558252	-2455.42277401206
90.0	37379.998438120456	-2457.4305436728755
91.0	41270.50424438682	-2477.7957811964525
92.0	37679.160111615056	-2459.268834838985
93.0	37978.34391528467	-2460.9933738662808
94.0	41569.83110398561	-2479.4009814792526
95.0	38277.55942305043	-2462.617314824024
96.0	38576.809025785806	-2464.1492517783104
97.0	41869.28438823409	-2481.153548971431
98.0	38876.11699094766	-2465.622129982023
99.0	39175.732776824974	-2467.480462136586
100.0	39262.97712920414	-3115.0867007567335
101.0	39773.81274375253	-2469.723487301999
102.0	42457.91700842452	-2475.6552484992894
103.0	40073.654725900844	-2471.572680902986
104.0	40169.6308268561	-3117.2711706503665
105.0	42748.524856196294	-2486.9514644986753
106.0	40472.09822407809	-3118.87673337979
107.0	43046.10660990782	-2489.4267648148125
108.0	40739.851945738796	-2904.1134810132185
109.0	41041.32275896005	-2905.330381896632
110.0	43345.13669803715	-2491.652646665403
111.0	41342.680940194616	-2906.717286150146
112.0	43644.18936442811	-2493.9662376921533
113.0	41984.79880134935	-3124.3367262953257
114.0	42256.15842790559	-2903.5771654280375
115.0	42655.413393847564	-2905.6553527327546
116.0	42963.7562408129	-2915.3599308736607
117.0	43266.23863654648	-2917.4991082606816
118.0	44440.02225365418	-3148.172894417441
119.0	43530.67315923575	-3131.88539012741
120.0	43833.66593432319	-3133.6665229728756
121.0	44581.48060616766	-3254.361242378575
122.0	28106.323278883738	-2350.2783923430657
123.0	28252.670061231736	-2447.2410794309094
124.0	27660.734148586827	-2460.9083661934087
125.0	28244.26905389609	-2635.7553026199043
126.0	27883.4249253538	-2688.647837134638
127.0	27957.31512900859	-2440.054798370753
128.0	28077.456919562217	-2827.6450764628185
129.0	28409.694013079094	-3163.2153869565336
130.0	28115.132785088106	-2692.2549567195215
131.0	27974.525642548604	-2593.5171395582133
132.0	28247.854619407193	-2977.6090292298854
133.0	28371.88071461164	-2896.0251923370574
134.0	28603.774407200937	-3146.964521209678
135.0	28539.46651061634	-2644.1105214485287
136.0	28844.958386039387	-3093.2674165060885
137.0	28838.35473131175	-2682.630756845288
138.0	29142.347624610014	-3081.7609570275836
139.0	29144.504261037855	-2679.0966980372236
140.0	29446.350861405692	-3080.950573982269
141.0	29447.73223552301	-2676.6655510366377
142.0	29748.48996883954	-3080.7072300496825
143.0	29747.552587334158	-2677.7561157295045
144.0	30050.25655469198	-3077.3880862696064
145.0	30046.71853954521	-2677.3575047350423
146.0	30352.344017943193	-3072.9642276771233
147.0	30655.204900916342	-3068.378364371981
148.0	30959.06846699619	-3065.9495393594734
149.0	31105.912388445096	-2778.723380246691
150.0	31263.304808940407	-3068.9266104450853
151.0	31409.217517935846	-2782.747128848749
152.0	31565.99992942548	-3076.0934519436596
153.0	31711.486612125504	-2789.3426644691667
154.0	31868.545842884207	-3086.5787898920134
155.0	32012.92624876312	-2797.108999429953
156.0	32170.324591593224	-3097.0272984125645
157.0	32313.538862088637	-2804.3548591636754
158.0	32472.439327628683	-3107.207504096081
159.0	32614.70405577883	-2812.031456909517
160.0	32774.42210808921	-3116.530766153477
161.0	32915.428821275185	-2818.634366439852
162.0	33076.48989553635	-3124.9407463211287
163.0	33216.56706230742	-2825.0130853982396
164.0	33378.57752311734	-3132.6195636343195
165.0	33516.9949296813	-2830.113372831451
166.0	33680.28217240425	-3139.222792025104
167.0	34586.794204268146	-3157.4147797933097
168.0	36399.84052068207	-3192.617815057267
169.0	36827.368612136874	-2877.739617132749
170.0	37003.992353722206	-3203.5665032370453
171.0	37127.617414623564	-2881.51635610186
172.0	37305.917156203686	-3208.1495248417255
173.0	37428.00912742933	-2884.74095733532
174.0	37607.92572936212	-3211.8842105905983
175.0	37728.57120511954	-2887.43724056948
176.0	37910.036289986696	-3214.8435165157425
177.0	38029.31775221008	-2889.702132574143
178.0	38212.21883705916	-3217.1449853008476
179.0	38330.19826045982	-2891.6064832919596
180.0	38514.439576617806	-3218.880222069564
181.0	38631.15627533677	-2893.19723465805
182.0	38816.669870768055	-3220.149504877159
183.0	38932.189367869076	-2894.6751661418434
184.0	39118.90956501272	-3221.18062710848
185.0	39534.18556555545	-2898.1822475848094
186.0	39421.17569528831	-3222.5863970592072
187.0	39835.65583618003	-2898.0163386473564
188.0	40025.89651927581	-3222.9077833168017
189.0	40563.218940150946	-2793.4248419794567
190.0	44553.948011873195	-2501.4357231377385
191.0	44774.666839496	-3154.67810476705
192.0	44278.98282259885	-3240.5666677220524
193.0	44753.289573932845	-2611.114144062794
194.0	41840.546242824006	-3228.954299980021
195.0	44397.158954000544	-2605.4081222316704
196.0	44641.66440723112	-2885.288982781321
197.0	39060.66433706196	-2784.5803997726666
198.0	39660.941511226934	-2787.09242164693
199.0	44174.670368635765	-2922.966194584618
200.0	44086.27182059901	-2602.910969123474
201.0	43567.634094568166	-2919.5304525702486
202.0	33654.880774865705	-2727.7026279199104
203.0	28550.206161676502	-2462.8369978545693
204.0	28637.586353557253	-2915.929982729506
205.0	34239.40448849537	-2531.624155216318
206.0	34284.65460752996	-3151.839590131211
207.0	28849.90189646004	-2473.9799306678137
208.0	28984.443426061815	-2788.972466348781
209.0	35138.82714032905	-2540.552049043506
210.0	34539.16253882682	-2534.5896941175306
211.0	34720.74743286975	-2848.66637249533
212.0	29148.888661105277	-2477.216444977195
213.0	29294.667544974316	-2780.324595058851
214.0	34856.95640187857	-2743.794950818905
215.0	29449.481181964267	-2475.6320108612517
216.0	29597.25727065407	-2780.6483214833374
217.0	35438.10893100188	-2543.5862766524565
218.0	35493.32467246736	-3173.6190610764656
219.0	29748.53021920694	-2477.01762028655
220.0	29897.32435251857	-2780.783576495008
221.0	35737.678376274554	-2546.421123064183
222.0	35795.62601451786	-3179.734472448985
223.0	30047.28082925604	-2478.37227325752
224.0	30197.37494686194	-2779.3300444974143
225.0	30498.578193864523	-2778.0872139930325
226.0	36037.10171697853	-2549.2652006623225
227.0	36097.826587601216	-3186.1687932500877
228.0	30346.07312432981	-2479.647110336217
229.0	30346.267313101616	-2676.8245217095996
230.0	30801.507368838124	-2777.127048787724
231.0	36659.15368904395	-2766.2101706709714
232.0	36336.781939240005	-2552.0639287523004
233.0	36245.7954061077	-3084.5576118874305
234.0	30947.998747229227	-2677.868591465018
235.0	30644.876173584245	-2481.641428745869
236.0	30646.60068189238	-2676.7253581736804
237.0	30943.760489974156	-2484.8562938968944
238.0	31249.889893314783	-2681.525425774524
239.0	31242.7557107819	-2488.925647780375
240.0	31550.846028961027	-2686.396894705665
241.0	31542.29796790027	-2493.4641110286425
242.0	31852.278215166254	-2693.2920380145406
243.0	31842.418053752423	-2498.5789551315956
244.0	32152.58541389808	-2699.587055769174
245.0	32142.17240147181	-2503.4374062532224
246.0	32453.20173015689	-2706.161766852685
247.0	32441.908474036387	-2508.2655832114738
248.0	32753.692679564978	-2712.3917080379965
249.0	32741.6731499688	-2512.890932946411
250.0	33054.242737334236	-2718.0656990226976
251.0	33041.43530624321	-2517.2057453906746
252.0	33354.82410105348	-2723.358887619386
253.0	33341.22488540867	-2521.2630793562353
254.0	33940.2511453221	-2528.4865955655573
255.0	33955.12156942478	-2732.601526541685
256.0	33640.88592611428	-2524.9019324925644
257.0	33817.69806711557	-2835.30072851078
258.0	33982.47709050868	-3145.9540108543583
259.0	34255.12543662333	-2736.6158352629877
260.0	34132.65930198749	-3047.544906616971
261.0	34736.611081447285	-3057.5339716186973
262.0	34434.48863016593	-3052.8511639090975
263.0	34555.69038130856	-2740.440116505734
264.0	35156.96951229838	-2747.713118938112
265.0	34839.28828351664	-2537.532866789996
266.0	35021.95113492797	-2852.450551411195
267.0	35191.08070272906	-3167.9081467917968
268.0	35457.164221975945	-2751.6708667203457
269.0	35339.96446221586	-3067.3942016906562
270.0	35757.71036260483	-2755.5374068623955
271.0	35642.02622247257	-3072.8396304661596
272.0	39962.08542802982	-2788.4657836854517
273.0	40529.615239512495	-2578.7131647714687
274.0	36058.01439200929	-2759.5001265373553
275.0	35944.052688791184	-3078.6269961876824
276.0	36526.60767782243	-2874.5007452966915
277.0	36547.66258746022	-3089.7212276537307
278.0	36358.38894469347	-2763.429530366957
279.0	36636.542950761555	-2554.4055800171186
280.0	36959.0737099202	-2769.3448025078383
281.0	40829.06805968569	-2580.2139966297177
282.0	40933.255756658364	-3225.754205964285
283.0	36935.97326259914	-2556.6469966267955
284.0	37258.9753957773	-2772.445642182058
285.0	37235.296304057316	-2559.0498659733007
286.0	37558.93191028362	-2775.085329607464
287.0	41128.87506415154	-2581.76647478876
288.0	41235.64117178755	-3226.709901949791
289.0	37534.60031269473	-2561.170692153776
290.0	37859.00661609171	-2777.3321422462564
291.0	37833.92712017611	-2563.078373969449
292.0	38159.20169971336	-2779.3016409032884
293.0	41428.51801636335	-2583.41816072342
294.0	41538.02481852974	-3227.7710876322803
295.0	42066.71118578081	-2801.307327162524
296.0	42026.572815076586	-2587.0343685993794
297.0	38133.307358703525	-2564.8466504722337
298.0	38459.49723223844	-2781.0342222794075
299.0	38432.752735838876	-2566.5000442425267
300.0	38759.89354149785	-2782.5899624075405
301.0	41728.278830320785	-2585.205297871069
302.0	41644.1667290097	-2908.1906242148616
303.0	38732.29078834644	-2568.076157564681
304.0	39331.37259365494	-2571.9705343338433
305.0	39360.73418703494	-2787.1107419221203
306.0	39032.19471329194	-2570.0411684557057
307.0	39565.21393857967	-3115.731103006987
308.0	39233.563993974996	-2897.1599010418236
309.0	39630.43210409597	-2572.9221135459793
310.0	40230.613523819135	-2576.7556435389433
311.0	42316.18732709655	-2579.7312449149426
312.0	42454.42461897271	-3223.7944084846954
313.0	40263.172539317835	-2791.5517435979236
314.0	39930.75174273329	-2574.3432404410446
315.0	40328.49602633734	-3224.2792867461308
316.0	40137.54742669608	-2900.491324206374
317.0	42598.55107413127	-2581.830679884793
318.0	42764.2755448404	-3232.6160148710455
319.0	40438.858137218594	-2902.9290366755754
320.0	40630.91463367501	-3224.9920545530535
321.0	42887.724426311295	-2593.5204619247293
322.0	43067.925437783124	-3234.34425795083
323.0	40863.639080469686	-2794.7775150405505
324.0	40774.30755240338	-3119.7329968826
325.0	41164.45821507429	-2796.263281538617
326.0	41076.483828484146	-3120.6875569509843
327.0	43484.39029325891	-2598.2310022707484
328.0	43185.32152761447	-2596.011736324086
329.0	43370.466928792455	-3236.025516690108
330.0	41465.11156124839	-2797.8428589272567
331.0	41378.70282738378	-3121.8067315069675
332.0	41766.02091045983	-2799.570242402841
333.0	41681.05809910189	-3123.029407563064
334.0	43784.28836573748	-2600.5639958955967
335.0	43746.59599212386	-2813.2587226171768
336.0	41947.16483907736	-2909.7914520663485
337.0	42144.31520935131	-3230.2137385010105
338.0	42365.06349089357	-2786.126208791417
339.0	42296.12848920411	-3117.9383025375464
340.0	42547.75481563312	-2787.5783754987883
341.0	42613.54110792654	-3119.0092535766903
342.0	42845.40922246071	-2806.4766545448133
343.0	42924.49484911362	-3128.1453903559573
344.0	43145.28636237012	-2808.9887097628502
345.0	43228.13910365877	-3130.0691969663653
346.0	43445.52739701258	-2811.100490427263
347.0	44362.70472864215	-2817.095474885709
348.0	43976.00670962801	-3239.4050847731346
349.0	43673.00682779363	-3237.707721767052
350.0	43870.294163321	-2921.5724613801626
351.0	44137.09502935747	-3134.8862766365405
352.0	44050.21027790412	-2815.3909411284985
353.0	44486.168820419174	-2936.62178363302
354.0	44788.704073794455	-2997.1569559542168
355.0	28680.52467786253	-2761.1043415009894
356.0	28485.832199803397	-2963.2728342994233
357.0	14201.27394495385	-2768.464360440445
358.0	16339.922642883705	-2071.5631491359013
359.0	14573.806226965326	-2965.9811303923816
360.0	16139.047118005952	-2059.7990375056884
361.0	15938.5553974427	-2047.1210419840802
362.0	15738.450069560326	-2034.73210702703
363.0	15536.550744058186	-2024.0838586053003
364.0	15429.842134954002	-2072.7274700934317
365.0	14177.123930496657	-2770.9681105135373
366.0	14969.286457136155	-2242.7988397699355
367.0	14831.72886359806	-2344.3662559254067
368.0	14692.237051358019	-2441.0688741453387
369.0	14556.063622890333	-2528.809188924768
370.0	14348.782735201836	-2663.558324816848
371.0	16340.554913471404	-2907.689665020338
372.0	16440.84829297809	-2844.551839878773
373.0	16641.431731691933	-2847.162050226171
374.0	16840.66884441613	-2851.729895035396
375.0	17038.884302537714	-2856.3954366604717
376.0	17236.486155269748	-2860.456480516934
377.0	17730.71390043741	-2929.372376624627
378.0	17830.351561025993	-2867.5423109298085
379.0	18028.96712631416	-2869.7291346026504
380.0	18227.991196117142	-2872.199263647701
381.0	18427.115221887885	-2875.1121495730945
382.0	18626.000950803496	-2878.646458507172
383.0	18824.677085354273	-2882.6686766361267
384.0	19023.111561282072	-2886.823681929704
385.0	19221.336176559456	-2890.734645397899
386.0	19419.27279106866	-2893.9927866162125
387.0	19617.22940242667	-2896.325880978106
388.0	19815.51399843807	-2897.969792824291
389.0	20014.073231150905	-2899.5145054378427
390.0	20213.05050588741	-2901.5477160879987
391.0	20412.427469331524	-2904.6453507852166
392.0	21701.642254297378	-3024.139569306095
393.0	21803.036843598267	-2965.13893924076
394.0	22000.343779396786	-2972.6679904754305
395.0	22197.50283509231	-2978.4073359737426
396.0	22394.537761692718	-2982.0035705977166
397.0	22591.64671441488	-2983.2687624234654
398.0	22789.086619816477	-2982.6779877266968
399.0	22986.988123978957	-2980.8747515468604
400.0	23185.333017500725	-2978.364666686982
401.0	24278.868797613974	-3030.7568602280203
402.0	27926.488729451466	-2935.2406664927184
403.0	27716.555274825838	-2802.860515744493
404.0	27550.560506129783	-2696.4503786113687
405.0	27392.449827516994	-2563.2372459308704
406.0	27230.061759915025	-2435.2122050740777
407.0	27113.979818548472	-2410.8501041392506
408.0	25575.40804325017	-2238.607561640101
409.0	24973.23228650528	-2228.9066753568763
410.0	26579.030846556216	-2255.1567988106763
411.0	24571.80578244443	-2222.587891931498
412.0	26378.30352642875	-2251.8322345140928
413.0	24170.358608413004	-2216.3949614885573
414.0	26177.57492671446	-2248.5099013690137
415.0	23969.626450770276	-2213.327190557516
416.0	25976.847784665242	-2245.19571501359
417.0	23768.90156943408	-2210.2772039123397
418.0	25776.118988496117	-2241.891236164567
419.0	23568.18141455574	-2207.2490025033235
420.0	20757.866214627833	-2164.843948001064
421.0	15106.10929869525	-2140.142966072068
422.0	14964.396769196648	-3109.2868194899493
423.0	15088.148709418652	-3050.0956413443396
424.0	20958.59573150685	-2168.0337870942244
425.0	15241.109653088439	-2990.7696210609697
426.0	15425.31077174365	-2935.634763771624
427.0	21159.51718000511	-2171.272568087735
428.0	15628.035272487605	-2897.895508804137
429.0	21360.4635595517	-2174.634776236568
430.0	15834.48956201414	-2873.143032027243
431.0	21561.222138580426	-2177.8358134984423
432.0	16140.39998270174	-2912.275149417255
433.0	16541.196907959926	-2080.284748966202
434.0	16742.635321834594	-2085.841211296125
435.0	16943.632852953295	-2089.8096132063406
436.0	17144.467088793434	-2093.535781724229
437.0	17345.43680049099	-2098.313656236227
438.0	17546.09547864772	-2102.4030118357136
439.0	17434.198676409647	-2863.617169861334
440.0	17747.05355091031	-2105.8357373881913
441.0	17947.66182054341	-2110.065833248073
442.0	18148.360414184677	-2114.4512636138074
443.0	18348.891727160022	-2118.8109907578496
444.0	18549.593105024192	-2123.2256703442595
445.0	18750.29675766523	-2127.606988827883
446.0	18951.050642361708	-2131.904435235183
447.0	19151.807332975415	-2136.068700194579
448.0	19352.575419802266	-2140.084734714318
449.0	19553.32004907036	-2143.964783705301
450.0	19754.09833781184	-2147.7135075161036
451.0	19954.832411997813	-2151.3431265873255
452.0	20155.615208109197	-2154.8654047903688
453.0	20356.352096056715	-2158.2833956190857
454.0	20557.13787392844	-2161.605864655477
455.0	20612.119410407457	-2909.435202698403
456.0	24772.532387353942	-2225.727972136911
457.0	21503.741107103357	-3014.5434827459017
458.0	21761.933332803317	-2180.9930722687345
459.0	25173.961724369914	-2232.1214552790857
460.0	21962.662215679786	-2184.210379867763
461.0	22163.35741457538	-2187.2709438445722
462.0	25374.690980359417	-2235.3535922773026
463.0	22364.03200071829	-2190.2719142785327
464.0	22564.689515777758	-2193.099069735694
465.0	22765.372664735758	-2196.0091513010607
466.0	22966.029877181518	-2198.5298711589453
467.0	23166.716801367744	-2201.23490553581
468.0	28031.870998665032	-3017.627023903897
469.0	23367.451210590134	-2204.236292057117
470.0	23384.050494518087	-2975.529799127408
471.0	23582.962419961972	-2972.9434931287906
472.0	24080.32540984493	-3031.6791243276057
473.0	24371.090520483933	-2219.478468265864
474.0	24377.857834890296	-2967.7300262000663
475.0	24774.65205725882	-2965.746688510119
476.0	25273.321423250974	-2296.142341817201
477.0	25369.58932661173	-2960.395969222278
478.0	25568.089379639325	-2958.1997728012557
479.0	26781.770322390625	-2257.698450928758
480.0	26362.4455564456	-2950.9367964537837
481.0	26758.93035987458	-2946.98407983598
482.0	26956.45578368365	-2946.4574253792475
483.0	27156.703234852295	-2942.2246140481016
484.0	27460.05016819436	-2980.7240820680363
485.0	27650.49979015476	-3006.823056910965
486.0	27846.102891381073	-2977.071886509784
487.0	14597.951939326073	-2961.2481932203323
488.0	14644.348054980983	-2977.055446809743
489.0	14709.456487251824	-2993.8204721516054
490.0	14276.40303142257	-2707.7961252327773
491.0	14216.959989234007	-2741.672832746348
492.0	14237.06158019924	-2787.4279140210233
493.0	14272.612327832345	-2805.9852064060265
494.0	14307.745779192306	-2825.429440179429
495.0	14441.079190405973	-2605.196109452048
496.0	14343.609210445691	-2843.5294374408077
497.0	14380.12900874977	-2860.296599572474
498.0	14488.564894798068	-2912.8076862247585
499.0	14524.807253300569	-2929.9701588997655
500.0	14212.927331908368	-2790.0691395759823
501.0	14261.651518283621	-2764.5817517233995
502.0	14464.563531348706	-2916.4551283502133
503.0	16371.890514613086	-2523.578278539753
504.0	16235.850707403055	-2128.3792339444094
505.0	16035.897027656378	-2725.8826356094323
506.0	16034.884492550795	-2115.7929511853704
507.0	15834.658632305474	-2103.1248678452034
508.0	15583.992671079912	-2450.0960142504805
509.0	15633.038309320613	-2091.7909855814755
510.0	15241.35654583313	-2034.7311689074104
511.0	15342.91346129215	-2005.6091085951539
512.0	15410.598431522432	-2190.518379396468
513.0	15213.027773964155	-2129.496438980988
514.0	14843.986528383475	-3062.668137581811
515.0	14935.77767995972	-2342.008993009149
516.0	14591.105670027348	-2902.431590328142
517.0	14794.575969269184	-2439.4640468958664
518.0	14650.488597399804	-2526.260713087928
519.0	14428.296581939312	-2899.0258405533054
520.0	14518.408195021184	-2602.018457436539
521.0	14562.053078129216	-2911.324198779517
522.0	14253.203314272905	-2740.431449584261
523.0	16037.901120216162	-2855.667580789312
524.0	16494.69478096622	-2461.217629125027
525.0	16540.43652557992	-2908.3499270221923
526.0	16739.62155536623	-2912.2047252563534
527.0	16938.141052555726	-2917.077842766741
528.0	17136.29966701701	-2921.3813491134315
529.0	17334.219696992786	-2924.955009801543
530.0	17632.18277105779	-2865.6863130991333
531.0	17751.8289393432	-2358.6705576213512
532.0	17929.191469992234	-2931.3843673914093
533.0	17952.917736655025	-2362.2269796628475
534.0	18127.830046030507	-2933.583512619065
535.0	18153.48339614716	-2366.1241919627732
536.0	18326.70900788566	-2936.1725979481853
537.0	18353.86234011	-2370.07265939094
538.0	18525.44242647543	-2939.370872219128
539.0	18554.39873923454	-2374.173916598422
540.0	18724.078132683644	-2943.210918386114
541.0	18754.915014786722	-2378.34134143522
542.0	18922.595108391248	-2947.3786936180627
543.0	18955.456118778005	-2382.47127847631
544.0	19120.985700315196	-2951.493301250703
545.0	19155.94897002312	-2386.4460106546726
546.0	19319.296964728564	-2955.159641995098
547.0	19356.410239553126	-2390.19893925346
548.0	19517.410351122304	-2957.967250114036
549.0	19556.872351113747	-2393.738824954151
550.0	19715.753659975322	-2959.893634210608
551.0	19757.465183190045	-2397.1026168326534
552.0	19914.202644663612	-2961.382174163626
553.0	19958.15928981128	-2400.3810974696657
554.0	20112.822106310497	-2963.080574205644
555.0	20159.03858082445	-2403.7109897332116
556.0	20311.6834758967	-2965.526277112244
557.0	20359.907678023203	-2407.1773381279704
558.0	20510.68600073032	-2969.3558533460528
559.0	21407.98260798151	-2946.4616367249632
560.0	21765.63182446605	-2437.673861366782
561.0	21899.492684968533	-3032.5755927385985
562.0	21965.678956120202	-2441.8741266383718
563.0	22097.31047064811	-3039.369171836781
564.0	22165.578878208875	-2445.5109992146968
565.0	22295.074100665952	-3044.1418461648796
566.0	22365.386961238884	-2448.5966961773993
567.0	22492.81793910195	-3046.557095112052
568.0	22565.1723931271	-2451.0470621652917
569.0	22690.68454417923	-3046.664657582012
570.0	22765.091261206686	-2453.1749475547167
571.0	22888.76582825721	-3045.160900683963
572.0	22965.137462335624	-2454.5996889156618
573.0	23087.086405798735	-3042.6037596351725
574.0	23165.33610314106	-2456.131759658207
575.0	23285.60400189456	-3039.6587526714034
576.0	23980.650622846162	-2969.639160251613
577.0	24671.19634331642	-2286.562699395923
578.0	27743.631668269725	-2924.389356947197
579.0	27556.08809262529	-2926.912965425059
580.0	27595.182590894885	-2805.0410664425253
581.0	27361.683304256683	-2918.6257365512447
582.0	27431.79469607401	-2685.5761553302386
583.0	26894.44146569825	-2435.34303708597
584.0	27267.876300800315	-2547.5134253630026
585.0	26985.422242886376	-2259.32322040311
586.0	26660.557861614292	-3010.7534758650727
587.0	27092.37025359858	-2301.7372702859907
588.0	25271.028677095466	-3024.0704329920754
589.0	25875.449351777326	-2305.9536159920444
590.0	26889.445742873	-2319.319764897173
591.0	26263.725085457565	-3014.3300445271525
592.0	24267.857527804037	-2405.229720708426
593.0	26477.633455646883	-2315.9075913998463
594.0	26065.19711329388	-3015.919024771432
595.0	24269.769282347723	-2280.361683825232
596.0	23881.68982011182	-3032.856462721183
597.0	26276.9052113168	-2312.588526016818
598.0	24069.03682137752	-2277.2916551124854
599.0	24273.65704880789	-2654.873239388509
600.0	26076.177238795466	-2309.2689594836447
601.0	25866.616346932275	-3017.6698071088863
602.0	23868.311225191264	-2274.2325148577233
603.0	23873.75353285018	-2653.474970585328
604.0	25674.73792048199	-2302.6523973975764
605.0	23265.3505987994	-2392.332789905157
606.0	23673.796587136138	-2653.156610276561
607.0	23667.59667191608	-2271.193084711735
608.0	20457.523454777624	-2346.8181464209088
609.0	15505.084039678906	-2265.187955653641
610.0	15074.326648342349	-2238.5886402814485
611.0	15044.09040935809	-3114.917847275829
612.0	15013.464782746412	-2446.431264106368
613.0	15179.260946513104	-3069.472352085346
614.0	15155.14662161861	-2340.0872331576034
615.0	14948.49038661601	-2967.813276703917
616.0	20857.233287117608	-2228.8050924072245
617.0	20908.913562585778	-2983.3132967908987
618.0	15345.589659292555	-3017.3282928207377
619.0	15387.79083726643	-2809.401084030374
620.0	15537.736498261316	-2975.6642267841453
621.0	15823.810706329765	-2220.763804676639
622.0	21058.153860912968	-2232.078177775122
623.0	21107.62494059832	-2993.350482826298
624.0	15739.257169353028	-2945.895990095116
625.0	16027.016359277442	-2240.8025151510446
626.0	21259.290082309013	-2235.5771919105237
627.0	21305.788869243817	-3004.0578679815244
628.0	15940.960422084143	-2925.9665465264716
629.0	21460.261495097773	-2239.0819403085784
630.0	16224.077024531724	-2257.106597305025
631.0	16239.256103625788	-2846.0021009517527
632.0	16437.502838845143	-2138.9966428897883
633.0	16445.86321486001	-2717.493378464642
634.0	16639.606302369964	-2146.0848059957375
635.0	16648.34414661698	-2720.3515804008616
636.0	16841.354553117573	-2150.6373533782134
637.0	16848.4660878227	-2724.6457382517906
638.0	17042.470014989256	-2154.3842158219227
639.0	17046.735440714547	-2729.011451819542
640.0	17243.555202037158	-2159.030706943082
641.0	17243.49248077483	-2733.160366746772
642.0	17444.467815287222	-2163.855077764464
643.0	17628.583511834702	-2738.522178852385
644.0	17499.287720109405	-2550.2786591528475
645.0	17532.511478819742	-2927.4923564188307
646.0	17645.37338446621	-2167.1784563235387
647.0	17826.420624969134	-2740.5467686929346
648.0	17846.229150689232	-2170.5249076751948
649.0	18025.269222527786	-2743.078343994405
650.0	18046.828948625	-2174.744729243274
651.0	18224.628167812607	-2745.8372954467172
652.0	18247.352243643167	-2179.053057875044
653.0	18424.19662552673	-2748.9091441435503
654.0	18447.881162153837	-2183.387841900843
655.0	18623.498853836903	-2752.4890109908515
656.0	18648.581424379907	-2187.7796198313586
657.0	18822.45496313993	-2756.4973496655875
658.0	18849.331666671875	-2192.127814683107
659.0	19020.992270721224	-2760.6145752295506
660.0	19050.13165294859	-2196.368807060188
661.0	19219.14542034781	-2764.5160507264536
662.0	19250.94289028621	-2200.461762929532
663.0	19416.850940522585	-2767.8156030227474
664.0	19451.73914530456	-2204.4112773848415
665.0	19614.579736039715	-2770.3837557869833
666.0	19652.542991730592	-2208.2276054278027
667.0	19812.82422245864	-2772.291567365733
668.0	19853.333954832873	-2211.9175584745412
669.0	20011.630150778594	-2774.121965984156
670.0	20054.127507324258	-2215.4950526242587
671.0	20211.126777488713	-2776.4196197012584
672.0	20455.71806125104	-2222.3286474319852
673.0	20411.318357221604	-2779.6438579035544
674.0	20254.92197116392	-2218.964830880515
675.0	20762.27430094698	-2414.767114605305
676.0	20656.5044433813	-2225.596333521103
677.0	20509.50752449637	-2719.2754420471447
678.0	20709.82484750106	-2975.158476675721
679.0	21060.412311380158	-2357.8543615119984
680.0	20811.96308924126	-2916.436223434656
681.0	21261.543803982302	-2362.0457526482273
682.0	20859.45040098549	-2354.0119805351005
683.0	24871.892587386934	-2289.7170436991114
684.0	24675.837941896258	-3028.9472476955416
685.0	21011.4590217772	-2925.6336490800527
686.0	21210.09153123976	-2936.00405141712
687.0	21462.487262840707	-2366.390687151872
688.0	21605.585739983868	-2956.289526452824
689.0	21410.574495628927	-2818.45026008465
690.0	21660.99829731175	-2242.4151837412414
691.0	21804.79056201997	-2835.830244063695
692.0	25072.59212014214	-2292.9166720750377
693.0	25072.61342769332	-3026.0688564429115
694.0	21861.702862698225	-2245.7880325835877
695.0	22001.41529775143	-2842.846518830464
696.0	22062.39306336587	-2249.078331444675
697.0	22197.69872131581	-2848.266080042334
698.0	25474.038654631568	-2299.3825489037235
699.0	25268.32014630524	-2655.7989117729653
700.0	22263.029050020035	-2252.1594355521365
701.0	22393.7399220896	-2851.7767618254184
702.0	22463.630253492986	-2255.009757339496
703.0	22589.88808784809	-2853.29283589903
704.0	22664.237372007206	-2257.7687944485247
705.0	22786.604385195216	-2853.2247212140483
706.0	22864.845385239565	-2260.218273321257
707.0	22984.113612194244	-2852.1131783954374
708.0	23266.14481079776	-2265.1672254577966
709.0	23065.455207370294	-2262.45675118076
710.0	23182.401261147887	-2850.3532306409616
711.0	23466.876847594976	-2268.1738707294608
712.0	23484.296738634963	-3036.7369917780093
713.0	23369.810818098373	-2587.86818752134
714.0	23683.014607298275	-3034.4847965716162
715.0	24067.298299298203	-2402.249220599635
716.0	23781.85017138859	-2971.021975550062
717.0	23979.302102071102	-2843.7965792350674
718.0	24179.31640291346	-2968.6088046926125
719.0	24470.48526020889	-2283.447958263645
720.0	24569.687854750522	-2595.1241284411194
721.0	24477.38091409985	-3029.901557692843
722.0	24369.793228359937	-2593.3725393347327
723.0	24669.24630119817	-2411.4150831796064
724.0	24576.3131768548	-2966.831923463047
725.0	24874.232332028198	-3027.709192945349
726.0	25070.577405406977	-2417.76365661356
727.0	24972.91733617062	-2964.315304086838
728.0	25271.306668874186	-2420.9893577338903
729.0	25171.20636864865	-2962.4929264391963
730.0	25472.01787853209	-2424.1402041709384
731.0	25368.730680851266	-2601.5411987019343
732.0	25469.50121004264	-3021.8800800663103
733.0	25672.6861239968	-2427.370339505951
734.0	25668.032847675233	-3019.6859998363725
735.0	25568.677228131757	-2602.896994247061
736.0	25873.28507047502	-2429.5277568014667
737.0	25768.65308020716	-2604.449840505484
738.0	25766.699428003034	-2956.0876659004643
739.0	26073.878651206713	-2431.782853979934
740.0	26680.372729478808	-2318.4378529062687
741.0	25968.601817025232	-2604.9387633820393
742.0	25965.356545191364	-2954.2027897226144
743.0	26274.456823930188	-2434.0610748623626
744.0	26265.020983026043	-2658.009517520069
745.0	26163.95637151532	-2952.5405047716963
746.0	26475.172611936065	-2436.4436620351007
747.0	26464.568173941017	-2659.048548710445
748.0	26462.195655043368	-3012.6898931028486
749.0	26679.39728956913	-2437.326381290963
750.0	26570.021615427933	-2605.4956117421684
751.0	26560.77078578757	-2949.1682964019124
752.0	26873.92666915736	-2652.9507257167575
753.0	26858.85786805814	-3008.2753984757164
754.0	27195.046605212818	-2636.039444413389
755.0	26998.522739914988	-2592.012578144273
756.0	27236.004012330046	-2751.2315202625928
757.0	26957.77468167429	-2823.9527970926442
758.0	27056.57879431325	-3007.4266799506713
759.0	27348.178576474562	-2785.0444106115756
760.0	27257.59515027049	-3000.836706282895
761.0	14696.99873078224	-2603.7985212856297
762.0	14816.101192653208	-2957.208392224155
763.0	14613.873024802764	-2985.0184727382953
764.0	14668.314568777212	-3003.4949032235904
765.0	14742.334279333094	-3029.8590936069545
766.0	14918.198827185983	-3051.3724857260218
767.0	14714.771445124736	-2944.5753777945797
768.0	14800.508942376873	-3016.276038502999
769.0	14324.106798055735	-2707.526205047899
770.0	14285.286181719974	-2776.927408153042
771.0	14248.535161363856	-2808.8024999278737
772.0	14284.224611405994	-2827.263413410264
773.0	14342.825636574562	-2744.7615742483563
774.0	14315.388107528677	-2775.295322713207
775.0	14319.532944644903	-2846.6560929786033
776.0	14376.907299235592	-2805.6173130898583
777.0	14410.545855925588	-2662.98732764105
778.0	14350.105937225235	-2814.557173060965
779.0	14356.065162229506	-2863.551451976697
780.0	14438.577789175883	-2710.3152204145304
781.0	14513.83375009639	-2890.264487354152
782.0	14392.137763449899	-2881.396350346548
783.0	14440.647487756172	-2854.9037613215683
784.0	14416.172263924627	-2878.00640268917
785.0	14489.159637683735	-2789.456618443222
786.0	14452.311362539564	-2895.5026145585466
787.0	14561.127117143667	-2945.2573151419183
788.0	14500.930784264696	-2933.6980084233314
789.0	14558.134552707255	-2661.433492187875
790.0	14537.276160758685	-2950.7958171744813
791.0	14537.91887461626	-2901.7016246422136
792.0	14380.474312483602	-2763.045539299399
793.0	14326.23542142736	-2802.5191477353565
794.0	27148.616824693974	-2826.2007539674682
795.0	14464.690526881568	-2866.5465110315417
796.0	14663.642013307284	-2724.8984435771963
797.0	14502.211550989026	-2864.955825952602
798.0	14430.958397507988	-2829.33183447195
799.0	14448.32802754741	-2794.6911778436533
800.0	14394.474418976315	-2831.3347250654774
801.0	14859.654391476894	-2541.4240234728245
802.0	15038.746628687237	-2960.905404536354
803.0	14645.347840070683	-2940.477875962457
804.0	14763.241487482337	-2921.546352971085
805.0	14778.929202191635	-2752.7920699840506
806.0	14614.32542140255	-2931.631769518494
807.0	14674.629311739825	-2917.6722380192787
808.0	14567.497544689139	-2827.4111461992393
809.0	26759.6664331098	-2826.5907215047887
810.0	27049.81128214557	-2768.8981915834343
811.0	27077.545510512904	-2649.3846587762273
812.0	26860.912839284003	-2765.3774118579217
813.0	26560.19085067636	-2828.6025579319125
814.0	26660.713999738306	-2769.794379063882
815.0	26361.667582231563	-2829.4687897914296
816.0	26460.83774571813	-2770.6561479704956
817.0	26163.065448908226	-2830.0176481996536
818.0	26262.05618863644	-2770.3391812927553
819.0	25964.348198521053	-2831.436128282017
820.0	26063.297844016484	-2770.629506758791
821.0	25765.483308485873	-2832.1973065972634
822.0	25864.391880744803	-2771.0127863650873
823.0	25566.741191201363	-2833.038799442542
824.0	25665.46853972011	-2770.6346671744577
825.0	25368.244646284624	-2835.171671339183
826.0	25466.808341277563	-2771.4948088245014
827.0	25169.983009307794	-2837.1183415589644
828.0	25268.4606374275	-2773.471550228749
829.0	24971.912224089843	-2838.8963730698815
830.0	25070.38495627169	-2775.275340545724
831.0	24773.891930741596	-2840.321676687176
832.0	24872.4670934302	-2776.86525010545
833.0	24869.90816430976	-2414.570195065066
834.0	24575.72672880814	-2841.4300175150897
835.0	24674.491367332375	-2778.1203299246413
836.0	24671.858999932592	-2655.6457790011177
837.0	24377.33042666977	-2842.357279074067
838.0	23779.97172634698	-2844.7397197711157
839.0	24178.7627539799	-2843.251332567988
840.0	23878.462854295154	-2780.731625925691
841.0	23867.147480750573	-2399.7375953221876
842.0	23580.687773755682	-2846.1990564925527
843.0	23678.86151605038	-2781.458104156432
844.0	23666.65148111105	-2397.2074790892734
845.0	23381.33033565628	-2848.245943999677
846.0	23465.992202220426	-2394.739538193564
847.0	23169.910610822117	-2587.3882700965746
848.0	23064.868721141975	-2390.1880408557968
849.0	22970.472236166326	-2586.894425116209
850.0	22864.53945662199	-2388.5568014029373
851.0	22771.486871584766	-2586.142180634914
852.0	22664.261897095712	-2386.5960626205
853.0	22572.980296054495	-2584.763980766598
854.0	22464.088605753826	-2384.1304815971184
855.0	22374.822406286094	-2582.530050904786
856.0	22263.925658279786	-2381.3634931933807
857.0	22176.70192556831	-2579.314826723978
858.0	22063.71791873961	-2378.1143291735552
859.0	25069.412939807054	-2655.871711975187
860.0	25370.655449883154	-2484.9582634612066
861.0	21978.407066099815	-2575.08426692871
862.0	21863.394747764905	-2374.415781625316
863.0	21607.709152451836	-2827.64254310148
864.0	21212.53296135107	-2808.918698091456
865.0	21779.82745596239	-2570.009260753173
866.0	21310.82218700254	-2748.961138015547
867.0	21381.621227367097	-2557.798455412513
868.0	21013.382174180548	-2799.490007313425
869.0	21111.989523112978	-2740.121487734006
870.0	21181.61207825434	-2551.4591967722404
871.0	20812.977784116505	-2791.037562859286
872.0	20911.851409864375	-2731.770994448901
873.0	20981.162376881573	-2545.4697292142905
874.0	20612.050046283435	-2784.356284281157
875.0	20658.69541583256	-2350.3126119974677
876.0	20377.36949669509	-2531.0542961893093
877.0	20256.672159603815	-2343.369274400476
878.0	20176.440956492424	-2527.6064771918677
879.0	20055.800691599612	-2339.936194047141
880.0	19975.83998053129	-2524.551179743065
881.0	19854.987648370985	-2336.5143879339994
882.0	19775.6480017155	-2521.716944221566
883.0	19654.25614357069	-2333.019885284894
884.0	19575.890016578815	-2518.8158843521755
885.0	19453.57829550785	-2329.3930387765995
886.0	19376.420983356304	-2515.570922462573
887.0	19252.93855983378	-2325.594206076916
888.0	19176.986196603913	-2512.004864484368
889.0	19052.277620448727	-2321.613674372897
890.0	18977.355529300392	-2508.0919845251988
891.0	18851.591175588037	-2317.4497906115243
892.0	18777.50277886232	-2504.018879645447
893.0	18650.940172585237	-2313.1919965102784
894.0	18577.44787722884	-2499.9582808337595
895.0	18450.328048158855	-2308.9237114760854
896.0	18377.23274934405	-2496.072517739098
897.0	18249.875970588128	-2304.7788569328914
898.0	18176.97466112276	-2492.418959808609
899.0	18049.428203642517	-2300.691858534392
900.0	17976.803613708857	-2488.9269126451177
901.0	17848.88581178333	-2296.7389247988503
902.0	17776.118040103756	-2485.70249748457
903.0	17647.492111805	-2293.7992594330426
904.0	17442.1323192237	-2294.350146624832
905.0	17571.480458200793	-2486.3233503439146
906.0	17545.878709922985	-2359.5188838055856
907.0	17236.782115713286	-2285.768408819204
908.0	17377.55381875524	-2548.44321867189
909.0	17336.328218103587	-2355.5464269727167
910.0	17034.955368780025	-2280.931808883879
911.0	17180.059619410862	-2539.1778946780573
912.0	17130.179356260323	-2346.8210766623083
913.0	16833.413030294254	-2277.0973858248126
914.0	16980.89162686256	-2535.049492260648
915.0	16928.17668392074	-2342.8172387148966
916.0	16630.58873787598	-2272.5068185807027
917.0	16780.31510926541	-2531.0526809174776
918.0	16725.676234517294	-2338.723256327689
919.0	16426.894959501766	-2265.9042396048117
920.0	21663.004903907804	-2370.468223797561
921.0	21494.52061746923	-2626.820447644555
922.0	21692.55571163349	-2633.847012081687
923.0	16241.619995890294	-2717.7984410489903
924.0	15823.972784620135	-2759.3879648645748
925.0	21565.454512919416	-2433.197600398056
926.0	15928.439552130358	-2682.4265341839236
927.0	15905.442525027605	-2577.0781293054492
928.0	15605.903705568146	-2780.8478251081547
929.0	21295.804708490232	-2619.3740084531
930.0	21364.94304896792	-2428.4120838175654
931.0	15706.608825039568	-2715.0932392364653
932.0	15620.815308372903	-2215.10417332678
933.0	15478.084996864638	-2732.3828633469134
934.0	15194.592237873878	-2881.0713602166393
935.0	21096.08611852856	-2612.2491159772376
936.0	21164.029352145586	-2423.517312562315
937.0	15261.552309600767	-2781.3963522351573
938.0	15227.42735339594	-2561.153245021636
939.0	14836.870010891696	-2701.4490090410727
940.0	14889.870338089837	-2920.0412822808626
941.0	15083.341450567126	-2870.5838544330304
942.0	15011.697307943241	-2762.792544666438
943.0	20780.26783607166	-2539.9253519214258
944.0	20895.535017149818	-2605.6230881065353
945.0	20963.071295841924	-2419.016858958977
946.0	20710.770178252278	-2724.6808976831053
947.0	20561.134239906285	-2410.8116421207656
948.0	23570.09184260185	-2588.3933037357133
949.0	23365.77235321722	-2457.9675239685807
950.0	23473.770931327264	-2653.2044411370716
951.0	23566.351578376158	-2459.829064344965
952.0	23770.197475987763	-2589.1815705508816
953.0	25866.2521412246	-2657.4492912873247
954.0	25972.384915774193	-2491.283750319302
955.0	23766.79263418837	-2461.796678754343
956.0	24166.70833179	-2466.2205638589007
957.0	26172.827951739095	-2492.4963447108476
958.0	26065.69120204086	-2657.6956369365766
959.0	23969.925394550486	-2590.1423199757314
960.0	24468.55654608698	-2408.3102369704643
961.0	23966.724184250274	-2463.78983650913
962.0	24169.96467625225	-2591.7003270601276
963.0	26168.423601322207	-2604.754114604753
964.0	26373.39429533131	-2493.840853994892
965.0	24367.250051818333	-2469.208783855877
966.0	24870.657322435072	-2655.8607534307375
967.0	24567.927026204274	-2472.302554422
968.0	24472.860551174832	-2655.2955664684396
969.0	26666.814336266983	-2658.295032134188
970.0	26785.790605306192	-2492.61025150225
971.0	26368.362804844055	-2605.5315267586925
972.0	26575.59456293572	-2494.581397830625
973.0	25168.870501720903	-2600.042074532644
974.0	25169.93225525797	-2481.815455734297
975.0	24768.597922158515	-2475.4335072865483
976.0	24769.449792346684	-2596.84262908894
977.0	24969.233148692943	-2478.6068112613525
978.0	24969.130436630086	-2598.4882478246323
979.0	25666.7780509616	-2656.4506961604416
980.0	25771.90291070862	-2490.183319082364
981.0	25467.434866966465	-2655.5369746430365
982.0	25571.335470665497	-2488.0831590156904
983.0	27012.027530661522	-2484.459326445167
984.0	26778.780599511836	-2602.664688433931
985.0	24476.267057832665	-2779.1269046188863
986.0	24078.423240136308	-2780.4790711864357
987.0	24073.755854060666	-2654.081467267463
988.0	24277.787740459895	-2780.026640977396
989.0	23479.30193356686	-2782.70870001404
990.0	23273.9635713616	-2653.4899638962834
991.0	23279.952086679914	-2784.363461497652
992.0	23074.778002653722	-2653.739287494711
993.0	23081.280137661186	-2785.8307504377294
994.0	22876.269840830766	-2653.8187706836816
995.0	22883.40908185123	-2786.9460610198917
996.0	22678.465410401186	-2653.2802143020035
997.0	22686.443682991172	-2787.2354645449273
998.0	22481.33195372843	-2651.780754925811
999.0	22490.261472932038	-2786.354359815319
1000.0	22284.484150686432	-2649.100675430049
1001.0	22294.47214728633	-2783.7737814611733
1002.0	22087.569076078653	-2645.1282969731747
1003.0	22098.577875226252	-2779.4064442604063
1004.0	21890.318489240857	-2639.9613213020443
1005.0	21902.317921744874	-2773.4454259165673
1006.0	21508.456407218746	-2757.885122754245
1007.0	21705.519385187054	-2766.183890777686
1008.0	21580.80968914876	-2564.2409892957908
1009.0	20694.376622921987	-2599.716593087611
1010.0	20578.821911871037	-2535.057385894788
1011.0	20492.672945414266	-2594.94084825627
1012.0	20308.650635388083	-2715.396687843841
1013.0	20291.53635394368	-2591.141719920471
1014.0	20090.883757987598	-2588.0017637791966
1015.0	20108.45529753949	-2712.559938365217
1016.0	19890.851157616446	-2585.2987975963115
1017.0	19909.06978831186	-2710.311409251382
1018.0	19691.45662756121	-2582.711272071831
1019.0	19710.414217608934	-2708.2732835609277
1020.0	19492.60670477609	-2579.8420813837365
1021.0	19512.33883418927	-2705.847941329448
1022.0	19293.98653021774	-2576.525043115724
1023.0	19314.68435797084	-2702.7638637301875
1024.0	19095.2142575519	-2572.7932342514814
1025.0	19116.6756535427	-2699.065599879104
1026.0	18896.078350186024	-2568.74803487064
1027.0	18918.25369561606	-2694.9982599473697
1028.0	18696.577074655128	-2564.653898955843
1029.0	18719.35391350271	-2690.882143899254
1030.0	18496.747595387198	-2560.7079340595815
1031.0	18520.021733147678	-2687.010419273263
1032.0	18296.737644797777	-2557.073483126886
1033.0	18320.427383219972	-2683.607624317657
1034.0	18096.805345671954	-2553.6865593624984
1035.0	18120.7691139396	-2680.5707538098354
1036.0	17897.06078959772	-2550.470797644339
1037.0	17921.562630149	-2677.73803454629
1038.0	17697.38296084337	-2547.6356658345903
1039.0	17723.183705157466	-2675.2127001410045
1040.0	17435.876486242207	-2738.189401044155
1041.0	17530.590029429215	-2674.9004533549037
1042.0	17342.903832330427	-2672.231127214203
1043.0	17307.044955911577	-2481.8491023801766
1044.0	17151.157130698928	-2666.70125050234
1045.0	17102.740122149913	-2473.927887113701
1046.0	16953.789434139133	-2662.6097011422057
1047.0	16901.552176113695	-2469.8281116402723
1048.0	16577.238641497843	-2527.0545116068283
1049.0	16754.331213697846	-2658.3100986474383
1050.0	16699.2028212955	-2465.667678494978
1051.0	16140.759782406467	-2654.2865443346127
1052.0	16552.36386238689	-2654.480995782751
1053.0	16088.052357519447	-2448.964845187808
1054.0	16347.933727617832	-2652.427543703445
1055.0	14534.609896991313	-2721.6284300850452
1056.0	14415.411062263747	-2754.122294646722
1057.0	14521.310557552026	-2828.3618127225127
1058.0	14642.300113958843	-2665.7620318738063
1059.0	14664.865322797863	-2832.747161252633
1060.0	14803.825606948167	-2620.566658919999
1061.0	14884.57808997332	-2845.757271365054
1062.0	15051.990096756752	-2659.3484735288844
1063.0	15295.340985991601	-2218.1652879717676
1064.0	15462.772975580296	-2614.910929683774
1065.0	14974.49438859246	-2550.7485035995837
1066.0	15190.59431110753	-2667.464775313995
1067.0	15127.79353319911	-2448.7197037433093
1068.0	15349.936253007618	-2541.4689017287797
1069.0	15269.24248399896	-2330.3104079390027
1070.0	15484.982405340255	-2381.7829915217903
1071.0	15785.277684583942	-2443.9449290740126
1072.0	15715.379142636906	-2275.6842316037705
1073.0	15973.851396144148	-2481.0157148486965
1074.0	15919.839338193633	-2289.7695427811905
1075.0	16317.54108066899	-2327.19810921154
1076.0	16521.571464122568	-2333.6143582661903
1077.0	16289.413318936655	-2457.2688772876445
1078.0	16164.596318457572	-2522.606245736959
1079.0	16119.405301861263	-2313.5359648319786
1080.0	15898.027319402156	-2394.553862123013
1081.0	15692.262424259236	-2612.730933706987
1082.0	14579.823204020906	-2776.2648762507774
1083.0	14490.133317791253	-2733.869505754216
1084.0	14654.037477588483	-2872.944229513189
1085.0	14601.53625454414	-2866.5496882660154
1086.0	15698.658139682566	-2394.0810366593214
1087.0	15786.629356737052	-2551.6772544566215
1088.0	15364.398295191138	-2419.2585352318524
1089.0	15576.245283503473	-2561.0135859155366
1090.0	14761.471367424236	-2863.420931809185
1091.0	14918.31932154084	-2764.5675560856857
1092.0	14709.727622174272	-2824.5994905988373
1093.0	14624.68975908529	-2775.206350056997
1094.0	14809.038824478588	-2824.7989601464465
1095.0	14717.348572938006	-2754.745173034725
