1.0	26597.651207658677	-1562.6638208844654
2.0	26210.06183938809	-690.1237423191284
3.0	26355.460800725676	-779.5041835056751
4.0	26560.76795077255	-697.0888400585419
5.0	26647.639524993418	-1648.5085567091353
6.0	26405.080618884396	-1158.8997905991766
7.0	26540.728136437963	-1461.8133688967398
8.0	27209.22523439159	-1585.9789848520907
9.0	27331.777906897474	-1482.5955474111008
10.0	27654.443973754605	-1389.1823251162075
11.0	28746.119942300124	-1486.4108433895392
12.0	28974.194591142877	-1320.4412842744207
13.0	29422.330980025054	-1318.0689999487392
14.0	29871.717654824624	-1316.3461519352522
15.0	30321.735468006624	-1316.5450595197033
16.0	30771.787510587197	-1318.5253156710558
17.0	31221.7619896252	-1321.6521710878426
18.0	31673.3087707497	-1325.8584451954814
19.0	32138.291092171527	-1330.572488409871
20.0	34065.70708377839	-1527.6078602574562
21.0	35863.57264894762	-1546.009677297494
22.0	36087.118951577686	-1377.5468061213123
23.0	37209.01506182865	-1556.8148265301122
24.0	37437.71176180975	-1386.5517718666736
25.0	37887.96390345408	-1388.048871243014
26.0	38343.91114731518	-1390.1096414537817
27.0	39460.051053595416	-1569.2610074202464
28.0	44851.51934500252	-1589.2508670784782
29.0	44638.40299700619	-1403.4688788287583
30.0	44843.46907884036	-868.1283345500201
31.0	41020.81416085235	-846.8994924711051
32.0	39108.880327099396	-835.7033573585431
33.0	43833.088296171016	-857.5730836616018
34.0	33012.19338230216	-818.6470739351001
35.0	26994.836508109438	-719.2291637736338
36.0	26756.448725036174	-1619.9428038847575
37.0	33506.49633820036	-810.1038931266872
38.0	27403.661119052067	-731.75135223876
39.0	27849.338293905457	-799.6753482101116
40.0	33984.228685214905	-823.7422789905909
41.0	28319.580051624867	-783.6206129307725
42.0	34909.76368472666	-816.9422468979764
43.0	28066.462370793874	-1311.9834748126439
44.0	35378.45206970242	-818.8396420745348
45.0	28784.306439450127	-797.1439708120166
46.0	35846.561691484305	-833.6656600531701
47.0	29246.852694636284	-797.6755181866014
48.0	29710.087867783517	-798.5006056541192
49.0	30173.883103045737	-799.6358428352869
50.0	30637.747716682625	-801.3162451094116
51.0	31285.13996482136	-979.9707272121763
52.0	31744.746309566795	-983.0357630925146
53.0	32217.79070418782	-986.3770817314831
54.0	32508.007645386617	-810.9944975588099
55.0	32642.048806159186	-1340.2904975747856
56.0	33125.9301018799	-1516.3078890439099
57.0	33311.34431298797	-1341.3024287508701
58.0	34444.90253544418	-813.186306085655
59.0	34266.472543430944	-1348.4537622838018
60.0	34958.99968686922	-1525.7775829200364
61.0	40050.433534248994	-842.2652984725796
62.0	35411.57366756329	-1529.5960206520394
63.0	36313.816486046846	-836.5413905850606
64.0	40537.92681749995	-856.521818650328
65.0	36778.75239577973	-824.6114166164361
66.0	36541.663665197026	-1367.0522694010058
67.0	37240.32095557219	-841.3432551351451
68.0	37703.58529311703	-842.5345924962052
69.0	41491.21640030356	-848.4428970394788
70.0	38168.21682471992	-844.589090191355
71.0	38637.17571287371	-846.4104025063751
72.0	41959.31326426778	-850.1468671323164
73.0	38806.93142074913	-1379.360816378593
74.0	39571.862669321796	-851.8380054770387
75.0	42427.07383208433	-851.913922443437
76.0	39727.885446231034	-1387.5525720419284
77.0	40393.91457613709	-1574.3766479738867
78.0	42894.86510692497	-853.7295519577
79.0	40690.8765375581	-1575.9283280294583
80.0	41157.663661720835	-1566.5089496035005
81.0	43363.19126396138	-855.5234610166826
82.0	41611.966761234726	-1568.251075931714
83.0	42063.96452229441	-1570.150034203165
84.0	42515.62436030354	-1572.1088333235132
85.0	42967.31596907191	-1574.1134740302048
86.0	43873.33953795708	-1578.3288036495762
87.0	43419.542877827254	-1576.0941561638044
88.0	44317.29088852475	-860.3027736531194
89.0	44105.66522617298	-1394.8379887550957
90.0	26479.673081043424	-1328.4373106757218
91.0	26704.31616071636	-1671.6157119096003
92.0	26316.68149642108	-939.8201199889872
93.0	26850.70657322252	-830.6311184285354
94.0	26441.599621203033	-1024.5284261700847
95.0	26558.279272649354	-1377.4806845450466
96.0	26990.107146839826	-1610.0481890123658
97.0	26722.965701626603	-1564.663475243285
98.0	26651.72485730679	-1589.095813268128
99.0	26506.512278407277	-1224.056138244136
100.0	26606.21436828355	-1496.2742340360958
101.0	26640.58014067917	-1189.320090007607
102.0	26683.9140841028	-1446.4192383848203
103.0	27196.64199021048	-1034.4595059242613
104.0	27495.078368701073	-1548.8176151359555
105.0	27563.208112600103	-1164.9599384203066
106.0	27856.35306763447	-1486.9750183054678
107.0	28073.469026990962	-968.3748344369087
108.0	28297.505399504782	-1471.9245869116905
109.0	29453.501757224356	-975.2103784470231
110.0	28997.31309236989	-975.869745302081
111.0	29192.563416209985	-1485.105678660657
112.0	29639.69534325396	-1482.5506776925401
113.0	29910.93940215488	-975.1547013985479
114.0	30087.390336147044	-1481.4180137350147
115.0	30369.006487575065	-975.9543391566798
116.0	30535.154250005155	-1482.7664843474229
117.0	30827.10995769624	-977.6657967960679
118.0	30982.878914340643	-1485.90426492249
119.0	31101.579336645842	-803.3633021718357
120.0	31430.55497327341	-1490.141303201314
121.0	31565.370487286666	-805.6371772226806
122.0	31879.841294036818	-1495.4624285306897
123.0	32030.778444870204	-808.444339749335
124.0	32340.94396138866	-1500.9165875918954
125.0	32729.612878140848	-994.5638142200878
126.0	33604.10247951958	-1510.963755480758
127.0	34685.7070167072	-986.9867889211664
128.0	35170.25269583101	-1345.5660091830948
129.0	36082.64068363074	-1021.0172814842839
130.0	36314.71979474357	-1550.1761482727059
131.0	36545.23862444724	-1009.9470363503891
132.0	36763.55024532825	-1539.2765225812673
133.0	37457.39046435204	-1028.6400733859211
134.0	37656.176924007974	-1558.625255475001
135.0	38379.69122629859	-1031.7297150579798
136.0	37915.69357002084	-1029.8699067449704
137.0	38104.70707916975	-1561.1479810852004
138.0	38557.56508944028	-1563.3231647527628
139.0	38850.76196519915	-1020.8279805280072
140.0	39263.97569804987	-1382.8955329211751
141.0	39787.816601838975	-1028.785521218386
142.0	41333.17232456331	-1383.831506922028
143.0	39315.85615816831	-1024.2395818015102
144.0	39013.16932253094	-1552.8921443287938
145.0	43168.628311401226	-1390.0621229682254
146.0	32828.999603226286	-1511.7173511728217
147.0	33760.95134690948	-994.7364114491344
148.0	27197.326271325088	-839.8986007076452
149.0	27035.62562064581	-1398.932469547047
150.0	26598.488569481557	-976.7402611709828
151.0	27080.00493031021	-1532.4741346204264
152.0	26826.895232235478	-1640.5038648324398
153.0	26659.21443334612	-1365.3716237996075
154.0	27053.75080657058	-1131.3171966185862
155.0	26845.614057794763	-1475.8368699433668
156.0	26892.434498822928	-1572.6849189259872
157.0	33258.50880747567	-991.6572080908045
158.0	33805.721982716386	-1345.9510531431395
159.0	27616.381745298113	-918.4753770698717
160.0	27277.738604590344	-1330.7971377768579
161.0	28539.63321283739	-963.8308417434131
162.0	28524.565216914398	-1308.526175348596
163.0	34510.25739199883	-1519.7306957103663
164.0	35616.86903076525	-1005.3315346709187
165.0	35149.663787486534	-990.6241232128855
166.0	35629.401720281625	-1361.1460272782138
167.0	34229.76478067436	-995.8028227109417
168.0	34714.35411050528	-1340.880238973017
169.0	39922.52118367217	-1559.9072217045077
170.0	40284.287986538206	-1031.4533326945145
171.0	40216.306791569325	-1390.3282051028998
172.0	40857.525694955126	-1393.8260768941157
173.0	40785.07584966264	-1034.0715249958791
174.0	37002.15033049366	-1012.7328992033127
175.0	36990.52313929241	-1370.2927721175274
176.0	41268.772668987316	-1023.9766016878692
177.0	41794.029714279	-1385.1612483099968
178.0	41737.67900892382	-1025.20797465192
179.0	42252.24422989712	-1386.712891771489
180.0	42203.94367722567	-1026.6629983587172
181.0	42710.15273195168	-1388.3746989542444
182.0	42669.90275640393	-1028.22968148694
183.0	43136.427424802045	-1029.8232183630253
184.0	43605.05785056917	-1031.6507483697662
185.0	43629.20857783585	-1391.982538911688
186.0	44630.35273084403	-1042.9533085003002
187.0	44089.564711653606	-1034.4140593090426
188.0	44341.44166920629	-1581.2422734276306
189.0	27349.803205239452	-1172.7968188058112
190.0	26898.907396147257	-1379.6584749563663
191.0	26746.59176779774	-1488.3764872083473
192.0	26920.378733776775	-1124.1535377729294
193.0	26714.67610401208	-1281.5922016937536
194.0	27110.80662242006	-1300.6389101444681
195.0	26849.795801416796	-1018.5999701144914
196.0	26840.716325127698	-1274.2012567081304
197.0	26678.87759474648	-809.6166115427523
198.0	26696.037429434804	-1076.3755773635457
199.0	12378.275372254198	-1444.301289076661
200.0	20436.253766779617	-1524.9223653645033
201.0	25599.106577869596	-698.4503572640039
202.0	25854.72411213152	-1547.9636534675974
203.0	26425.162765678604	-1556.6000222344735
204.0	26381.130866198855	-1388.6546556899532
205.0	12386.344477321096	-1436.838922029359
206.0	12407.298918135655	-1431.2285018419623
207.0	12435.233140461263	-1424.0051381054952
208.0	12472.095803097056	-1415.3704563732936
209.0	12613.342421242836	-1407.665692409483
210.0	12646.317399120562	-1377.1916161306092
211.0	12572.773835182765	-666.5898297700902
212.0	12842.251491248846	-1341.651202685265
213.0	12823.980239249715	-1260.8041515422035
214.0	13226.834989413792	-1341.6458559689488
215.0	13111.831487838144	-1164.8325560975463
216.0	13826.496235021978	-1341.7865743203956
217.0	13765.33569067886	-1100.8225135653422
218.0	14429.569486839491	-1360.380312606454
219.0	14373.016452543554	-1108.5796717358826
220.0	15031.073252503944	-1386.0177794437398
221.0	14975.484643389338	-1126.5494277382095
222.0	15499.864887457981	-741.3464030144468
223.0	16028.971276436418	-1456.9033579201969
224.0	15831.347157256927	-1436.9997306930288
225.0	16230.221694182817	-1457.8651094495788
226.0	16429.75537251921	-1472.5705112981689
227.0	16728.51905657056	-1399.0833960018329
228.0	16860.477576308225	-653.9892600667398
229.0	17130.11825413917	-1397.9242113744797
230.0	17430.931446931525	-1470.0444535004763
231.0	17333.42947304971	-1245.9936877120283
232.0	17615.431344297835	-739.7474285894242
233.0	18031.960951374665	-1482.3517751945774
234.0	17936.01591224762	-1256.0962109936288
235.0	18218.04026608523	-743.6715857790247
236.0	18632.83907343624	-1491.99529017572
237.0	18536.12554066787	-1264.5313542158863
238.0	18820.59479130313	-748.0972718117299
239.0	19234.06140275748	-1501.521293957575
240.0	19137.55916534046	-1273.8174619355711
241.0	19423.13032645619	-753.1716993957838
242.0	19835.29393402711	-1512.9149451861704
243.0	19739.31024369061	-1285.9369187216064
244.0	26031.72611895401	-777.3869471393799
245.0	20336.333854346874	-1303.452773380306
246.0	20627.71007020632	-761.4847726149146
247.0	21037.087108692984	-1535.1400788561214
248.0	20940.548586209345	-1307.9139282313215
249.0	21231.075733964954	-770.0650901083455
250.0	21637.856724494413	-1542.2131532712335
251.0	21532.509061173096	-772.6833878229169
252.0	21833.546312177667	-774.4519645267006
253.0	22238.690593896576	-1546.3751060529191
254.0	22134.96514366246	-775.7185497688893
255.0	22436.581825072983	-777.0981082090597
256.0	22839.71693126831	-1548.158813373777
257.0	22740.600208016695	-779.0548378143758
258.0	23044.39893093555	-779.4397221833943
259.0	23440.77829993464	-1548.5022089955692
260.0	23346.054967739477	-780.3893718504561
261.0	23647.469136537777	-781.5139247546149
262.0	24041.951713210117	-1549.1447021274846
263.0	23948.877396220003	-782.435644878347
264.0	24250.53695469594	-782.5186891024332
265.0	24643.18264605629	-1549.3627182765297
266.0	24551.89285530017	-783.4023762533088
267.0	24853.24597660278	-784.4681958782148
268.0	25447.31066098732	-788.615430043043
269.0	26149.41987411972	-1022.0512443185735
270.0	26265.699395375577	-1240.9882513421826
271.0	25982.655723874206	-1460.094321570167
272.0	26536.21698960364	-1594.686999776219
273.0	26256.42718820108	-1569.8045503411483
274.0	26493.92437007143	-1528.0539611958557
275.0	11748.022315621778	-551.2704517696607
276.0	12286.752448632671	-1354.4429790220272
277.0	12305.742630346174	-1367.4376935613616
278.0	12337.961070295272	-1408.9994814175998
279.0	12358.73281735887	-1430.529727249399
280.0	12348.323583377627	-1419.796656787914
281.0	12369.081833221251	-1441.1891284265794
282.0	11754.266374761186	-554.701181713666
283.0	11761.377063891805	-551.3351301113233
284.0	11768.829256258765	-588.1382619584916
285.0	11783.641438490993	-605.7085431918425
286.0	11829.383487008765	-557.9029410335633
287.0	11796.623902751431	-641.1961600835106
288.0	11845.640283922598	-570.0589469183884
289.0	11833.964434964051	-660.0926111660101
290.0	11824.99647931225	-693.9669277519201
291.0	12296.89106319265	-1365.442630322008
292.0	11840.246482307752	-711.2095993567249
293.0	11847.465680658846	-724.3269237633682
294.0	11854.735242813678	-737.4208893495376
295.0	11890.786551560625	-717.4168832127792
296.0	11869.248821857705	-763.5809189276911
297.0	11883.114289723728	-798.7533969321279
298.0	11890.483827397484	-811.7711603533189
299.0	11920.447969310306	-863.633002548187
300.0	11912.9034371905	-850.7139998003317
301.0	11936.2729771197	-880.3133655803655
302.0	11951.727402691155	-905.8781638150558
303.0	11958.00286375998	-880.4571812197688
304.0	11983.219759348098	-965.520080922016
305.0	11998.511363006985	-943.3787088050176
306.0	11943.469140256244	-902.1580166962158
307.0	12016.56451972034	-1006.084545119444
308.0	11905.359684970028	-837.7684647510899
309.0	12033.807737609923	-1039.6069474302926
310.0	12384.777662811734	-640.2564427079229
311.0	12069.140691393286	-1087.8888415615813
312.0	11875.765700765847	-785.6880333710028
313.0	12087.150986883518	-1111.834079549858
314.0	12078.135127253954	-1099.884115556374
315.0	12104.832136764237	-1126.5134427851729
316.0	12113.989511153579	-1138.3828976107634
317.0	12123.151453141994	-1150.2343433060657
318.0	12141.551614606893	-1173.7549179047185
319.0	12150.847045767952	-1185.516398030619
320.0	12160.171773594831	-1197.1931015549242
321.0	12178.884879405998	-1220.5004717797087
322.0	12236.154330020283	-1289.496504543785
323.0	12255.706424437793	-1312.0727973715377
324.0	11775.66813531881	-601.4334031710761
325.0	11803.661518200699	-654.3926642911879
326.0	11832.195517296546	-707.0755397071874
327.0	11897.90610032359	-824.753686141858
328.0	11928.053928672854	-876.5068233804959
329.0	11959.257710947872	-927.5718351504332
330.0	11762.561428319677	-573.9979814934031
331.0	12327.61496661696	-1398.161075896978
332.0	12042.522163145766	-1051.7450595961784
333.0	11975.27824036126	-952.9439348742047
334.0	11991.446230227315	-977.9890521938136
335.0	11782.770720500775	-574.5037939858612
336.0	12025.1525844012	-1027.390004866393
337.0	12008.115801333797	-1002.8119011436335
338.0	12132.896202313408	-1171.0478340575512
339.0	12096.20735785173	-1123.703069191387
340.0	12060.154708532637	-1075.9084149045502
341.0	11789.608769840539	-627.9495292567534
342.0	12317.320877990554	-1387.3062812403234
343.0	12227.405805531627	-1287.1230971319467
344.0	11810.751966692222	-667.5753349898105
345.0	12266.709113462928	-1332.2417181060966
346.0	12246.932006661344	-1309.7954602145007
347.0	12208.11259793934	-1264.2460598641853
348.0	12170.191007520036	-1217.9240156590765
349.0	11888.488911789545	-576.9666471980466
350.0	12276.747705610966	-1343.3694370289468
351.0	11861.140930918249	-759.5398296750064
352.0	12019.240846830879	-595.0794000557722
353.0	11967.427402954265	-940.1477092388635
354.0	12051.345953758006	-1063.7956892827212
355.0	12548.872064125868	-1417.09697903427
356.0	16628.0715391088	-1466.4285922632307
357.0	12790.304318353432	-1385.796774955912
358.0	13054.778985464873	-1361.0873851163071
359.0	13421.720001259462	-1332.2256278320356
360.0	13625.401884517387	-1344.8280584619886
361.0	14027.511051470176	-1349.1133822626734
362.0	14229.822113287048	-1350.8800123112094
363.0	14629.169671229212	-1368.0843512398806
364.0	14831.03752019068	-1377.2416380880943
365.0	15233.246274606945	-1383.7136173166175
366.0	15430.266128692036	-1417.4842473212695
367.0	15631.20890526587	-1425.6888999549374
368.0	15808.969417351313	-732.1443325094618
369.0	16105.29081209856	-927.7072542321724
370.0	16245.946343339396	-1180.530531637002
371.0	17029.15647311708	-1465.1210164003094
372.0	17230.07257572479	-1467.1186747955153
373.0	17631.246846685874	-1473.9811102698925
374.0	17831.758977771504	-1478.2876093344591
375.0	18232.150139464862	-1485.9164550265805
376.0	18432.50773628633	-1488.901418723627
377.0	18833.18704162841	-1495.0519472482029
378.0	19033.61723045152	-1497.96166441621
379.0	19434.45667597838	-1505.237903039391
380.0	19634.943010857995	-1509.101395922099
381.0	20035.63233611064	-1517.1345770833466
382.0	20235.986375456443	-1521.084472964623
383.0	20636.509571332917	-1528.7787046379772
384.0	20836.85478632999	-1532.0335807130984
385.0	21237.332660716987	-1537.8661568233936
386.0	21437.587578447714	-1540.2151834579006
387.0	21838.138040786296	-1543.8907885760266
388.0	22038.427796468404	-1545.275372621705
389.0	22439.068820301818	-1546.9656783791797
390.0	22639.372603347147	-1547.653042983885
391.0	23040.061788465173	-1548.5219999685696
392.0	23240.396573697257	-1548.5247032367652
393.0	23641.172985783356	-1549.0021379224927
394.0	23841.55985656347	-1549.0675739493456
395.0	24242.35144094059	-1549.2270460282334
396.0	24442.776381639018	-1549.1370004155779
397.0	24843.624704931455	-1549.6674495873228
398.0	25044.094421729085	-1549.6812453318755
399.0	25736.482800933856	-787.0249105328576
400.0	25445.904673837867	-1550.749446219281
401.0	25647.333625081752	-1556.4657824886783
402.0	25244.920965275607	-1550.131315082205
403.0	25847.343357062724	-1055.2088304916244
404.0	26189.411321571417	-1481.2198427081141
405.0	26363.355118132386	-1503.7465737717387
406.0	25997.839860810887	-1293.342672946838
407.0	12476.657704616746	-600.21554854954
408.0	12397.617344567863	-1441.2503442545938
409.0	12375.510815562438	-1421.3808955358763
410.0	12422.055908329587	-1436.8000028389752
411.0	12217.745277109925	-1275.7262125231762
412.0	12455.21878467476	-1431.5847434690031
413.0	12198.579567520637	-1252.7609774510822
414.0	12352.19570034749	-1389.0805045127279
415.0	12189.074113773526	-1241.1815936177752
416.0	12496.971822669277	-1425.0731344390595
417.0	12393.422659653274	-1388.977278622969
418.0	12294.387907164615	-1327.5988110808805
419.0	12517.851722682952	-1404.6807773869484
420.0	12755.514892464163	-1239.98846035735
421.0	12679.214264345921	-874.4554733737841
422.0	12692.841647558913	-1397.427502545511
423.0	12689.463123543816	-617.6935433909373
424.0	12630.344636283526	-1324.518645934084
425.0	12951.78984533088	-631.4304387064867
426.0	12909.530321339307	-1373.2973685190716
427.0	12959.564543870969	-939.237528756173
428.0	12810.427616734463	-696.8372392638092
429.0	13244.767311878119	-656.3498394880611
430.0	13133.42374783533	-1290.989401352809
431.0	13545.301768013014	-660.4309736463118
432.0	13092.517224547022	-734.3804662606625
433.0	13392.180488104785	-762.1838694002644
434.0	13846.830166034999	-669.5862048756153
435.0	13290.4103436903	-1078.8417505052712
436.0	13527.084144886603	-1084.2377375332478
437.0	14148.70024517476	-664.5097265046744
438.0	13693.647984383473	-774.1956171122171
439.0	13995.625440805328	-777.0463885659386
440.0	14450.16688399718	-673.1226544479338
441.0	13900.284718467397	-1102.2714696907472
442.0	14131.20172453581	-1279.6397654026396
443.0	14751.209481668111	-668.9660563409478
444.0	14297.541138027622	-779.3548567336157
445.0	14598.629353781083	-782.5832051652479
446.0	15052.523969088441	-677.5779990850982
447.0	14505.435685575801	-1113.9823017247102
448.0	14733.447980891664	-1299.7568038166999
449.0	15350.575674034108	-660.8626565894662
450.0	14899.565418132455	-785.810568397771
451.0	15197.510589758558	-776.4791872416484
452.0	15110.835667590147	-1119.8658411255299
453.0	15656.299287527754	-643.6731962625377
454.0	15398.562666052712	-1183.9336533978621
455.0	15802.089470047984	-893.7018516737584
456.0	15534.236969796642	-1356.2934532826268
457.0	15932.995145519564	-1383.3951498550869
458.0	16259.987958965625	-660.3101184147545
459.0	16131.752620316707	-1393.896842480278
460.0	16717.346801629817	-1255.5989037062184
461.0	16561.47012257412	-661.4589058515065
462.0	16332.318140860689	-1401.7440310790887
463.0	16828.788613732242	-1466.5663797984191
464.0	17163.18024194568	-654.9903190998339
465.0	16410.1849452162	-754.8956302147799
466.0	17009.54264045058	-739.6502223058102
467.0	17465.675431784843	-653.3021884660203
468.0	16825.808742989288	-996.4269141677596
469.0	17130.737969005422	-1244.802620366291
470.0	17313.319475187305	-737.7351693004497
471.0	17732.81325760555	-1408.1163669854534
472.0	17766.713131796096	-658.2305597934497
473.0	18068.615732676113	-656.7482412448039
474.0	17735.416257845794	-1256.2114815380064
475.0	17916.95062444921	-741.9654999635667
476.0	18333.40105465477	-1419.3288277201593
477.0	18369.223794172005	-661.1646270135492
478.0	18671.38378704609	-660.0101467901421
479.0	18335.8827758557	-1261.6198545914285
480.0	18519.387299715316	-745.7055099197217
481.0	18934.45016996838	-1428.1736557575014
482.0	18971.85230649971	-664.7843703101985
483.0	19274.053595140194	-663.4964203623373
484.0	18936.82655821338	-1270.5219150455443
485.0	19121.843578657354	-750.3555639792839
486.0	19535.96517346457	-1439.077967215129
487.0	19574.560075038436	-668.8284871313396
488.0	19876.64679844151	-667.1605636104842
489.0	20137.1277915782	-1451.1772657485453
490.0	19538.724436432472	-1283.2833209781209
491.0	19724.30250901762	-755.6078612392894
492.0	20177.20492153773	-673.334852859255
493.0	20137.591103907787	-1298.7921455346466
494.0	20478.115193162466	-670.2732118892594
495.0	20025.526334777023	-758.8862455625635
496.0	25892.70100232436	-693.5153708642125
497.0	20325.57370875809	-760.7709124366975
498.0	20737.806598863757	-1462.550798044914
499.0	20780.762303725845	-675.2766944421132
500.0	21082.70174090602	-676.9800476937735
501.0	20438.086730709903	-1212.8999287601
502.0	20741.79168483715	-1310.4970946129295
503.0	20930.87559720999	-766.9636270147874
504.0	21382.383461220696	-679.6061389403126
505.0	21655.8668113224	-1046.6586551527962
506.0	21340.1091020788	-1313.3308965796703
507.0	21685.55608885406	-680.8263268129862
508.0	21938.7559957557	-1476.6486929442908
509.0	21984.841732965157	-682.6026970487375
510.0	22256.216449532036	-1050.1803133701403
511.0	21939.862156227882	-1318.9041144914481
512.0	22288.39594107874	-683.3208934598159
513.0	22587.879435115567	-685.210236893549
514.0	22859.741016748132	-1053.0068311469338
515.0	22540.048748364094	-1321.2989284017513
516.0	22893.835344762334	-686.5056044697732
517.0	23193.099178774315	-686.8231026672089
518.0	22993.116551706113	-1053.392471470291
519.0	23441.03257793345	-1233.1139335355983
520.0	23140.525146648408	-1322.4169469494288
521.0	23496.912402306156	-688.6832355414762
522.0	23795.9343683125	-689.1756369760091
523.0	23594.805699529825	-1054.2628363505264
524.0	24042.22237642715	-1233.84101834959
525.0	23741.54845358733	-1323.054424226509
526.0	24099.74168272827	-690.8329370698494
527.0	24399.014947528325	-690.4866626047366
528.0	24196.59307595872	-1055.085335026138
529.0	24643.711802935013	-1233.9774816798024
530.0	24342.836005196794	-1323.168402376111
531.0	24702.518604072382	-692.9446056253663
532.0	25151.414193428438	-784.1735178179642
533.0	25001.789089570826	-692.7804636342838
534.0	25555.35446573519	-1069.8061738402157
535.0	24798.670433121446	-1055.8803618456168
536.0	24944.49690298049	-1323.328299998214
537.0	25595.08302683134	-1339.064161206324
538.0	25302.107841637928	-693.8779089697568
539.0	26134.95677539286	-1188.8480112426766
540.0	26009.863457990243	-948.9985126555129
541.0	25736.716390503483	-1335.404360414673
542.0	26073.489786958846	-1533.400733526232
543.0	26268.588840053886	-1366.3619440013736
544.0	12398.599038889019	-1417.9128003257556
545.0	12307.092403230607	-1376.4117199808336
546.0	12326.187733735334	-1389.2013867886556
547.0	12322.028924654822	-1367.3098507656068
548.0	12357.232883709448	-1421.5832131953612
549.0	12368.644771579593	-1414.3513650456152
550.0	12367.571717228886	-1432.202158390625
551.0	12346.852778526498	-1410.8469594764065
552.0	12354.975339762403	-1402.3755627432008
553.0	11754.258835021676	-562.2360779929905
554.0	11777.064371360555	-554.5509700347465
555.0	11810.541086597463	-582.5762154863145
556.0	11762.700234692738	-565.4326697206621
557.0	11782.586542789644	-614.7165443525629
558.0	11807.766535553865	-627.2014907940593
559.0	11800.380588947823	-556.2115502537936
560.0	11790.614788936868	-618.9530618409326
561.0	11817.840401370484	-680.7667721796312
562.0	11866.826998163931	-560.4492147102874
563.0	11945.25092360367	-585.1723136955698
564.0	11830.611356255935	-625.0438495627537
565.0	11825.880877871852	-684.9494102161275
566.0	12295.57384295179	-1356.4707577965985
567.0	12462.605079532832	-1389.7369303415908
568.0	11839.370286353223	-720.2321483171839
569.0	11980.755658968083	-568.8877766500497
570.0	11846.633813657281	-733.3292581116293
571.0	11879.676216418788	-757.7116822164347
572.0	11865.204409902171	-731.9156192835866
573.0	11853.88125373218	-746.4502940798233
574.0	11850.430587355288	-706.0199196176527
575.0	12114.148518493157	-607.5923467199585
576.0	11893.945620873703	-783.4113950093506
577.0	11868.435083874494	-772.6125561483387
578.0	12014.57622956729	-635.5438181745321
579.0	11876.563788093108	-776.6428126778446
580.0	11891.24993336134	-802.7457881423403
581.0	11906.056527802326	-828.7075026603983
582.0	11921.098163755509	-854.6018395944362
583.0	11908.552083745859	-808.3680563923317
584.0	11935.73188053634	-889.3558050329884
585.0	12171.728585030578	-581.7920906639519
586.0	11951.2786066161	-914.9251898808958
587.0	12307.113945947465	-590.5683672366655
588.0	11999.742210134695	-990.44380904566
589.0	11931.483112153568	-848.3185036974386
590.0	11999.843688030227	-981.385929039319
591.0	11943.967432011481	-893.1167335142782
592.0	11961.54047739917	-899.0264521529407
593.0	12016.598975365712	-1015.1439097114107
594.0	11913.556787492198	-841.6880923555149
595.0	11921.664595384427	-832.6132569113852
596.0	12032.423705298643	-1008.0303100756095
597.0	12085.62862082522	-1070.142085089635
598.0	12033.645836285616	-1030.54791458619
599.0	12234.582693519647	-622.4633677291328
600.0	12026.773576021618	-999.8767816449223
601.0	11883.904063177912	-789.7137603294627
602.0	12077.752096239294	-1090.8087546187646
603.0	12086.741147664654	-1102.7834086048153
604.0	12130.999677978163	-1129.6986509564965
605.0	12105.349681149355	-1135.5822508751535
606.0	12114.513218932547	-1147.4462902043135
607.0	12150.862488900784	-1165.7853842408615
608.0	12123.693769907788	-1159.2814113537572
609.0	12142.174158104419	-1182.8187678409129
610.0	12151.476495869678	-1194.5766629423176
611.0	12168.718784496747	-1187.9512793871424
612.0	12160.822563247282	-1206.2320754012587
613.0	12179.59483486686	-1229.5642805901077
614.0	12188.313095070693	-1232.1269347236566
615.0	12197.794422664068	-1243.7322953456564
616.0	12223.798802136325	-1246.1908777341189
617.0	12216.836403432315	-1266.7075619388645
618.0	12288.749325531613	-1299.0592324879944
619.0	12237.154990521709	-1298.5056740104958
620.0	12275.539564118866	-1334.383411169804
621.0	12258.014701555418	-1286.3283373639526
622.0	12256.806856455732	-1321.0706148371846
623.0	11776.810604029173	-592.4232161554986
624.0	11786.699442654879	-584.1861849172268
625.0	11804.656297489988	-645.3929516086123
626.0	11818.776421249428	-671.7371628138523
627.0	11819.96302970224	-634.0294786682649
628.0	11833.067515126173	-698.0941326672473
629.0	11861.410255766454	-683.7935652109791
630.0	11898.632014669944	-815.7162514082261
631.0	11916.662905978403	-823.959531074844
632.0	11928.647839972009	-867.4754622335362
633.0	11973.207133987053	-904.0190515997934
634.0	11959.65928334339	-918.5268352550205
635.0	11767.701605364267	-557.9181181787662
636.0	11770.58714321003	-578.3025148798405
637.0	12336.50478623446	-1400.0351206033772
638.0	12427.201882846872	-1404.3372441782703
639.0	12042.311047235738	-1042.700284018841
640.0	12055.081729728154	-1027.8612346799848
641.0	11983.592391402884	-956.4853918946525
642.0	11977.349913794524	-922.7354443963517
643.0	11967.877537585004	-931.0299868522449
644.0	11991.585316856785	-968.9671458126508
645.0	11995.367249200592	-952.8458910057058
646.0	12025.061774407593	-1018.3439534863546
647.0	12043.42653112811	-1023.3858208438063
648.0	12008.156936912688	-993.7652253505831
649.0	11786.526033575436	-562.71232920514
650.0	11812.826009329334	-565.9582989042578
651.0	11794.659906163492	-601.5590522086562
652.0	12132.319765363456	-1162.0134936652003
653.0	12144.713207332496	-1157.976174577471
654.0	12095.744599020187	-1114.667682705641
655.0	12068.740220246922	-1078.8431822084076
656.0	12059.637255454601	-1046.106420418652
657.0	12051.07075101735	-1054.7395280408873
658.0	11808.424908061936	-614.3961679471231
659.0	11797.646203520226	-632.1815976423139
660.0	12315.944291255844	-1378.3531337565928
661.0	12335.74157467622	-1381.3729712270542
662.0	12226.466047742497	-1278.1261708941645
663.0	12245.232005583262	-1281.7267860830143
664.0	11822.5666411248	-651.9678754027549
665.0	11811.707216704342	-658.5589145865048
666.0	12276.47332869088	-1307.6773914299167
667.0	12265.574616650336	-1323.2722803621011
668.0	12245.89875506883	-1300.8112588644317
669.0	12506.069713920855	-1371.6217986920158
670.0	12207.278442758194	-1255.2473330329974
671.0	12226.128158033263	-1259.3964515067637
672.0	12169.521318797795	-1208.8367841185827
673.0	12189.211835042735	-1214.1809764708748
674.0	11835.85367460311	-679.6647238151642
675.0	11915.956578925614	-564.9887736433733
676.0	11973.007115904833	-641.1062953494433
677.0	12285.539591421499	-1345.4595263565127
678.0	12283.380185925613	-1325.436475494691
679.0	11861.979735175571	-750.5189378262148
680.0	11906.317212236332	-742.8460374776192
681.0	12064.288954553345	-575.1987292225145
682.0	11905.545366760181	-789.4463909512384
683.0	11946.135748230568	-873.9968256587011
684.0	11975.889823672243	-943.7315804522719
685.0	11987.34808852026	-937.8058552720316
686.0	12059.856042474987	-1066.803204274624
687.0	12070.004213770997	-1060.5443841801978
688.0	12574.917297386653	-1391.7720116107905
689.0	12242.554388678744	-1268.2226232915873
690.0	12264.207267944532	-1303.8970533140691
691.0	16529.85469672983	-1406.1041242346673
692.0	16409.82120383707	-937.1203050467308
693.0	12734.311513108938	-1360.7295224436175
694.0	12787.510958391935	-816.8544034652023
695.0	13084.450791837764	-894.0981225993764
696.0	12974.50030624288	-1320.7616951361788
697.0	13319.002701773976	-1262.2665665827392
698.0	13398.226017034633	-968.2731182021907
699.0	13726.451116727878	-1273.2097462777272
700.0	13669.384832327216	-991.9131321972267
701.0	13521.98577102776	-1264.7654310856244
702.0	13928.194141914742	-1275.2104964874004
703.0	14137.437739470623	-1099.2689425780918
704.0	14005.837642957644	-995.8035326414725
705.0	14276.066430171168	-995.3569287314991
706.0	14333.008150594245	-1283.7319324910452
707.0	14532.155094691696	-1292.1969507439414
708.0	14740.097924155261	-1113.465681613129
709.0	14609.100205376917	-1003.5785800170785
710.0	14877.983009023772	-1009.3148188181216
711.0	14935.189097819844	-1308.1851248046114
712.0	15137.255150281184	-1304.7675612630658
713.0	15210.805531270722	-992.8905239144387
714.0	15651.70289200482	-967.4820372294835
715.0	15502.148439238377	-903.597724817096
716.0	15336.339648427698	-1325.6862387466451
717.0	15529.772773380502	-1210.7447569727417
718.0	15735.281977731642	-1363.8905380479428
719.0	15961.101224667329	-652.8885674891227
720.0	15906.425712252012	-1152.13058758717
721.0	16111.237068049295	-747.5532732570373
722.0	16119.95675994674	-1255.3596134545242
723.0	16703.296833194316	-925.9382435557109
724.0	16490.59684576651	-1265.814509934223
725.0	16709.25354181891	-747.346790462124
726.0	17072.94757289664	-986.7713409372803
727.0	16929.217338644088	-1398.0057160284634
728.0	17319.88014063853	-905.0779435957332
729.0	17331.520053252174	-1400.5420041872655
730.0	17680.566030896913	-995.2357002788661
731.0	17532.33518076107	-1403.9271782724634
732.0	17933.178496847017	-1412.3957114472416
733.0	17923.84139233908	-910.7924031317058
734.0	18133.214983507645	-1416.219371061823
735.0	18281.479151011503	-998.4395729384336
736.0	18533.72514875255	-1422.222009936432
737.0	18525.25441072452	-915.7627904218807
738.0	18882.507165127146	-1006.8193836484043
739.0	18734.03842271908	-1425.3020429306116
740.0	19127.328102347048	-922.8024387823783
741.0	19134.9604233507	-1431.3946304990213
742.0	19484.81035353171	-1017.8883092469435
743.0	19335.43960205946	-1435.1971231084979
744.0	19729.45779474945	-931.5577620195903
745.0	19736.4494291942	-1442.891664895982
746.0	19936.787184208977	-1446.9728756924796
747.0	20084.25995373407	-1031.8487338909647
748.0	20337.396055433175	-1455.0622188031164
749.0	20326.21046580739	-945.2125974211904
750.0	20537.56419608722	-1458.9913964913621
751.0	20689.97531192355	-1037.4034092158927
752.0	20938.020837907028	-1465.6487301644913
753.0	20934.513573261807	-948.0131150142024
754.0	21138.129584593862	-1468.5666706804932
755.0	21538.401181572175	-1473.276366420139
756.0	21287.544666401136	-1043.2846431728751
757.0	21338.255767873135	-1471.1023351136957
758.0	21534.628197147966	-955.4638257376906
759.0	21738.569586927475	-1475.1160147779367
760.0	21887.31837025279	-1048.7114924163477
761.0	22138.921950688866	-1477.87997521875
762.0	22135.788729238455	-959.1802403810852
763.0	22339.175355689265	-1478.5645689191053
764.0	22739.727840794945	-1479.651420125873
765.0	22488.07547640848	-1051.8400219363132
766.0	22539.46879194355	-1479.0554138398902
767.0	22740.442080769466	-962.3632456161291
768.0	22940.02717191043	-1480.084552262783
769.0	23340.642802610484	-1479.9282860407748
770.0	23077.142665066338	-962.7244431736248
771.0	23240.728837402636	-1233.1381483107107
772.0	23140.316754935262	-1480.1472648548677
773.0	23541.028650028413	-1480.2818652128692
774.0	23941.807545233514	-1480.853451599829
775.0	23679.57666024355	-964.1185394177986
776.0	23841.822143186666	-1233.65686468077
777.0	23741.419489807446	-1480.7700497028666
778.0	24282.15231520058	-964.4321544209082
779.0	24142.20846764363	-1480.943122574262
780.0	24543.08318445171	-1480.785446199645
781.0	24443.188430837978	-1233.7988797437981
782.0	24342.642519425124	-1480.826324031872
783.0	24884.545326919124	-965.8035612449208
784.0	24743.54105567061	-1481.051419300409
785.0	25144.96867155031	-1481.0241810552798
786.0	25047.51935318972	-1234.364599990354
787.0	24944.062532310734	-1481.0101434069638
788.0	25264.143412583973	-1235.2431607381884
789.0	25346.38898741369	-1481.5633487237208
790.0	25756.84178096146	-1483.8601414000948
791.0	25548.41190628131	-1487.3005276848241
792.0	11796.575441617015	-589.0468809496178
793.0	11842.511441254866	-590.452420320839
794.0	25712.98781663599	-977.1068046441366
795.0	25849.78285861023	-1232.7562238588464
796.0	25508.807680905385	-1245.2597273295366
797.0	12385.090036621703	-1422.9054985245286
798.0	12315.23750395897	-1360.043296266167
799.0	24743.85164912204	-1323.3463817197007
800.0	25151.59276660082	-965.2977568062834
801.0	24142.345808017348	-1323.3345225885853
802.0	24549.85647923622	-964.9400694793507
803.0	23541.159056034987	-1322.549826773514
804.0	23947.312510084605	-964.6680107674674
805.0	22940.35239384641	-1322.3602072591802
806.0	23345.03726106313	-963.4020583171605
807.0	22339.875416224702	-1320.8236087770777
808.0	22740.15400446048	-1321.7754274414492
809.0	21739.90356209627	-1317.4635966954895
810.0	22139.77105321398	-1320.1257030851891
811.0	21140.2669666638	-1310.8824349063846
812.0	21539.983150482007	-1315.5517285035123
813.0	20540.45936110381	-1298.5784053097686
814.0	21055.903407433998	-1039.6952975549277
815.0	19939.85967458459	-1289.309048222903
816.0	19338.221266330816	-1277.6667690370796
817.0	19853.479112144225	-1019.267665771425
818.0	18736.43722209249	-1267.6887839987787
819.0	19251.51866553734	-1009.1892797480645
820.0	18135.945125066482	-1258.522117057184
821.0	18649.431819277972	-1000.800789316428
822.0	17535.350431702114	-1246.4152291479877
823.0	18048.60127126042	-993.8575127011578
824.0	16928.967930643044	-1240.6319509537989
825.0	17446.214459025323	-985.8399697365463
826.0	16359.838650387237	-1262.946682292266
827.0	16555.149672570395	-1022.2750337770443
828.0	15987.899681943489	-1248.4454793421075
829.0	16253.677961635765	-1022.6887742218405
830.0	15366.154167326662	-1039.525315064906
831.0	15755.455996302806	-1213.9710654550636
832.0	12207.373353112655	-1236.838200647803
833.0	12132.70285597568	-1142.2585055577445
834.0	12227.443637700038	-686.6833278889384
835.0	12068.538235836184	-969.4361876987199
836.0	12342.616855050772	-1388.587540431711
837.0	12429.744959767644	-1341.2028707110574
838.0	11914.48136957763	-631.0223453297021
839.0	11817.875092407157	-643.2063770416213
840.0	12195.488688672922	-1221.9301475162908
841.0	12560.971434869976	-1349.6039590740893
842.0	12276.740245378744	-1318.054801012302
843.0	12178.72172410587	-1201.247227854258
844.0	12502.072303999628	-1305.3313795904571
845.0	12257.680790539562	-1296.4036406786593
846.0	12163.139660770756	-1169.519856533183
847.0	12232.536955326628	-1266.9954155145758
848.0	12213.672892354225	-1244.5032613350315
849.0	12175.398378703509	-1144.888987759147
850.0	12205.828637824337	-1224.090711712556
851.0	12429.447470536676	-850.389828310031
852.0	12189.71836846485	-1204.0149640859174
853.0	12114.817236261932	-1120.6991771510031
854.0	12178.569979457274	-1189.400696969152
855.0	12104.449695861253	-1106.3343079789101
856.0	12374.706037069676	-721.8026207401884
857.0	12145.638614710515	-1147.2682545177067
858.0	12098.469723791764	-1098.4278298418074
859.0	12138.71071647063	-1114.948903186599
860.0	12120.924567365502	-1128.6110961112674
861.0	12087.062632325336	-1083.3381584442086
862.0	12114.897554190493	-1109.5554288304866
863.0	12113.09573974576	-1080.2525739601024
864.0	12075.917613592812	-1068.5670219110173
865.0	12099.174239467111	-1088.0579406188099
866.0	12053.237154229762	-982.7088599970248
867.0	12016.062342647745	-983.8686773989606
868.0	12070.060629491263	-1048.9037615660593
869.0	12109.009673295948	-659.3571250178447
870.0	11891.349887179882	-764.797862274471
871.0	12010.534286377095	-975.6375043528491
872.0	12042.295210134742	-1009.914267713264
873.0	12000.635552864032	-961.1394749697702
874.0	12057.695425244368	-952.5135566855794
875.0	12026.230263370133	-986.7075897174891
876.0	12158.252568083159	-1138.8807374617033
877.0	11919.713389354474	-784.7844978971971
878.0	12002.408537515961	-918.365366846679
879.0	12159.45068401376	-697.7768291216435
880.0	11941.854634299489	-823.3412913219199
881.0	11941.063088555611	-865.4541965533359
882.0	11988.358044011802	-925.9274416027298
883.0	12097.212024679708	-749.835843811421
884.0	11956.375644124257	-890.534649622723
885.0	11931.396193480788	-835.3558284592042
886.0	11943.248166291967	-855.328400970989
887.0	11955.820198239171	-830.360542356401
888.0	11870.028111367565	-740.6427885815665
889.0	11918.432547575576	-812.6575195404093
890.0	11864.880477485547	-718.2555977463435
891.0	11889.051196837414	-774.6973555152332
892.0	12063.595468825506	-685.0941777489867
893.0	11933.892677800302	-809.2967082396663
894.0	11942.166997804006	-616.9264142762034
895.0	11840.650563987814	-688.4214959507863
896.0	11875.429102776825	-693.110593768286
897.0	11879.616701671323	-743.7944437191018
898.0	11855.243177398619	-714.7585334640335
899.0	11831.1294651008	-670.8454781738019
900.0	11849.962671205723	-692.2132232516542
901.0	11856.016069887402	-640.0058937329953
902.0	11882.507850690343	-602.0293700845923
903.0	11893.086296231684	-624.2556075167698
904.0	11857.717094396998	-605.9054109992836
905.0	11823.96972160916	-594.9143310180704
906.0	11799.310595124625	-610.379807379557
907.0	11848.381647374388	-625.5813180422768
908.0	11821.405083632839	-609.829853216992
909.0	12367.858032483675	-1404.0934119049623
910.0	12399.88800417063	-1368.149923488776
911.0	12302.003300814904	-1345.960420474461
912.0	12332.959352330416	-1368.434582687736
913.0	12306.377236485301	-1316.9252341648935
914.0	12295.339171168403	-1338.6358360835595
915.0	12312.815394668556	-1347.537895704676
916.0	25147.95923234118	-1323.389379122508
917.0	25033.26701305955	-1055.240067989309
918.0	25282.02928697377	-1056.2760704230088
919.0	25427.05353315078	-969.889352507976
920.0	25362.62087393118	-1324.3099963124762
921.0	24844.369669052645	-1234.2805685978649
922.0	24428.59393196902	-1053.937821149253
923.0	24664.86103316119	-1055.673362570072
924.0	24543.301747879003	-1323.1052471836258
925.0	24242.68226708598	-1233.9605243867961
926.0	23826.477005882884	-1054.012617528313
927.0	24062.939155738724	-1054.9949084619032
928.0	23941.940868076825	-1323.1583678076113
929.0	23641.432355569817	-1233.5544740067799
930.0	23224.825206228754	-1053.1205101241437
931.0	23340.76667460272	-1322.272049020159
932.0	23461.206795567738	-1054.2615810191667
933.0	22840.468316869836	-1232.5584756857504
934.0	23040.595402114297	-1233.067337059528
935.0	22640.378723433227	-1232.020564861322
936.0	22621.394099863912	-1052.1600275748187
937.0	22240.239756957133	-1230.8798737773304
938.0	22440.3488372578	-1231.4682327990129
939.0	22403.578747950287	-960.495837507188
940.0	22040.3830594657	-1229.7765220353012
941.0	22020.424042915267	-1049.5306197383877
942.0	21840.57817642728	-1228.4937920407367
943.0	21801.737898671145	-957.503854951737
944.0	21441.02288156321	-1224.7191070072483
945.0	21640.77266857304	-1226.8360972721596
946.0	21420.57378547981	-1044.80864636079
947.0	21241.323376992594	-1222.4104825152597
948.0	21200.63942444111	-951.7308519700849
949.0	20843.367620605695	-1222.2450753479436
950.0	21041.752239065234	-1219.7210411488431
951.0	20823.18143928939	-1042.37000572474
952.0	20449.657472477702	-1031.2071154992002
953.0	20213.693356392443	-1040.5425446296983
954.0	20235.38748669973	-1217.0899073279143
955.0	20039.168138815836	-1207.0856293998713
956.0	19997.203362747907	-935.0434469432033
957.0	19640.563088322306	-1196.3520035107151
958.0	19841.227238899137	-1198.2963715422181
959.0	19618.458766136053	-1021.0015525794921
960.0	19439.99760321764	-1191.9129027309646
961.0	19395.110873163638	-926.4176839784164
962.0	19038.592360686278	-1182.7327551408027
963.0	19016.28444117412	-1008.942223562252
964.0	19239.44180901859	-1186.4137713227065
965.0	18837.962229246823	-1179.7869476044132
966.0	18792.775712525814	-918.8306338358567
967.0	18437.38984940258	-1173.5017898743506
968.0	18414.725164906227	-1000.6238122872583
969.0	18637.638264724967	-1176.691375523341
970.0	18237.36200222463	-1170.5102278932106
971.0	18191.135036779673	-911.9539540672395
972.0	17837.19939341235	-1170.0832234333986
973.0	17813.952110577487	-999.2769236066433
974.0	18037.528508334097	-1168.3550207363253
975.0	17636.86509786716	-1164.5642756979698
976.0	17589.409706087088	-904.9424355646667
977.0	17232.601710388575	-1159.4487673120893
978.0	17208.69403662217	-990.6772413600114
979.0	17435.856117670097	-1157.9841879007636
980.0	16577.641433204735	-1182.6544856671717
981.0	17029.526779982283	-1154.6256603174559
982.0	16980.83051575623	-903.4964233132432
983.0	16817.366950790452	-1165.7081224281399
984.0	15948.275021413261	-994.6000676285543
985.0	15646.918727420894	-1130.2207310521728
986.0	12956.657581215068	-1228.0654294442218
987.0	13176.65037133293	-1032.0641946362182
988.0	13015.344000439878	-1142.2342741690875
989.0	12252.849424085756	-1256.5881822543306
990.0	12778.987129772824	-1086.9411992193375
991.0	12873.416344312367	-1199.7540516840534
992.0	12850.987343411558	-899.1551953593498
993.0	12234.093740257369	-1234.7556695916192
994.0	12721.654774630006	-1163.9667271968622
995.0	12717.7933392188	-1295.768258988117
996.0	12660.350710831737	-1279.7932688934852
997.0	12216.53752791877	-1212.846023166283
998.0	12583.423795889123	-1312.8246696762562
999.0	12553.850192757664	-763.7363803883558
1000.0	12631.513536134813	-1220.0469457761767
1001.0	12289.9032643858	-736.3345054287365
1002.0	12128.715923786533	-1102.7176000208535
1003.0	12447.662436449587	-778.9082772000711
1004.0	12096.67013121056	-1059.55069975242
1005.0	12201.081606888836	-1192.1571014630306
1006.0	12523.144192847094	-1341.8699478026363
1007.0	12271.553827445883	-1278.3446439188428
1008.0	12475.699090342956	-1366.380629712424
1009.0	12405.324771468559	-1403.8164073955438
1010.0	12322.87409819165	-1336.618634890018
1011.0	12437.696803496146	-1386.283323510076
1012.0	12364.112295520665	-1379.8708059941134
1013.0	20598.61559247226	-937.9769912403626
1014.0	20643.3898223229	-1216.312010024399
1015.0	11847.555635313118	-656.7700593900839
1016.0	12376.330966918553	-1391.2911154238755
1017.0	12344.890428065535	-1355.3932894901227
1018.0	12422.285036635194	-1364.9351315931563
1019.0	12363.039318025703	-1362.7339712471185
1020.0	12458.250737438722	-1339.1947619988102
1021.0	12558.001723317546	-1263.6439780685917
1022.0	12546.793246209314	-930.072775465375
1023.0	12275.349121208872	-791.171702280349
1024.0	12467.549472169156	-1307.8973627662228
1025.0	12334.196877196266	-1290.253845386617
1026.0	12514.477473450936	-1263.8846992542458
1027.0	12603.36768528601	-851.259595355729
1028.0	12862.283352669636	-1101.9128325216752
1029.0	12576.085389015025	-1215.591631209111
1030.0	12547.972138932302	-1156.73276847495
1031.0	12605.15195064989	-1048.2667241752406
1032.0	12598.432277358961	-1115.2877095975084
1033.0	12655.096046687713	-1160.0002027103208
1034.0	12680.390285529591	-987.881419800949
1035.0	12384.366087122864	-1328.2947795882567
1036.0	11934.050249166068	-671.5409135266995
1037.0	11875.929962451353	-642.5562241221796
1038.0	11860.9651393953	-667.8600404928226
1039.0	11875.988495369922	-709.4221211409791
1040.0	11964.695802099142	-666.8795556605515
1041.0	11891.679767138543	-733.7775813076654
1042.0	11935.446889451538	-698.2167891514079
1043.0	11959.331515554326	-712.1131623078891
1044.0	11894.36625046855	-670.8532453888614
1045.0	11877.015351520464	-660.3126230548836
1046.0	11892.33488535376	-687.7176913841073
1047.0	12032.501241326618	-673.6652085028842
1048.0	11905.92781753021	-759.949079947092
1049.0	11972.677579253528	-874.2594269517109
1050.0	12146.785555173034	-742.0441335612819
1051.0	11957.12681155887	-849.3849767672358
1052.0	11988.05356307627	-847.9887389533911
1053.0	11972.168781892695	-857.5838021227701
1054.0	12360.381378368444	-872.0773765036811
1055.0	12219.491270003951	-804.8023403587073
1056.0	11970.456834788667	-819.377942784616
1057.0	12037.799468182093	-976.2517057379864
1058.0	12023.585867876805	-953.1088119650794
1059.0	12068.481756601379	-1020.0924274509216
1060.0	12008.824383352658	-851.5450535271733
1061.0	12127.160042606547	-1050.517839912418
1062.0	12054.358638474261	-999.1480525502224
1063.0	12083.090641734982	-1039.3323013450347
1064.0	12357.208189901403	-939.8065854721663
1065.0	12145.989422040568	-1053.6127694143208
1066.0	12129.20485139865	-1087.7087486345583
1067.0	12153.02784784079	-1119.1212407318435
1068.0	12193.044313177148	-1181.4435489748914
1069.0	12306.269595728912	-1258.6956775215215
1070.0	12214.44431825997	-1194.9543790905198
1071.0	12231.52330984848	-1217.9580251533946
1072.0	12330.467920499672	-1228.9463292494772
1073.0	12265.402373823446	-1226.8185459932968
1074.0	12249.91751774672	-1240.100642841943
1075.0	12269.066166880744	-1262.1086516006478
1076.0	12442.929700250323	-1281.360395677603
1077.0	12381.72333394095	-1353.3269255426876
1078.0	12340.618409194838	-1339.6953652393688
1079.0	12112.025642989329	-1064.9414064482862
1080.0	12089.853750002576	-978.8949160638846
1081.0	12304.800489336232	-1275.1827263976327
1082.0	12320.764891582427	-1320.6897301546433
1083.0	12286.786855397775	-1283.5596243385924
1084.0	12304.370977704884	-1302.4522853972055
1085.0	12316.417110718292	-1287.367930044554
1086.0	12955.276635967866	-1054.6053188645558
1087.0	12763.403212611644	-999.5513521653951
1088.0	11903.639452702004	-799.741147481563
1089.0	11935.73710429081	-796.0217796282941
1090.0	11987.98291060851	-881.0075487563585
1091.0	11971.774736006328	-914.4724086360335
1092.0	12019.065688983233	-927.2332197806614
1093.0	12011.187064581429	-964.412956664463
1094.0	12053.804344511476	-1038.1166650109171
1095.0	12162.501674140396	-1180.1870203867463
1096.0	12195.063582303468	-1167.4556711634898
1097.0	12444.524724164643	-977.1336176682144
1098.0	12229.333585184018	-1180.8761693087429
1099.0	12483.712657360658	-1225.2711282843818
1100.0	12246.866961922788	-1205.1503497628776
1101.0	12409.990680484996	-1319.3855166522462
1102.0	12285.768301225316	-1250.8365831442861
1103.0	12285.03641450705	-1232.034016949323
1104.0	12213.95034506439	-1152.4728500412973
1105.0	12359.43294407834	-1187.1885477897176
1106.0	12264.922248408402	-1208.665897352456
1107.0	12178.110167902794	-1160.9041572224578
1108.0	12164.314503222071	-1106.037669282783
1109.0	12466.60095284906	-1133.2960881836486
1110.0	12188.917881602249	-1072.3229516165356
1111.0	12246.770446917124	-1185.9601379939893
1112.0	12118.927673966245	-1018.0911849355501
1113.0	12189.59205362206	-1130.1918871125665
1114.0	12169.993786765786	-1034.0755465688508
1115.0	12146.964134076234	-1075.4925106246453
1116.0	12146.910248474212	-822.4973483802332
1117.0	12003.019553818363	-903.4507550088159
1118.0	12037.273828670397	-957.9706668112698
1119.0	12263.906971006405	-890.7674076949206
1120.0	12037.97930256977	-921.0052191227715
1121.0	11987.648229291939	-828.8073140260718
1122.0	11940.84214824646	-747.4079202547309
1123.0	12055.718467784836	-890.2068349180827
1124.0	11922.657297853739	-733.8467586059784
1125.0	11967.090966176285	-794.2325912510126
1126.0	11980.630242726542	-694.2465042544251
1127.0	12349.935696036766	-1321.326119337733
1128.0	12336.538399279983	-1309.1026967290181
1129.0	12385.448112345557	-1239.0535839942913
1130.0	12499.123657144546	-1166.171544364567
1131.0	12413.876686237245	-1290.840440851379
1132.0	12268.885005528835	-1170.0050157195492
1133.0	12446.687715990518	-1240.180841531973
1134.0	12346.803616658408	-1271.672390320234
1135.0	12367.312484644528	-1281.6797817083443
1136.0	12368.103041939168	-1312.484659383442
1137.0	12117.358483667958	-1036.7266226629915
1138.0	12068.889986340853	-1004.8507984517013
1139.0	12097.100842537982	-1044.3416411912724
1140.0	12016.178469965802	-940.3681480696983
1141.0	12083.18169826155	-1024.744688375701
1142.0	12089.084016262748	-997.8703342636685
1143.0	12008.244933524065	-867.8882385011997
1144.0	11987.543832203875	-896.4475629941535
1145.0	11961.889435459807	-738.4052241861858
1146.0	11920.242932556454	-769.5444988806163
1147.0	11919.819958964299	-710.947689380952
1148.0	11984.160772673045	-781.9174614106299
1149.0	12008.649880391333	-817.3155957697678
1150.0	12064.462949049994	-731.3055921029245
1151.0	12033.319568958776	-753.9508395391355
1152.0	12176.817284358387	-785.82617931202
1153.0	12113.522689063231	-965.415359356531
1154.0	12220.21227156277	-1102.4960814978397
1155.0	12309.011852683134	-846.252365589636
1156.0	12141.7036460082	-1003.3733950074851
1157.0	11914.675934745384	-659.8635842690898
1158.0	11902.586657768974	-703.5862701577067
1159.0	12006.817415699234	-740.6688509539823
1160.0	12006.866568291565	-706.5946342716688
1161.0	12547.401490389522	-1013.6539578577218
1162.0	12479.060787768054	-914.0311116079616
1163.0	12305.512672937208	-1216.5400144739754
1164.0	12387.461535580473	-1268.9448261122918
1165.0	12130.05145787	-887.8187583560945
1166.0	12059.90830767681	-934.930935120418
1167.0	12023.957304550451	-831.7650362298087
1168.0	12019.019396057563	-893.6555521859318
1169.0	11949.506432609838	-784.8315374914182
1170.0	11938.817177655297	-766.0026180598961
1171.0	11983.139010039697	-754.6127828150353
1172.0	12034.008683011014	-781.5484046774878
1173.0	12090.760180185704	-789.6799307244783
1174.0	12037.321993341691	-902.3421633659049
1175.0	12195.78659299098	-975.0474525614512
1176.0	12098.761089362835	-1011.1185904944972
1177.0	12415.621278742523	-1219.7696445877489
1178.0	12330.492956573113	-1252.2994261020601
1179.0	12110.426674794855	-818.5593895425524
1180.0	12008.52829238482	-795.5710946879293
1181.0	12231.082859571727	-1157.5423348023014
1182.0	12222.055439293801	-866.849750024831
1183.0	12281.151219751924	-1185.2362339870142
1184.0	12415.036259191065	-1153.1395364087832
1185.0	12201.260399691178	-1089.9529388188864
1186.0	12302.107603597125	-1187.8948801525075
1187.0	12356.239513650204	-1219.1058330538515
1188.0	12228.925995647858	-977.5465268860638
1189.0	12481.273985216378	-1037.1582487547864
1190.0	12391.738218466222	-981.2215433387688
1191.0	12336.217304984022	-1132.2145531834947
1192.0	12308.625127248639	-966.1127830509486
1193.0	12091.746055536443	-850.6619096244934
1194.0	12190.185759206739	-888.5060759947901
1195.0	12058.700218608226	-798.7472441543341
1196.0	12023.80569735863	-873.5330499161106
1197.0	12163.439017922896	-1083.1629052183496
1198.0	12258.819923484067	-1149.9495576498914
1199.0	12229.608459782188	-1022.7989764573764
1200.0	12183.732898382988	-1111.1000653660624
1201.0	12330.256281587723	-1168.3839096638756
1202.0	12369.450585057733	-1040.2959587978578
1203.0	12456.041602754602	-1080.3406177688285
1204.0	12327.531248587295	-1048.0711189288504
1205.0	12196.447362480809	-1045.1153341773613
1206.0	12061.906594460219	-850.2545812769016
1207.0	12048.527252141152	-827.2193746248164
1208.0	12082.486925548294	-925.479171359153
1209.0	12047.4911448773	-869.6701710781957
1210.0	12380.584322420005	-1119.7125266985743
1211.0	12399.845904245702	-1184.4462010195457
1212.0	12267.0673564002	-1129.1656946657379
1213.0	12397.004708294378	-1079.3904021413455
1214.0	12170.015481410284	-1009.2601145242534
1215.0	12174.455794825013	-926.0898370210567
1216.0	12211.190605582271	-1131.2242354536847
1217.0	12242.631021524176	-1099.607507545442
1218.0	12110.087334981088	-937.4254334641088
1219.0	12140.991823678973	-975.8600900440233
1220.0	12157.714554032713	-863.1298353968796
1221.0	12175.972535287741	-954.0656452193125
1222.0	12136.039729134105	-919.8943559533454
1223.0	12266.693434038949	-942.898616187748
1224.0	12302.640300954909	-1083.1231773696582
1225.0	12259.98659026766	-1037.3411837566557
1226.0	12304.049845686472	-1115.7104424205081
1227.0	12301.235819343017	-1015.3029010485437
1228.0	12261.586761016615	-1074.3989547265937
1229.0	12100.56653305309	-879.2887914213892
1230.0	12078.954394884398	-899.4181269136843
1231.0	98.20095678501825	-1262.3941413954437
1232.0	11995.662583199015	-1020.1621606232142
1233.0	7388.260831665691	-638.3900825062866
1234.0	11712.919610511863	-552.1767709612665
1235.0	11696.400337204532	-553.423446406855
1236.0	11674.832083284527	-555.0994608579721
1237.0	11203.57958338675	-591.7933032461157
1238.0	11612.38070351504	-560.2186996430383
1239.0	11781.147055213793	-659.8877588622264
1240.0	11681.200338158995	-585.6077022663036
1241.0	11802.187523682276	-699.603045877018
1242.0	11801.26741899621	-708.6231093075976
1243.0	11275.687225019754	-626.2622903904171
1244.0	11507.24685993936	-568.3988044020224
1245.0	11387.364595477875	-608.7756233684578
1246.0	11838.219107227837	-765.2622422795774
1247.0	11418.449900321104	-1151.4874458752086
1248.0	11859.655713719238	-813.3763375354696
1249.0	11867.15163760189	-826.3933757338388
1250.0	11889.987147068829	-865.196085362586
1251.0	11583.889404529233	-1268.0241246540338
1252.0	11937.308875313247	-941.8401628184635
1253.0	11727.99116603446	-1285.5788962832007
1254.0	11987.20942568587	-1016.9033156716263
1255.0	11995.793543751803	-1029.2314308904079
1256.0	12004.450203795393	-1041.5059420653633
1257.0	12013.169365421889	-1053.7294280894766
1258.0	12021.952395362854	-1065.9087553292695
1259.0	11844.028709057004	-1300.065399076849
1260.0	12005.726142044083	-1063.6465399195215
1261.0	11938.446521065556	-1309.4331692753178
1262.0	12063.616236965163	-1152.6876719565607
1263.0	12102.789750518403	-1173.9273625627968
1264.0	12014.783106627461	-1318.0013113992584
1265.0	12148.632728691728	-1233.204199220386
1266.0	12075.94166366884	-1325.2618063604382
1267.0	12125.419028828897	-1329.910805706033
1268.0	12195.213007901633	-1291.868884692779
1269.0	12165.410135555998	-1334.420747902425
1270.0	12197.27059846496	-1336.608986718141
1271.0	12214.176991405135	-1349.5004358939657
1272.0	12229.864263222136	-1349.5037652614992
1273.0	11860.342864446759	-804.3516401229016
1274.0	184.33370431528968	-1127.7282389012878
1275.0	96.58468599768649	-632.2536296753359
1276.0	1007.9457643467478	-633.3427423103191
1277.0	1146.3701386677083	-723.9611274687531
1278.0	1436.0022458569954	-724.0160376194084
1279.0	1726.1064666561804	-724.0372918718562
1280.0	2016.2984498284375	-724.0544668507928
1281.0	2306.5061915812607	-724.0723816868616
1282.0	2596.7200887560666	-724.0923408026605
1283.0	2886.9383918636845	-724.115625763851
1284.0	3177.1576314198246	-724.140581835209
1285.0	3467.3489822195806	-724.0816364974839
1286.0	3757.5188461575003	-724.0311732064383
1287.0	4047.7220211742606	-724.0788941655114
1288.0	4338.008628520904	-724.2125245547683
1289.0	4628.52464327655	-724.0787895685534
1290.0	4921.287035114029	-725.764565595693
1291.0	5213.618783527555	-727.7654066799649
1292.0	5503.444474118216	-727.9140705508904
1293.0	5793.27197307206	-728.0907102194359
1294.0	6068.206761467666	-905.5178295708683
1295.0	6360.055747803647	-906.580217789396
1296.0	6651.847163707013	-907.6682846400139
1297.0	6943.196303421049	-907.78776189772
1298.0	11730.703998071245	-554.0445608331794
1299.0	7525.894163704939	-908.1623493376889
1300.0	7817.243199020551	-908.3487072107049
1301.0	8108.593380363755	-908.5066784499795
1302.0	10713.280388835996	-713.4805537926694
1303.0	12251.204351098024	-1351.1470296161108
1304.0	11760.629433546545	-619.8783961626656
1305.0	11845.56617562603	-778.3340881770213
1306.0	11921.628815887774	-907.3930563230188
1307.0	11978.679229944022	-995.4497490627961
1308.0	12039.344406828348	-1081.086569478508
1309.0	12084.1664309345	-1141.0488609819247
1310.0	12129.645220979684	-1200.4933388092704
1311.0	12166.486313296045	-1247.7159787923672
1312.0	12185.093996053669	-1271.2243681698494
1313.0	12213.09483845432	-1306.3263182258904
1314.0	12232.241103948028	-1330.3168733945615
1315.0	12244.827217895552	-1343.4774613412567
1316.0	452.529847528776	-1263.5621229098613
1317.0	743.8143292215782	-1262.1759242281523
1318.0	182.71743352795792	-767.6131825145135
1319.0	331.3610766827412	-759.8279860677793
1320.0	821.3580901197784	-903.814905165882
1321.0	1037.5160233505196	-1262.2069380646165
1322.0	1331.7817980075818	-1262.3401707331163
1323.0	1626.1491677069137	-1262.4686028291026
1324.0	1920.529823559944	-1262.5951048326303
1325.0	2214.9088979219596	-1262.7199062388156
1326.0	2509.2861823494536	-1262.8432390044184
1327.0	2803.66086597177	-1262.9653660979209
1328.0	3098.0223693022394	-1263.0861242724013
1329.0	3392.2929583120203	-1263.1975524523416
1330.0	3686.305188075576	-1263.0768061484725
1331.0	3980.6099371474397	-1263.1924089468703
1332.0	4275.053547857982	-1263.311459180623
1333.0	4569.4975399693185	-1263.6383814392318
1334.0	4861.789856837536	-1262.0259576354747
1335.0	5156.35234833595	-1262.0989799994838
1336.0	5450.9141015124405	-1262.1660888687738
1337.0	5745.0036990897015	-1261.3498361524944
1338.0	6039.618270777343	-1261.385308352117
1339.0	6334.232840464397	-1261.4201349894408
1340.0	6628.8474033212615	-1261.4543559795886
1341.0	6923.462064563676	-1261.4554481447778
1342.0	7218.076608008635	-1261.4909131948043
1343.0	7512.69114879454	-1261.5250282276972
1344.0	7807.305673884596	-1261.5590976658004
1345.0	8101.920195666589	-1261.5930093082375
1346.0	8396.53469901903	-1261.6267571973322
1347.0	8691.149194550491	-1261.6603426166287
1348.0	8985.763767151015	-1261.6674394308452
1349.0	9280.378229039497	-1261.7028326859802
1350.0	9574.992665466636	-1261.7402018318087
1351.0	9869.60703572757	-1261.7852996873573
1352.0	10164.221452683787	-1261.8087258706662
1353.0	10458.835958522746	-1261.8161164802252
1354.0	10758.409599934796	-1261.307576633164
1355.0	11045.057323332474	-1284.2730090517362
1356.0	11767.432197412136	-633.2308010332214
1357.0	11795.121419470242	-686.3955971261298
1358.0	11296.275621142593	-1295.708560561022
1359.0	11816.527407464906	-725.932961640183
1360.0	11830.92864093707	-752.1560974896116
1361.0	11823.698845981691	-739.0582651159142
1362.0	11592.488547235838	-576.3057225611686
1363.0	11774.24392983103	-646.5820809663459
1364.0	11662.536713772557	-564.7354733545419
1365.0	11747.378743388508	-592.9800047321824
1366.0	11740.59368327337	-579.4604237558843
1367.0	11734.872278372	-565.9101035347998
1368.0	11953.79051507289	-957.9972942741077
1369.0	12005.130516305107	-1103.6632609191383
1370.0	7098.523334078952	-638.2008817756133
1371.0	7677.998323040046	-638.5899538163295
1372.0	11753.925545018357	-606.4811407678181
1373.0	11719.495376288682	-555.0765712669835
1374.0	11705.495520687962	-557.9053794329149
1375.0	11686.851525143962	-560.8370335550691
1376.0	11701.221704412475	-577.4517335389895
1377.0	11788.10491991135	-673.1535288171599
1378.0	11707.71948671848	-568.3583470884399
1379.0	11040.273156195266	-606.0116849781431
1380.0	11474.255414656718	-595.1745370898361
1381.0	11632.223191235498	-569.8695289435905
1382.0	11740.774231915442	-634.0204894208988
1383.0	11790.303199225747	-713.6582343237448
1384.0	11766.573943448393	-683.2797758090383
1385.0	11777.282854778767	-688.5140408028286
1386.0	11780.110359609696	-668.8888346996732
1387.0	11497.336921422926	-1307.0103322236591
1388.0	11787.10733150976	-682.1615553462639
1389.0	11852.941141929186	-791.3504289786744
1390.0	11809.313849640102	-712.7927965888699
1391.0	11330.754349565432	-581.9585808109377
1392.0	11798.72292442843	-728.6618816376109
1393.0	11566.326230789737	-563.7276398880559
1394.0	11430.253535761389	-574.3596541276387
1395.0	11486.150607294583	-641.5870970292696
1396.0	11882.894181480871	-843.2515762274012
1397.0	11826.919624030357	-779.3275599305167
1398.0	11182.245841263823	-1225.2379504156743
1399.0	11890.522779667697	-856.1503657482339
1400.0	11837.462296043215	-774.2963376099233
1401.0	11905.952339459474	-881.8444715559414
1402.0	11867.802020693382	-817.3545682319404
1403.0	11913.756203940793	-894.6342189038223
1404.0	11875.32274401606	-830.3241393570693
1405.0	11870.531669209477	-869.4156230658003
1406.0	11874.708519606711	-839.3647196157693
1407.0	11929.56169891505	-920.1035702505686
1408.0	11882.319745997132	-852.2966514479068
1409.0	11937.56931679919	-932.7821589066456
1410.0	11898.206116093903	-869.0123315505489
1411.0	11905.69455216868	-913.684870898666
1412.0	11897.714269986502	-878.0634785756141
1413.0	11973.563182849264	-1029.808577259255
1414.0	11905.501854607166	-890.8949309159676
1415.0	11658.649571180928	-1315.8450662592256
1416.0	11863.827954540053	-844.4512520801394
1417.0	11895.970774154142	-910.9937600972529
1418.0	11962.007044026994	-970.5271993851546
1419.0	11913.353615874776	-903.6910610890906
1420.0	11929.2550597768	-929.165534005229
1421.0	11945.148799064025	-1032.013301225238
1422.0	11945.63954088521	-945.4061419458291
1423.0	11734.826162590194	-1224.3429145265436
1424.0	11970.310599217628	-983.0228297883182
1425.0	11945.435459685737	-954.4725040981847
1426.0	11944.37684606957	-987.6037998234478
1427.0	11978.70117331107	-1004.5203676461593
1428.0	11953.635640541075	-967.0576684249341
1429.0	11959.838875279	-1036.3138304617453
1430.0	11961.913776830092	-979.5962674202539
1431.0	11788.097242081078	-1324.5962297395342
1432.0	11935.335147324766	-960.8828797645989
1433.0	12057.156615695581	-1105.128181774863
1434.0	11959.229370411294	-1008.5572674892804
1435.0	11987.141165594958	-1007.8435010819807
1436.0	11996.216952738423	-1062.2752773207496
1437.0	12004.276392785274	-1032.4485193755256
1438.0	12048.23880604315	-1093.1185594938788
1439.0	12012.941795106215	-1044.6635475568285
1440.0	12021.684405520571	-1056.8520909623828
1441.0	12066.083014658661	-1117.1601352133678
1442.0	11942.071140945112	-1169.7160445723682
1443.0	12030.47470229128	-1068.9792320153272
1444.0	11892.759549931921	-1330.3566280012164
1445.0	12021.088248460159	-1085.1502466064303
1446.0	11848.84292759916	-1251.8293134803073
1447.0	12093.21211629048	-1152.9652433067
1448.0	12075.134894122099	-1129.1208702829913
1449.0	12030.80662235171	-1078.0473392382937
1450.0	12047.323530846159	-1131.8765496647447
1451.0	12048.62395696638	-1102.1444897108238
1452.0	12057.524897083282	-1114.1912307304199
1453.0	12102.27788377366	-1164.8763832678821
1454.0	12019.871077523085	-1234.8071008364896
1455.0	12066.52412291718	-1126.2159921032874
1456.0	11978.174540121277	-1333.9843021033994
1457.0	11940.972763564068	-1269.831158468324
1458.0	12098.961164329703	-1198.9895243095634
1459.0	12120.510835159534	-1188.6449736622353
1460.0	12075.597437145903	-1138.1599382017357
1461.0	12099.358300918933	-1189.1595296350522
1462.0	12093.691191531578	-1161.999199071698
1463.0	12138.801786284266	-1212.334061413648
1464.0	12111.390409323792	-1176.7849272185138
1465.0	12148.018069095639	-1224.173842431738
1466.0	12111.92118554539	-1185.8207055417236
1467.0	12046.45168243502	-1338.941187578078
1468.0	12112.06493011987	-1204.677481267311
1469.0	12130.19385557277	-1209.5219992387772
1470.0	12123.335064080893	-1256.2398345130823
1471.0	12139.39237719945	-1221.383828266861
1472.0	12175.753243252357	-1259.4688213898273
1473.0	12136.224187912434	-1247.2815565673675
1474.0	12157.243737567687	-1235.9522891632657
1475.0	12101.530508955415	-1341.2579974505925
1476.0	12130.356484309421	-1229.0268053039115
1477.0	12155.117758139495	-1260.4367923321927
1478.0	12167.120820732967	-1256.7352870898428
1479.0	12194.483191325902	-1282.8603725395917
1480.0	12145.666495941563	-1343.6007428857065
1481.0	12166.901995318862	-1276.4116043015104
1482.0	12176.437760465778	-1268.5163178454497
1483.0	12184.370890427539	-1310.7030736018448
1484.0	12212.767209484306	-1316.4080485807388
1485.0	12203.819650650867	-1294.561740824591
1486.0	12181.530745059878	-1345.7764309320173
1487.0	12221.58291814949	-1318.8984466324127
1488.0	12168.32589519312	-1317.3643061778469
1489.0	12195.004889311553	-1313.754682500062
1490.0	11850.188525222484	-820.167368534782
1491.0	11852.229687453531	-800.3559134085809
1492.0	86.13274753027144	-947.592123389882
1493.0	578.5085976105065	-715.5749436966344
1494.0	1297.4406062932	-633.451655786084
1495.0	1190.8863399378824	-1171.9217251844798
1496.0	1587.3319295290955	-633.5312403678867
1497.0	1484.9166139392219	-1172.1208652956523
1498.0	1877.2988850854447	-633.6064979454444
1499.0	1779.0617691365296	-1172.313274741853
1500.0	2167.277970694413	-633.6820032537356
1501.0	2073.218628996521	-1172.502053498253
1502.0	2457.2606848313276	-633.7580006884258
1503.0	2367.3721174309762	-1172.6876630167278
1504.0	2747.245925862279	-633.8355502764467
1505.0	2661.5212151257315	-1172.8705982225194
1506.0	3037.2330459320056	-633.914873556529
1507.0	2955.654531723463	-1173.050958837189
1508.0	3327.2192234114796	-633.9940942547171
1509.0	3249.683753708659	-1173.220620538297
1510.0	3617.1784547248208	-633.9895161257165
1511.0	3543.363702126941	-1173.1487777610548
1512.0	3907.143145342459	-634.077218870584
1513.0	3837.077810607306	-1173.0811096022705
1514.0	4197.135687734642	-634.170824991702
1515.0	4131.223300034658	-1173.2532379811075
1516.0	4487.183810682162	-634.3444371667533
1517.0	4425.508032501482	-1173.6366858201554
1518.0	4777.40576048335	-634.1706779123996
1519.0	4717.641471125981	-1172.288659621694
1520.0	5069.700260512701	-636.1638011008055
1521.0	5009.893409137559	-1170.6867335286329
1522.0	5359.491566889935	-636.3051069035838
1523.0	5304.414783457408	-1170.7643401086186
1524.0	5649.28000909642	-636.4460528786435
1525.0	5598.463263856104	-1169.9526716083158
1526.0	6228.868218844912	-636.760900395207
1527.0	5939.073123836839	-636.6153344790417
1528.0	5892.564562765951	-1169.1093664383454
1529.0	6083.106124827489	-728.271969829087
1530.0	6519.048198046547	-637.8626963716711
1531.0	6373.32714104414	-729.3857438148038
1532.0	6808.785729452194	-638.0345465671024
1533.0	6663.490593658364	-730.5258020797868
1534.0	6953.211671697708	-730.7303995768166
1535.0	7242.932715918145	-730.9523476090884
1536.0	7234.5452915187225	-907.9589625755052
1537.0	11725.313326505717	-550.601513807501
1538.0	11733.237393074925	-574.4637577251493
1539.0	7532.6536468861805	-731.2078317428922
1540.0	7967.7359994520275	-638.7621712526247
1541.0	7822.374756679458	-731.4463325823177
1542.0	8257.474640162041	-638.9338137245927
1543.0	8112.097015808395	-731.6566045836685
1544.0	8547.223816971886	-639.0862547360874
1545.0	8401.830775335191	-731.8471001602187
1546.0	8836.972961378211	-639.2391196792686
1547.0	8691.575038558301	-732.018818207982
1548.0	9126.722084771669	-639.3924723300123
1549.0	8838.105263018648	-992.6499688203245
1550.0	8981.319248365025	-732.1914478949944
1551.0	9416.471354055486	-639.5474711754802
1552.0	9131.11022176566	-992.6733867313936
1553.0	9271.06358304924	-732.3662114842936
1554.0	9706.210028594987	-639.7511898825035
1555.0	9424.115190229655	-992.7287231687988
1556.0	9560.797468879498	-732.5913411298721
1557.0	9996.181513821104	-638.7241825547128
1558.0	9717.109472321785	-992.8424840681733
1559.0	9850.753570652056	-731.6344646021925
1560.0	10286.258871220438	-638.941777125396
1561.0	10010.336545629603	-991.7115759702143
1562.0	10141.048355284445	-730.6914639381724
1563.0	10574.068175110166	-637.1861624472849
1564.0	10303.669626688665	-991.7875625247392
1565.0	10434.456319721327	-729.0222880707983
1566.0	11155.442566545864	-748.9528650097163
1567.0	11132.827089675638	-650.3834536153436
1568.0	10830.985885446817	-623.5226344621193
1569.0	11752.71773869096	-615.4610763226236
1570.0	11836.4123567519	-796.1667104222112
1571.0	11844.840979429138	-787.3488164310014
1572.0	11911.176147145045	-935.1004691456146
1573.0	11921.270057135263	-916.447676052229
1574.0	11969.766076361053	-1012.1154059266095
1575.0	11970.267415746705	-992.0827979038007
1576.0	12030.764086378776	-1098.0769051786235
1577.0	12039.714132277635	-1090.127902597197
1578.0	12075.680226999342	-1157.4787968226744
1579.0	12084.638578024553	-1150.0795311758163
1580.0	12118.157747656265	-1212.5814852264782
1581.0	12121.051716323243	-1197.6717547133112
1582.0	12157.871137865031	-1244.9709692534182
1583.0	12127.424971860324	-1308.8546266217847
1584.0	12178.942068484348	-1290.1728089533287
1585.0	12185.844329874919	-1280.2060775734826
1586.0	12200.196905113211	-1322.601899237423
1587.0	12204.432429584542	-1303.6882839606526
1588.0	12236.186360451591	-1341.836892191139
1589.0	12222.447207583877	-1328.8122248911977
1590.0	12210.705192270441	-1340.328914320242
1591.0	342.2606814890108	-1128.8545373134968
1592.0	934.7718335148202	-992.4641415403725
1593.0	392.7033678587759	-940.9332253553566
1594.0	607.1384360402445	-1173.2377128313872
1595.0	719.6190124487831	-633.5835466772492
1596.0	438.39770114784295	-624.55749183321
1597.0	647.4321049305581	-994.2325555615735
1598.0	858.3026028163513	-724.2266062668309
1599.0	543.2662027888546	-896.6356536819076
1600.0	1110.1407205323533	-903.4942277997555
1601.0	897.5217415069336	-1171.8200033328292
1602.0	1401.0520028109797	-903.5961582143973
1603.0	1226.2609451118296	-992.5648767120753
1604.0	1692.5369937417734	-903.6596321583183
1605.0	1518.8122135686729	-992.7337012493377
1606.0	1984.1230331993381	-903.7170967362696
1607.0	1811.5539955419383	-992.8914681173834
1608.0	2275.723249746454	-903.7736005740111
1609.0	2104.3196122305067	-993.0458520263619
1610.0	2567.3278317810305	-903.8306800508993
1611.0	2397.0854860214845	-993.1975588238141
1612.0	2858.9342189432414	-903.8898797010794
1613.0	2689.8494959668	-993.348143461914
1614.0	3150.528362262128	-903.9493815424048
1615.0	2982.5996038538665	-993.4979272009532
1616.0	3442.003702503942	-903.9156519801072
1617.0	3275.2446745381444	-993.6369094445363
1618.0	3733.199196637694	-903.6582299806796
1619.0	3567.513525489377	-993.450588382581
1620.0	4024.7205211585956	-903.7353413336374
1621.0	3859.821995806988	-993.3607228129513
1622.0	4316.464139648058	-903.9018095521338
1623.0	4152.589698846132	-993.5165571571937
1624.0	4608.437546947317	-904.0087844200146
1625.0	4445.552225480084	-993.9637170155802
1626.0	4900.50565608529	-903.9959242388844
1627.0	4736.537285125378	-992.3320314070521
1628.0	5194.413296429509	-905.9835752826524
1629.0	5029.713394385915	-992.6133283466843
1630.0	5485.814140628936	-906.1131356183547
1631.0	5322.655746302608	-992.7223405737356
1632.0	5776.744637592317	-905.3873101661078
1633.0	5615.122340127399	-991.9417178927797
1634.0	5907.646424997273	-991.157794167495
1635.0	6200.697462244595	-991.2012341115806
1636.0	6187.190833785593	-1169.1171406219785
1637.0	6494.133374854704	-992.1996529064903
1638.0	6481.817095974457	-1169.123663596137
1639.0	6787.126931224185	-992.2343914482329
1640.0	6776.443449718681	-1169.0964520981609
1641.0	7080.12054140287	-992.2648590629336
1642.0	7071.069784050999	-1169.0704846600636
1643.0	7373.113924085025	-992.3512150675002
1644.0	7365.6959979268095	-1169.0775400896694
1645.0	7666.107282199898	-992.4468460395134
1646.0	7660.322193447716	-1169.0831999073525
1647.0	7959.1008063484815	-992.5146197473229
1648.0	7954.948369964711	-1169.0886563345796
1649.0	8399.95504367527	-908.6447095111113
1650.0	8249.574524744088	-1169.0937912127977
1651.0	8252.095273057485	-992.5814969417964
1652.0	8691.32720286212	-908.7638005736584
1653.0	8544.200653272937	-1169.098599867876
1654.0	8545.100249615785	-992.6288464526564
1655.0	8982.69938570164	-908.8573146703742
1656.0	8838.826851049867	-1169.0767574480756
1657.0	9274.071582706614	-908.9812591102951
1658.0	9133.453015183813	-1169.0567228641137
1659.0	9565.433305396293	-909.1575454971893
1660.0	9428.079043144382	-1169.0669606117638
1661.0	9857.017177862059	-908.1595544205453
1662.0	9722.704979477401	-1169.0869029598277
1663.0	10148.939779882941	-907.1537675353211
1664.0	10017.330896339497	-1169.092902345372
1665.0	10443.97565059106	-905.4057698729927
1666.0	10311.956948779618	-1169.0611944849265
1667.0	10735.150924269925	-889.271819230417
1668.0	10612.03102725456	-1168.4976243342724
1669.0	10876.897339198878	-930.7927304157365
1670.0	10605.458041413827	-989.3609096872273
1671.0	10910.501375891736	-1190.8934464467445
1672.0	11763.769812370958	-663.7779729438256
1673.0	11773.169320845149	-655.5826108241221
1674.0	11759.495254745038	-628.8477590854088
1675.0	10948.275016826808	-682.1994793449026
1676.0	10972.315935144941	-813.6783098607721
1677.0	11794.158147580922	-695.4047582237199
1678.0	11406.089800159534	-1247.9267918496978
1679.0	11294.204527190814	-702.0217617486924
1680.0	11812.458611317843	-753.8604226026013
1681.0	11808.475776329535	-721.8002724353001
1682.0	11812.412320276331	-767.3449894807842
1683.0	11815.683861587073	-734.9376837609594
1684.0	11830.125725771684	-761.1778498459836
1685.0	11801.146305779379	-747.3483575601398
1686.0	11822.865666676924	-748.0560790867485
1687.0	11540.963600689318	-584.5105431097971
1688.0	11549.563272840836	-620.6346875668236
1689.0	11766.313905900772	-642.2222491771942
1690.0	11647.24654803398	-557.3104344700621
1691.0	11715.593197627064	-614.8825451224529
1692.0	11741.567511281653	-620.6634946343826
1693.0	11746.126343500358	-601.9605847660733
1694.0	11730.674000916806	-612.9787120500556
1695.0	11721.697296585231	-562.2054915164954
1696.0	11739.380533141513	-588.3732640742496
1697.0	11729.47500246973	-594.1462726384422
1698.0	11723.146262326612	-577.2785631051969
1699.0	11729.132947369993	-561.1717415650392
1700.0	10947.962649773928	-1053.2569051740757
1701.0	11202.581582761317	-1109.4943560669005
1702.0	12185.191787951293	-1297.9438189306231
1703.0	12158.860693748711	-1303.5186285590528
1704.0	11717.345496838925	-569.7586588663034
1705.0	11666.307567469596	-581.6683952862641
1706.0	11720.597021853275	-588.0482377001244
1707.0	11755.343304286245	-646.7189909012692
1708.0	11596.457946399134	-658.5658062726203
1709.0	11884.183609719066	-921.9513008869011
1710.0	11637.383552602623	-591.8764369704968
1711.0	11779.054561933432	-706.588700332392
1712.0	11086.929551383626	-836.0599268883852
1713.0	11102.854338712159	-1030.8928734302935
1714.0	11402.616170840107	-668.6576403809582
1715.0	12168.655969516183	-1289.0863860057561
1716.0	12148.954398191738	-1252.5898388379137
1717.0	12144.84717963069	-1299.5161101533492
1718.0	12141.95487559127	-1279.73787638678
1719.0	12076.786960537314	-1299.6902952582902
1720.0	12154.21441551197	-1271.065613088238
1721.0	12094.18287722302	-1262.8314720992992
1722.0	12097.588804996718	-1287.06936841709
1723.0	12136.52991870977	-1236.9145970399925
1724.0	12126.889436594072	-1274.146431057501
1725.0	12018.546632721469	-1286.8031218204815
1726.0	12080.770584643587	-1175.6038261576366
1727.0	12117.729785477728	-1223.0365244383993
1728.0	12076.481163173923	-1234.215932907744
1729.0	12093.260422578993	-1181.2245606599888
1730.0	12057.936079124644	-1134.4365886531734
1731.0	12035.06711471917	-1115.5650434710399
1732.0	12081.713220340918	-1165.4294438642603
1733.0	12051.060505397501	-1282.1714868971528
1734.0	12085.68658601521	-1205.7644138489002
1735.0	12050.92297319531	-1160.0760692077347
1736.0	12064.005594201777	-1142.3994835295136
1737.0	12011.591976434489	-1071.7807778851213
1738.0	12003.636572236994	-1143.893365704577
1739.0	12047.353457063313	-1120.6870486319106
1740.0	12036.705896009938	-1106.08553350551
1741.0	11974.665099717704	-1250.5534514131002
1742.0	11985.454657140726	-1035.3925101313187
1743.0	11985.89454224894	-1090.187932398822
1744.0	12020.675987037937	-1096.1384794280712
1745.0	12010.39590947136	-1081.9541619393156
1746.0	11907.434331095174	-1210.4366788175575
1747.0	11954.171618485525	-989.254265052749
1748.0	11995.16858480541	-1049.2005599992397
1749.0	11926.537391163502	-946.8715082294044
1750.0	11975.448911947196	-1020.3886530667563
1751.0	11900.100010972588	-1242.5185315976807
1752.0	11986.012418852906	-1073.1848987752558
1753.0	11921.158022217927	-938.4063989194461
1754.0	11959.75265316399	-997.595278049835
1755.0	11811.042396283692	-1172.8559422218332
1756.0	11943.747600928216	-974.4762712307323
1757.0	11885.398564604931	-881.0044799356862
1758.0	11933.802163099057	-971.8262727463201
1759.0	11880.238680257831	-872.41284297037
1760.0	11911.985976035206	-967.4260384820227
1761.0	11924.767744374492	-956.8478630231845
1762.0	11910.981542924133	-922.2037100330581
1763.0	11799.746457178966	-1215.1241623863352
1764.0	11932.62551926662	-997.3496678477173
1765.0	11591.844126398277	-1191.568497001538
1766.0	11848.827368092612	-863.5165847176717
1767.0	11852.480585248559	-837.8830444282315
1768.0	11895.37548852661	-897.2606622998228
1769.0	11883.51026799735	-891.1512042998687
1770.0	11792.361500834479	-843.5415992781176
1771.0	11841.338653674009	-804.8368239109417
1772.0	11872.07710234991	-858.3451511576895
1773.0	11861.770972766995	-854.3866084015541
1774.0	11855.19004390104	-828.8657483406308
1775.0	11822.016460470026	-770.5623983213032
1776.0	11839.98464217048	-815.6235816245747
1777.0	11328.971462801657	-1083.5256202377593
1778.0	11673.439289605705	-1178.1534568500726
1779.0	11838.836409716258	-843.0940529725273
1780.0	11517.651743453544	-1134.1153585966742
1781.0	11869.266438776773	-896.5585441753714
1782.0	11814.585462500727	-800.8917606265555
1783.0	11540.075819662796	-1066.3843050539065
1784.0	11826.594880935938	-792.1832044888246
1785.0	11800.22485191047	-777.621709602301
1786.0	11598.97956808841	-604.4218269065004
1787.0	11527.74172472874	-650.9355087984823
1788.0	11343.559264926298	-993.9671842879828
1789.0	11260.717690549593	-919.8533623863981
1790.0	11425.899083361111	-900.220535351055
1791.0	11457.400303761484	-680.6542310795727
1792.0	11740.43761508502	-735.4264409055983
1793.0	11803.538376743842	-737.4234326893323
1794.0	11773.891507697137	-733.6445529791454
1795.0	11788.596777968536	-724.6895308073277
1796.0	11753.873819742315	-659.2741848101244
1797.0	11781.989405602537	-697.3552876629468
1798.0	11581.416923793826	-627.9678886904143
1799.0	11740.120567834623	-667.2389016638044
1800.0	11624.03208573474	-610.3417120152766
1801.0	11696.866858999567	-632.7315995927196
1802.0	11399.72002532913	-780.0116362747291
1803.0	11364.52322709872	-717.6000691817135
1804.0	11244.712362428036	-766.1221859987636
1805.0	11146.4026443758	-930.8103156995676
1806.0	11727.738185923312	-641.8852378975007
1807.0	11734.025026808116	-603.255737736552
1808.0	11750.790280523242	-637.7874340318831
1809.0	11708.298474059578	-589.6217199117806
1810.0	11656.177763098143	-596.2502644286906
1811.0	11683.684036817349	-616.2074313936246
1812.0	11704.22655157795	-602.181023198406
1813.0	11689.44892632139	-574.4123530316787
1814.0	11971.212985113054	-1056.016375127867
1815.0	11984.655887184213	-1046.3042165503127
1816.0	12105.25139949967	-1230.574659600119
1817.0	12115.031431151821	-1291.5881560196315
1818.0	11290.514393439591	-842.272294564263
1819.0	11483.215924706727	-730.2805173806415
1820.0	11688.90119376845	-601.2063860602399
1821.0	11958.88903590332	-1084.4267997118288
1822.0	11746.431206140884	-1115.4717296706337
1823.0	11713.45066199978	-630.4320761833818
1824.0	11635.030915021054	-634.3369952376166
1825.0	11764.552319044806	-711.6155428086689
1826.0	11692.609314753705	-650.6516358203522
1827.0	11665.853376836438	-615.1906167421148
1828.0	11721.06708689242	-693.7229306034982
1829.0	11787.64394926178	-753.1566262340699
1830.0	11658.057995627232	-634.8120725062612
1831.0	11761.095686065722	-727.6400989718392
1832.0	11556.48385348854	-819.7850333878426
1833.0	11612.583237030092	-720.5550896047249
1834.0	11375.203356432781	-840.5834374072074
1835.0	11547.743851087973	-689.4341962667264
1836.0	11463.62859001576	-780.6954937750428
1837.0	11826.0813241581	-823.4897821455537
1838.0	11667.990920816306	-678.2494392445193
1839.0	11625.019419980033	-659.0150277110466
1840.0	11531.968354599056	-729.7120707985827
1841.0	11759.897165359356	-763.955578403887
1842.0	11584.606421805378	-689.7312926172739
1843.0	11492.368530838508	-891.44915407802
1844.0	11563.283504799823	-767.4161669463405
1845.0	11687.868877447605	-1129.4275036284598
1846.0	11786.768786434382	-769.9454113980482
1847.0	11855.036761319026	-874.232375021842
1848.0	11818.65864350333	-864.8063049437563
1849.0	11812.960895527489	-817.0776214912912
1850.0	11825.155835505937	-837.586760934395
1851.0	11810.166847600542	-850.5237181934468
1852.0	11837.24017433337	-858.7922369405527
1853.0	11899.720567632206	-944.9632439892163
1854.0	11853.091665320913	-886.9296510506441
1855.0	11792.080742418866	-919.2891739977003
1856.0	11869.344494870958	-913.6255429649736
1857.0	11616.41029654204	-1053.5556392559404
1858.0	11871.724923054111	-956.1797568627402
1859.0	11835.508494937014	-894.8068297968402
1860.0	11881.574117658109	-996.828890502106
1861.0	11918.289587882433	-978.1865704613447
1862.0	11885.103639569032	-938.7539753321149
1863.0	11930.764492431104	-1047.5262391513945
1864.0	11931.479456147876	-1012.4292145958456
1865.0	11899.618473192086	-963.0673386776476
1866.0	11916.483698908642	-990.5824369700264
1867.0	11939.630617433415	-1060.355238521631
1868.0	11901.359173483113	-1005.0812600477742
1869.0	11911.461894477945	-1020.5260243187853
1870.0	11945.491296174505	-1017.8328303996132
1871.0	11958.2874474993	-1051.6099219113632
1872.0	11854.438082930114	-1163.6523860347327
1873.0	11971.521148848731	-1069.8223400313
1874.0	12021.104436506947	-1121.4686716491753
1875.0	11997.831564507236	-1093.5354755606556
1876.0	11968.527174163464	-1098.5102246139668
1877.0	12034.494758736071	-1141.3879828422098
1878.0	11908.845462503106	-1130.623393833029
1879.0	12004.224119510376	-1115.5091229036934
1880.0	12001.466044271794	-1258.96269811133
1881.0	12020.562006741	-1136.1021099875113
1882.0	11943.027594950638	-1201.97351363657
1883.0	12066.592965087832	-1182.5233007269642
1884.0	12035.429118932821	-1155.3086505854135
1885.0	12022.16826771265	-1168.8127225074447
1886.0	12032.364670521012	-1198.8997871167248
1887.0	12051.828933797471	-1175.7646621875065
1888.0	12053.532401924544	-1208.874692119538
1889.0	12068.853691379583	-1198.8678493595041
1890.0	12108.071130864942	-1249.443663157422
1891.0	12089.361121734551	-1222.945133195805
1892.0	12056.162659931004	-1261.9523562105885
1893.0	12042.053820506257	-1242.4283938590768
1894.0	12078.483187297117	-1255.2332682539352
1895.0	11772.887331978192	-747.8065139697501
1896.0	11769.6334190955	-778.4077795293033
1897.0	11800.285701854009	-793.9207960888252
1898.0	11768.403859877733	-672.6625962349868
1899.0	11750.563295784	-705.7384423532827
1900.0	12032.92192868569	-1182.1343058172333
1901.0	12057.48533799954	-1227.042056320873
1902.0	11853.419881465828	-924.6963495248256
1903.0	11671.631111362281	-653.7489233854036
1904.0	11643.821651684053	-714.3651963878316
1905.0	11755.003822673882	-968.0025626123328
1906.0	11786.116449273344	-809.1677258673972
1907.0	11718.207570117358	-716.0911429202309
1908.0	11986.27171627728	-1173.6684559540572
1909.0	11969.385610981686	-1214.7776593614697
1910.0	12014.134863612833	-1209.4458582954728
1911.0	11992.026918461039	-1129.8530081659403
1912.0	12004.308473011895	-1162.6833104813068
1913.0	11970.677634586573	-1133.3374797212552
1914.0	11888.969232167663	-1057.3857975952385
1915.0	11939.924042101755	-1079.3661514186635
1916.0	11824.143747482556	-1099.2124671969893
1917.0	11881.396678850933	-972.7843399762805
1918.0	11815.704779397534	-882.8633782030896
1919.0	11831.808687484541	-996.0548629656956
1920.0	11854.880279799014	-950.4478889773782
1921.0	11813.528078332725	-929.3533081710715
1922.0	11835.758654987747	-915.5065294814194
1923.0	11629.186674001832	-993.7887743173754
1924.0	11794.230060109263	-824.1924813648033
1925.0	11768.920231990924	-801.331007512128
1926.0	11740.243270097599	-757.5799593470414
1927.0	11749.080503368372	-815.0685806975252
1928.0	11607.035816513455	-757.9620894019354
1929.0	11673.171442953508	-781.0365525390747
1930.0	11496.351534096337	-1009.1233778384327
1931.0	11638.638526242103	-787.1980845897275
1932.0	11505.581368596808	-832.495913634486
1933.0	11722.489644126683	-769.8879593304773
1934.0	11676.92524465719	-732.5418426479415
1935.0	11686.132985909768	-694.060638606598
1936.0	11644.406310040236	-683.9906208388069
1937.0	11424.051694744623	-976.0232144096954
1938.0	11590.328463864718	-945.6561680829722
1939.0	11922.944502857586	-1093.2092830937988
1940.0	11911.089427871653	-1041.4425780487097
1941.0	11751.996174978764	-691.0646392991445
1942.0	11704.87905697545	-683.468545138246
1943.0	11695.651968106837	-717.9784664609955
1944.0	11737.763529582198	-683.9601616425704
1945.0	11726.260263442806	-658.0931836976021
1946.0	11964.250531627913	-1158.3629827326422
1947.0	11990.45034162553	-1197.8256635186826
1948.0	11855.83399077779	-1119.1945131165128
1949.0	11885.042946725765	-1179.5842749854103
1950.0	11710.254633052517	-1043.5920105335517
1951.0	11786.112907715993	-1130.6622399112596
1952.0	11857.100641516901	-1012.1734277159698
1953.0	11661.725608712228	-1081.3725517697883
1954.0	11611.329689610031	-900.0409054238917
1955.0	11748.103345139083	-1062.4613602855995
1956.0	11913.238631817185	-1155.9675533623056
1957.0	11958.208515752563	-1117.18810131567
1958.0	11835.384340251527	-965.7979479412752
1959.0	11680.027189645281	-973.3821175038496
1960.0	11733.471133612373	-721.0021770134414
1961.0	11707.715195273413	-664.5600582111159
1962.0	11688.693702169441	-757.3867829827699
1963.0	11665.297208248594	-854.9091302989333
1964.0	11595.682325385931	-851.2977531452652
1965.0	11771.11434181463	-858.0696678440903
1966.0	11726.021698432824	-798.8385551443025
1967.0	11721.682759151656	-861.9368803955537
1968.0	11784.21501316002	-978.6329521357075
1969.0	11787.533958301583	-1041.4672418451075
1970.0	11811.693365263318	-953.8931871783747
1971.0	11894.834280232584	-1084.6386523109904
1972.0	11823.892659069947	-1063.0278385158715
1973.0	11931.59083824825	-1116.9478080886674
1974.0	11882.045685259363	-1109.7822425379138
1975.0	11794.507603534405	-893.4989437142976
1976.0	11748.06195897588	-845.2611254907455
1977.0	11747.11549757873	-910.4151417228628
1978.0	11770.953647461714	-883.9267511917715
1979.0	11533.827800838471	-948.1621058060633
1980.0	11720.896992107419	-901.2338132799899
1981.0	11796.70913408181	-1006.5605632702778
1982.0	11858.359788882533	-1044.2397246913158
1983.0	11715.779836525782	-995.3684412061781
1984.0	11761.034838863321	-933.1986634816288
1985.0	11657.815818198855	-899.2328665583555
1986.0	11687.65510809699	-924.4414724039101
1987.0	11699.242660079639	-807.9150228020208
1988.0	11634.084686425862	-828.1648818915552
1989.0	11695.922265190966	-840.8208032600518
