1.0	27128.557733223006	-2208.269331806047
2.0	26710.741331037596	-1730.9936392673815
3.0	26762.279876629123	-1798.0514606549261
4.0	27226.820697686682	-1722.6056820431015
5.0	26900.863697434976	-1927.9733007754896
6.0	26989.260644693208	-2047.2917484953898
7.0	27192.31177072492	-2273.0318544420243
8.0	26827.418823858923	-1759.1243389273125
9.0	27057.064365785944	-2142.100806138663
10.0	27298.183483239194	-2240.0302035465597
11.0	27688.78220714489	-2195.246265870835
12.0	27778.6896792089	-2097.419891402436
13.0	28445.79560723183	-2177.2659815810407
14.0	28595.55465678703	-2078.8452597725295
15.0	29341.095257578225	-2186.8494144469028
16.0	29491.245559667266	-2085.755873823891
17.0	30236.59350751419	-2193.885159673279
18.0	30387.268560488446	-2093.720455188102
19.0	31131.453217345916	-2205.488142417263
20.0	31282.164089954804	-2105.4876882471485
21.0	36499.602684334044	-2256.751036200872
22.0	36649.6562408284	-2156.4452510016677
23.0	37396.52150268728	-2262.196533896739
24.0	37546.60167099033	-2162.4833810938517
25.0	38291.63869635136	-2267.070454314078
26.0	38441.79034359054	-2167.2916235840125
27.0	39186.75797489838	-2271.229278354293
28.0	39337.026274598065	-2171.9555042496722
29.0	40082.31055956709	-2275.1422281396653
30.0	44900.555783445925	-2304.4941680093566
31.0	44725.89055787589	-1877.7381478681862
32.0	42077.899707251636	-1872.899959915511
33.0	40743.63587928794	-1860.8150546622026
34.0	44308.13628278471	-1880.3527926534753
35.0	32211.520819137466	-1789.628646290553
36.0	27494.62785371233	-1724.1649858964058
37.0	27426.651868814006	-2200.3697938856585
38.0	27838.772390621234	-1758.5410892210039
39.0	32659.666627667815	-1790.9718021586168
40.0	28186.506528673006	-1755.2459262552968
41.0	28020.392244484596	-2072.441823514298
42.0	33106.897618006675	-1802.8368547650598
43.0	28667.73288211742	-1757.0668027143408
44.0	33556.46580519106	-1804.0450143141304
45.0	29069.323743745084	-1766.1441558355848
46.0	34003.97121613917	-1815.4878673364874
47.0	28898.18102190889	-2080.2154561977336
48.0	29428.724198512264	-1875.7130974784502
49.0	34453.8939122494	-1816.3714611127089
50.0	29966.358793659878	-1763.0659353301235
51.0	34901.18465407362	-1826.3917561478
52.0	29792.94328442417	-2084.8372541228023
53.0	30458.846457630803	-1760.2584976785781
54.0	35350.80854765436	-1825.958788407928
55.0	30862.34926053598	-1767.528314170422
56.0	35797.03573541166	-1835.315710464108
57.0	30687.974400597453	-2093.323726713568
58.0	36232.09550859212	-1834.1037145575822
59.0	31355.32813648418	-1769.666603661515
60.0	31773.540229830167	-1778.78324362958
61.0	31597.723178369113	-2105.782055046022
62.0	31955.254986785876	-2119.0539863414015
63.0	32282.02274848157	-2221.4190430555577
64.0	32630.00772619835	-2220.561501475889
65.0	32838.904841188865	-2130.185334665926
66.0	33175.96708396765	-2231.9154307702297
67.0	33525.38066722672	-2230.3649466093234
68.0	33734.937036717885	-2140.53940405898
69.0	34071.61928597757	-2240.7140389711235
70.0	34421.38284562821	-2239.0162211128904
71.0	34631.71722927879	-2149.753977711307
72.0	34967.40120355914	-2248.204041884644
73.0	35316.858110745925	-2245.8210336442276
74.0	35526.58783922213	-2156.966393758372
75.0	35861.80591175635	-2254.89296547336
76.0	36733.275000782865	-1831.6694118590215
77.0	37139.371285513545	-1841.2651189405126
78.0	36954.22254441382	-2156.4398808391234
79.0	41182.23353257456	-1868.2616534104238
80.0	37629.77944002634	-1838.2956691163606
81.0	38036.21243706445	-1846.8946676680796
82.0	37849.62463876634	-2162.3838234447608
83.0	41631.121564115645	-1865.3704668983403
84.0	38526.333915584	-1843.4385433650825
85.0	38933.05104833132	-1851.8159535778486
86.0	38745.068838698266	-2167.0235801690555
87.0	39282.521391779366	-1963.4902355012428
88.0	39829.96916194962	-1856.4658136904561
89.0	39640.63844083966	-2171.7493427322697
90.0	42528.13555344483	-1870.114370411271
91.0	40181.50269368552	-1969.0233721801578
92.0	40235.27598918715	-2177.1906541115695
93.0	40700.91341654079	-2276.1176754767434
94.0	42974.81484714634	-1877.7844879448276
95.0	41039.331681928794	-2282.919008531199
96.0	41238.22502057756	-2283.8758900254034
97.0	41586.93220025569	-2280.442941226586
98.0	43424.79417769032	-1875.0498004049323
99.0	41802.14877028946	-2192.5544173455924
100.0	42132.42190011127	-2288.6579512991048
101.0	42482.477467959725	-2285.571657663002
102.0	43869.03535993784	-1882.8275337155435
103.0	42698.124079806286	-2197.7987265517345
104.0	43027.865240691935	-2294.472088824392
105.0	43377.66010742501	-2291.707373583993
106.0	43721.71759408173	-2299.5238118131633
107.0	44775.98267790885	-2203.458011216356
108.0	43920.606897861224	-2301.1572258081364
109.0	44075.12959091019	-2207.6743277525497
110.0	44433.28372951787	-2200.355524068244
111.0	27250.810646408238	-2288.9053908690503
112.0	27002.535398784803	-1730.5219073899316
113.0	27054.506804529836	-2072.474901027584
114.0	27586.309003760336	-2148.6875734121963
115.0	26902.683251422135	-1811.9950252560466
116.0	27092.66146678166	-1899.7541988620442
117.0	27106.337574325287	-1789.802322827886
118.0	27259.25891613847	-1970.2548063876854
119.0	26987.039737254014	-1956.4520589435324
120.0	27243.54120110039	-2127.744244511586
121.0	27184.309374810633	-2218.0512334757445
122.0	27117.425622291918	-2154.0943274380265
123.0	27165.416786824844	-1964.1680834799017
124.0	27253.674099170963	-2189.570180714261
125.0	27366.808872264708	-2261.898755546736
126.0	27351.647137327094	-1914.785577774609
127.0	27353.70911610484	-1794.6702000422854
128.0	27728.03679995915	-1889.9553930502664
129.0	27900.45617643329	-2170.9446331668864
130.0	28301.332934979273	-2076.8350938944973
131.0	28009.36133792229	-1867.5027779205848
132.0	28533.854055869957	-1871.3307656803756
133.0	28742.598449395842	-2172.6305368304875
134.0	29198.350942856032	-2091.660053665153
135.0	28885.01605554754	-1872.1662161737413
136.0	29561.842076941848	-1757.7626645467892
137.0	29636.795023931016	-2179.800479884972
138.0	30094.41349109213	-2095.9193547948817
139.0	29780.51169859001	-1872.8422151300608
140.0	30325.491108621496	-1879.3231694161962
141.0	30532.30494191583	-2189.596370280827
142.0	30988.806259395016	-2105.1423603454327
143.0	30676.29336817937	-1878.3831398832237
144.0	31221.137918983728	-1889.1972485517888
145.0	31427.291547174707	-2201.8276524937683
146.0	36196.692153782824	-2252.3029815404343
147.0	36592.95567631291	-1947.0245722607067
148.0	36796.58784442971	-2249.975985120081
149.0	37255.81778115933	-2166.8778185815927
150.0	36947.61026528247	-1947.5539863190259
151.0	37490.63192357883	-1953.4727390070504
152.0	37691.62949417254	-2255.911614403396
153.0	38151.294394846154	-2171.9701651180435
154.0	37843.74433203163	-1953.7785202445266
155.0	38386.552854470945	-1958.5491150318733
156.0	38586.719573779905	-2260.5609336338166
157.0	39046.767044372384	-2176.331377033884
158.0	38739.920669621955	-1958.6436984524607
159.0	39636.22285824296	-1963.6459144427638
160.0	39422.93589768108	-1848.5954741440567
161.0	39481.856363096485	-2265.1641711819916
162.0	39942.75176345754	-2180.4506227432416
163.0	40551.85416546837	-1969.0419328747223
164.0	41933.529320824346	-2287.5011322567784
165.0	42297.69297613348	-1987.5666568517636
166.0	40963.35834321958	-1980.614042957085
167.0	40555.537717256135	-2176.8599097324463
168.0	44259.52398142187	-2298.8198413740442
169.0	44482.6358686091	-1991.0829688981387
170.0	32083.14163982912	-2218.9925211441127
171.0	32431.96132579663	-1909.584378678178
172.0	27546.399320472814	-2014.8124548604076
173.0	27598.219644607616	-1853.906648966877
174.0	27393.559406258388	-2105.1801580124898
175.0	27513.74769664292	-2234.250923947218
176.0	32878.77394877318	-1915.984907644193
177.0	32442.171531911485	-2124.973650973717
178.0	28337.893545734707	-1872.1463138521206
179.0	28160.976824479876	-2164.873751891387
180.0	33327.01003165511	-1922.1691588915046
181.0	32977.08112807306	-2229.9407959277773
182.0	33775.51828681576	-1928.0733839953944
183.0	33336.50614378864	-2136.023071123112
184.0	29045.56349915081	-2183.7112859722897
185.0	29235.27615381166	-1882.142163552441
186.0	34224.376362326955	-1934.0118126183177
187.0	33872.7299792021	-2239.0986687945556
188.0	34673.013135274676	-1939.0387273526176
189.0	34233.16120170166	-2145.94132225981
190.0	29941.127131691577	-2188.2604891019605
191.0	30132.076738894593	-1882.7198400157868
192.0	35121.34425741403	-1943.3194823633419
193.0	34768.510241302676	-2246.7803742070523
194.0	35568.60530945932	-1947.4803534206974
195.0	35129.41129074279	-2153.695687261967
196.0	30835.617861144132	-2197.379810031288
197.0	31027.21869120494	-1890.2314513149104
198.0	36001.297054251314	-1951.3499625800903
199.0	35662.91451743994	-2253.548147779096
200.0	36008.639037551366	-2160.761929296876
201.0	36348.09828809419	-2160.6707713917745
202.0	36390.84362620355	-1951.8834711257084
203.0	31994.40341857991	-1903.8987601207189
204.0	31586.785938649653	-1889.9114459091286
205.0	31745.329037755586	-2209.809078987156
206.0	37102.50699569993	-2258.5886506120046
207.0	37299.29435010429	-1958.4401814301982
208.0	41402.23328516399	-1982.8352692330898
209.0	40916.95232868466	-2188.098686913902
210.0	37997.883519595875	-2263.744334132349
211.0	38195.50361904945	-1963.725801854008
212.0	41849.289035475136	-1985.145493783298
213.0	41405.1841864897	-2190.4988199990416
214.0	38893.257075171095	-2268.2244739150924
215.0	39091.709186608925	-1968.302738413235
216.0	39788.71095592706	-2272.310765618566
217.0	39988.425552076806	-1972.709099104637
218.0	42745.99821143624	-1990.1330220012378
219.0	42299.909022278334	-2195.358239552998
220.0	40322.11957721486	-1854.3484972450026
221.0	40379.57642450425	-2270.3337560341383
222.0	43194.0467533346	-1992.754102186071
223.0	42828.97451488296	-2293.0395137017767
224.0	43639.65683972272	-1995.4858475703568
225.0	43195.525757971096	-2201.081012057383
226.0	43591.04376482091	-2203.8165108781063
227.0	44074.38975318181	-1998.4798342020858
228.0	44577.0942022306	-2296.373745944338
229.0	44875.42689446292	-1994.094968310309
230.0	27440.74555079978	-2005.1861695222603
231.0	27163.044365808968	-2102.0502929050504
232.0	27125.04121713381	-2046.0490960935842
233.0	27299.380181738863	-2077.8297706079043
234.0	26049.863517340465	-1682.2330286748365
235.0	26520.74043285222	-2157.8041129730796
236.0	26571.536200125585	-2124.0996856169236
237.0	26821.546527068334	-2162.7982422607606
238.0	15288.232993716067	-1931.9185031965806
239.0	15313.818781569944	-1516.9245745412288
240.0	15395.737279038818	-1567.6251254537976
241.0	15594.047802796033	-1925.443302315477
242.0	15592.483164049801	-1755.8426211538772
243.0	15794.853131900849	-1941.452149631407
244.0	15815.172436175582	-1776.203616102385
245.0	15994.542697400988	-1951.629312912328
246.0	16194.546537025393	-1963.9718144372403
247.0	16294.958421881616	-1971.408059330609
248.0	16394.508167272463	-1982.319265937362
249.0	16094.478666835517	-1958.070066133337
250.0	16494.87454449192	-1981.9379404076533
251.0	16685.059645228554	-1597.9520371436593
252.0	16794.623895637265	-1987.3161022438935
253.0	16783.572575885457	-1663.7829479715522
254.0	16968.411591203458	-1898.1569009539205
255.0	16979.333213095906	-1655.0834057779928
256.0	17146.16931464047	-1967.9502529807878
257.0	17180.881895684488	-1645.584694420778
258.0	17346.790359090723	-1971.8446227912852
259.0	17381.028914911018	-1648.6558247117894
260.0	17567.05016391067	-1908.550161859742
261.0	17580.42080436939	-1652.324440185251
262.0	17747.9316732665	-1980.1299976118069
263.0	17779.719599445416	-1656.2147124169558
264.0	17948.50282531793	-1984.4841615446885
265.0	17979.13963701275	-1660.2370254104019
266.0	18167.58054802747	-1921.0404020007663
267.0	18178.61200990993	-1663.9710509559893
268.0	18367.928607606034	-1925.2315393279885
269.0	18378.010172593033	-1667.3934563392297
270.0	18550.158370875597	-1997.526744607996
271.0	18577.28443424139	-1670.647708470371
272.0	18750.67656526773	-2001.792787645111
273.0	18775.940359974567	-1673.7379116214943
274.0	18968.15942226148	-1937.4176733581473
275.0	18972.348322965325	-1674.1889810035748
276.0	19151.377901974385	-2005.8857067971037
277.0	19169.790606217717	-1675.438921848112
278.0	19347.05087778835	-1938.1028133881682
279.0	19369.52873851996	-1692.6536025073572
280.0	19568.918099228962	-1948.7410748177492
281.0	19568.075765715592	-1695.2804001721706
282.0	19752.851355999737	-2018.1705172034754
283.0	19765.59143179825	-1687.5031995112622
284.0	19944.34818519636	-1954.105835546786
285.0	19962.751245659176	-1694.6679889538907
286.0	20153.857444292935	-2027.923315944973
287.0	20160.65876873092	-1699.2867401687454
288.0	20343.712375578227	-1961.1801468070717
289.0	20359.701426045754	-1703.145913664106
290.0	20554.878918929793	-2034.7073630103462
291.0	20559.085868624257	-1706.8293882500304
292.0	20744.36836712361	-1967.7795505728693
293.0	20758.680750578602	-1710.1588534823688
294.0	20955.983940058908	-2041.1818729872405
295.0	20958.92721998775	-1713.3144318785482
296.0	21140.70347887929	-1975.2373265890808
297.0	21160.204640612938	-1728.7821875511165
298.0	21357.36643390483	-2048.174258526146
299.0	21373.85161164639	-1828.1517677064428
300.0	21557.684435290215	-2047.0397062046452
301.0	21566.437862458868	-1811.9850651884735
302.0	21762.31548941175	-1977.6462621407845
303.0	21765.117934079546	-1817.2776348409109
304.0	21958.902684791672	-2052.8432888935963
305.0	21963.60410398172	-1980.0742610606194
306.0	22069.346354870566	-1861.9327063207918
307.0	22164.249469066952	-1982.9418005210136
308.0	22231.09559305001	-1983.9447227221706
309.0	22364.165966496894	-1985.7693129222287
310.0	22481.50070556014	-1946.3302412529272
311.0	22561.385318037384	-1986.685843853699
312.0	22761.07184672028	-2064.836461994399
313.0	22759.405550654366	-1990.946485764909
314.0	22840.970409075933	-1953.2165090388717
315.0	22960.124457155	-1994.913726442904
316.0	23162.070236303825	-2071.065202961387
317.0	23160.417147571527	-1996.801176812738
318.0	23241.681030169915	-1957.4502104100156
319.0	23360.825720959296	-1999.5303529298133
320.0	23563.242466106138	-2076.847086678807
321.0	23561.569043440544	-2003.437222647759
322.0	23763.716631809304	-2080.0801544418423
323.0	23761.817267064445	-2005.2746426561516
324.0	23895.08416198519	-2007.0483553569513
325.0	23961.931651246374	-2008.0688159543279
326.0	24042.663064069693	-1968.3366436196422
327.0	24162.573866402465	-2011.048766814356
328.0	24243.68006718729	-1972.1194057671662
329.0	24363.491120694365	-2014.9129595404986
330.0	24444.30666462015	-1974.5062088054722
331.0	24563.696534463248	-2016.6898354973819
332.0	24766.528134728505	-2095.275815456356
333.0	24763.270073737443	-2019.9734734424121
334.0	24842.813715186032	-1979.857200152627
335.0	24963.61561494364	-2023.0557937732676
336.0	25043.509938977575	-1982.8517830468834
337.0	25164.523416931825	-2026.166657292483
338.0	25245.243934003392	-1986.350465890658
339.0	25365.88842478025	-2029.7787478889738
340.0	25568.685380075887	-2108.273639737313
341.0	25566.122476294473	-2031.6193101998422
342.0	25950.9907509685	-1741.8917714561749
343.0	27013.317541375523	-2174.7570387508
344.0	26651.492410838768	-1769.5440538892005
345.0	26219.935894735798	-2152.82193804133
346.0	26243.16156817542	-1996.8862915358507
347.0	26722.606406468087	-1882.750006177789
348.0	26845.004954645705	-2009.0815961566075
349.0	26671.805204413304	-2125.7605476151257
350.0	26908.822886633923	-2081.568029836752
351.0	26946.471861114722	-2173.643165906673
352.0	12917.330658392368	-1962.13878077165
353.0	12938.868359384685	-1953.6874931502123
354.0	12964.209454244352	-1942.0378205208206
355.0	12998.74597113616	-1930.262235968803
356.0	13213.890641594675	-1456.1894384517357
357.0	13299.084105754197	-1891.945494371189
358.0	13317.439820791455	-1876.1638208327324
359.0	13357.403227847482	-1872.0739162513528
360.0	13301.621058796396	-1499.5952251762162
361.0	13458.203279241716	-1878.0655517199211
362.0	13425.732365996277	-1834.9289230544491
363.0	13517.445079097883	-1861.6006751223586
364.0	13477.49353234331	-1497.6463206729504
365.0	13617.62762149233	-1872.609532775234
366.0	13604.247944800294	-1811.3220234377707
367.0	13677.395956753804	-1858.6726428867596
368.0	13651.397355953328	-1498.0521051250641
369.0	13776.912923359423	-1873.0963162352803
370.0	13769.916915698335	-1828.2600852465196
371.0	13836.949631940697	-1860.7044075980014
372.0	13876.753833344696	-1861.7131586854618
373.0	13825.03159516165	-1499.3051066558128
374.0	13956.34716999041	-1864.1120286680216
375.0	13996.093437838737	-1865.8729748712292
376.0	14035.787382667264	-1867.1622965920458
377.0	13998.15975223623	-1501.6803234251968
378.0	14134.712635245392	-1884.598099516218
379.0	14104.855368041344	-1837.1940534289922
380.0	14194.826013868233	-1873.714008542891
381.0	14171.087211469152	-1508.2277150365037
382.0	14293.525286887534	-1891.8526482745276
383.0	14262.576011753592	-1845.4085177593279
384.0	14353.70777710837	-1881.135843540277
385.0	14393.403510863844	-1883.0623872375115
386.0	14345.13052414982	-1514.2710575506505
387.0	14491.957805012944	-1901.5209478156332
388.0	14512.44909931762	-1888.8765018966162
389.0	14552.103323988837	-1890.7747416264021
390.0	14519.726395868287	-1521.5602173319903
391.0	14650.692236559184	-1909.0931824785391
392.0	14671.131354871832	-1896.370983936299
393.0	14710.757024457198	-1898.0502423357284
394.0	14695.441244481284	-1531.4756714455316
395.0	14790.104856917715	-1901.4142220187305
396.0	14791.597016770587	-1868.501589211297
397.0	14869.501184815084	-1904.7003557728283
398.0	14909.177396123067	-1906.3191525095535
399.0	14872.672195995967	-1540.1299520273035
400.0	14988.596765890981	-1909.6049686909319
401.0	14991.321681148927	-1878.3417183257523
402.0	15049.794578029323	-1548.76118783709
403.0	15224.378220548142	-1555.9937110755325
404.0	15187.081026482361	-1917.715588042518
405.0	12828.98097284862	-1874.29245869272
406.0	12843.129365928638	-1887.4180078343009
407.0	12871.455828221098	-1913.0913549574052
408.0	12885.71059499278	-1925.8143868799918
409.0	12899.99077096319	-1938.3251482879211
410.0	13219.912876287468	-1902.7326865398254
411.0	15246.119282341804	-1934.1772653147352
412.0	12380.413860643275	-1453.9727897848795
413.0	12393.488654342551	-1452.8872503202786
414.0	12396.536877070843	-1462.3126046654859
415.0	12423.525437883092	-1453.5676905889075
416.0	12439.215354893762	-1462.1695962426402
417.0	12451.284521970107	-1523.2028727239951
418.0	12477.694278210844	-1463.3423453060052
419.0	12490.266692949766	-1528.3564828024744
420.0	12493.531229006532	-1552.7077710967144
421.0	13180.49823086839	-1909.006351826429
422.0	12523.929668585153	-1465.824095382608
423.0	12523.16805912976	-1594.6812933569952
424.0	12532.101768651353	-1571.1434007719508
425.0	12582.298896062071	-1468.3025495061217
426.0	12564.04373208803	-1625.3713057544367
427.0	12578.556286893052	-1639.500635947902
428.0	12593.10881969012	-1653.5957997826856
429.0	12654.641938563203	-1469.9320700769188
430.0	12622.315033005625	-1681.6727148086368
431.0	13141.172453122044	-1915.7800948492452
432.0	12636.973007972156	-1695.6664891588255
433.0	12631.523384247115	-1669.2562465319497
434.0	12666.369745004713	-1723.5629765285
435.0	12740.178706385224	-1476.0068612135249
436.0	12698.67096185466	-1763.1877701717565
437.0	12710.676345341291	-1765.1888534369045
438.0	13101.972371932448	-1922.9669824672646
439.0	12725.493645447677	-1779.0104593758188
440.0	12706.948285075132	-1739.6359254897325
441.0	12772.924100940823	-1832.2776434871942
442.0	12784.959599852218	-1834.2300408230415
443.0	12409.973996332845	-1479.2694597221328
444.0	12422.8737176695	-1494.4055150979023
445.0	12437.302355219945	-1508.6015346508702
446.0	12465.812393414157	-1537.3289646941255
447.0	12508.763696501474	-1580.4163868628445
448.0	12552.080294513893	-1623.109832047033
449.0	12610.329170254137	-1679.5281971174227
450.0	13062.666373747257	-1930.2982793529293
451.0	12683.880458136502	-1749.315353311873
452.0	12758.045521123984	-1818.4812311421886
453.0	13259.438321740949	-1897.0202560148898
454.0	13418.38550622134	-1880.7082599639182
455.0	13577.771092533862	-1873.3212203317382
456.0	13737.165143468124	-1872.5619829434245
457.0	13936.020916002564	-1877.0624621563995
458.0	14094.989977117497	-1882.908350176279
459.0	14253.84196256857	-1890.0228805814486
460.0	14452.273858092276	-1899.578972232741
461.0	14610.966633162818	-1907.2566094986896
462.0	14769.68776225109	-1914.2206601343205
463.0	14968.162142745212	-1922.3670454447763
464.0	16594.72058457306	-1990.243748695523
465.0	15126.973281896693	-1928.838080286413
466.0	15340.550457709693	-1934.4045336056836
467.0	15494.445836586245	-1929.0129794797906
468.0	15694.610314185136	-1935.4498145051402
469.0	15894.527156953991	-1945.2898195155674
470.0	15988.15487293403	-1767.3655491074587
471.0	16183.895426039307	-1776.072335928322
472.0	16327.127723009178	-1810.2345006952855
473.0	16694.366753080965	-1985.088280370758
474.0	16895.16711905073	-1992.145625861581
475.0	17095.713423628902	-1995.8715295594518
476.0	17296.264976628183	-1999.8008184462196
477.0	17496.82949740883	-2003.8798044891848
478.0	17697.370386009115	-2008.1456903814271
479.0	17897.884204661914	-2012.5001290433574
480.0	18098.40688869631	-2016.8934788415015
481.0	18298.921745521187	-2021.3140525973693
482.0	18499.435979775517	-2025.7305418827425
483.0	18699.915421755028	-2030.0616533859773
484.0	18900.471103963704	-2034.4596273011623
485.0	19100.552267338	-2038.8454987664609
486.0	19301.38017448344	-2042.918519231971
487.0	19501.95011353375	-2046.599574628728
488.0	19702.106937234963	-2051.2276321319937
489.0	19902.59903609645	-2057.4295269230365
490.0	20103.143919608727	-2061.033666192718
491.0	20303.68113389007	-2064.4930914718702
492.0	20504.20122420855	-2067.8791363632567
493.0	20704.73706746149	-2071.1244867126848
494.0	20905.305495098743	-2074.384582593446
495.0	21105.936870304442	-2077.7314814512515
496.0	21306.631588280983	-2077.0519385201037
497.0	21506.96066685596	-2079.983743623303
498.0	21707.719508280017	-2083.0949474850318
499.0	21908.258394807202	-2086.089353748513
500.0	22108.806709907527	-2089.082219738714
501.0	22309.346607632833	-2092.0690004683984
502.0	22509.885400537216	-2095.0545235100467
503.0	22710.42851200302	-2098.040630802279
504.0	22910.974555244164	-2101.028825535919
505.0	23111.42827090468	-2104.2502364419083
506.0	23312.05891135817	-2107.0186163790554
507.0	23512.600416746795	-2110.0256970589094
508.0	23713.064745768464	-2113.2544500152417
509.0	23913.689462341194	-2116.088908021938
510.0	24114.231206274126	-2119.14901806191
511.0	24314.77269846486	-2122.2245773904924
512.0	24515.258500860797	-2125.498862302768
513.0	24715.863550996044	-2128.449840758149
514.0	24916.42125447605	-2131.610985345414
515.0	25116.960251389242	-2134.8174642759454
516.0	25317.499061727678	-2138.0417996186675
517.0	26019.397108462126	-2149.509886210813
518.0	25517.993106243866	-2141.421140259828
519.0	25718.591881574364	-2144.5573670121726
520.0	25919.12949492977	-2147.857340098443
521.0	26119.665961631705	-2151.1634966144625
522.0	26320.186461274356	-2154.569124501447
523.0	26420.471545155404	-2156.143355223048
524.0	26593.20766318736	-1743.017154707651
525.0	26244.785370637415	-1680.071083556514
526.0	25818.860728304517	-2146.2059659655556
527.0	26154.92113827175	-1851.8345807669582
528.0	26553.67537868781	-1988.1937992284147
529.0	26621.109185015743	-2158.8803701800807
530.0	26663.422100170155	-2043.357317696129
531.0	26721.277954633526	-2161.1324071471977
532.0	26896.899381336876	-2138.8505357871786
533.0	15166.668522040572	-1930.4753174265763
534.0	15406.914332223429	-1931.1774310088524
535.0	15087.27863214045	-1927.2131095664827
536.0	15489.189745299924	-1530.6066899314662
537.0	15677.874623661433	-1555.6145593990368
538.0	15237.18704798304	-1800.7725422609008
539.0	15706.599939854923	-1764.134720832007
540.0	15536.478474654446	-1820.8984398295554
541.0	15574.846075183435	-1595.5220634223122
542.0	15884.817526256127	-1573.6299567788792
543.0	15927.124149663587	-1818.5311867604566
544.0	15646.068432556998	-1894.243172024071
545.0	15777.024686097508	-1626.9564495935963
546.0	16082.6063544587	-1585.8599082667304
547.0	16125.293400500377	-1831.6338485759636
548.0	15846.578936914955	-1908.224855643866
549.0	16046.060639792406	-1918.4220859825766
550.0	16279.454608786678	-1591.477395452117
551.0	16246.354225537469	-1931.8798854709132
552.0	16482.0815123563	-1587.4231232093798
553.0	16346.182941634368	-1944.7900447492793
554.0	16145.9788841436	-1924.4915901791555
555.0	15983.518073803438	-1645.8568917612586
556.0	16493.05937340869	-1774.665308091792
557.0	16445.931334845987	-1950.5829043348187
558.0	16560.355279848154	-1887.7548849391235
559.0	16788.41814798224	-1790.3113329764517
560.0	16658.29267532862	-1817.8712197040738
561.0	16879.317522129466	-1599.7210052892751
562.0	16994.876429071224	-1999.1485779402822
563.0	17099.251419090077	-1786.123044582219
564.0	16845.392446809852	-1954.2849877563451
565.0	17080.15586873489	-1589.04857597918
566.0	17195.650054750306	-2002.877776232807
567.0	17295.94087793157	-1788.4045161710976
568.0	17035.270005251008	-1899.4169377396422
569.0	17280.196712194742	-1591.2825673395812
570.0	17396.24514556321	-2006.7983568790423
571.0	17496.561937695926	-1792.0619117388487
572.0	17232.352864424614	-1902.2295982734024
573.0	17479.621878741804	-1594.7607361613912
574.0	17596.761488270713	-2010.8892258146782
575.0	17697.355554516882	-1795.746865337879
576.0	17447.092822231414	-1973.8778930535907
577.0	17678.89409070769	-1598.6066856400666
578.0	17797.325295814775	-2015.1363438747642
579.0	17896.84357791218	-1799.643135335542
580.0	17633.90857660954	-1909.9903574249136
581.0	17878.218609851665	-1602.7369555386385
582.0	17997.900029502158	-2019.501721270847
583.0	18095.98476851507	-1803.604596412454
584.0	17834.35390703783	-1914.0815881606147
585.0	18077.613326558345	-1606.6534814506524
586.0	18198.450965143344	-2023.885672640019
587.0	18295.443614908316	-1807.4431160666638
588.0	18048.765540479242	-1986.669601172003
589.0	18276.995841088734	-1610.1714768172458
590.0	18398.995814038728	-2028.2699482965052
591.0	18494.839581672877	-1811.1675450571536
592.0	18249.316945018985	-1991.0321693743645
593.0	18476.322471577572	-1613.4291629564289
594.0	18599.54711768747	-2032.6207113047847
595.0	18693.71027646935	-1814.868422311878
596.0	18434.767999696112	-1926.686737728145
597.0	18675.584662793706	-1616.5574568908203
598.0	18800.101144701926	-2036.9340523690814
599.0	18892.34048436972	-1818.1984075099583
600.0	18634.752987784464	-1930.7668251612274
601.0	18874.294492961828	-1619.5667587115756
602.0	19000.63522623756	-2041.1575281175474
603.0	18981.46089892436	-1773.5042747202872
604.0	18850.97331777398	-2004.0337283870958
605.0	19071.30814748699	-1620.1087698853244
606.0	19201.205645470545	-2040.6874406147556
607.0	19167.188161913717	-1769.1230227662952
608.0	19077.818279142026	-1813.10816452022
609.0	19271.049505284347	-1624.08949494602
610.0	19401.685658860388	-2044.6703334031197
611.0	19458.08071962264	-1909.900752402765
612.0	19251.94386359407	-2007.934177346279
613.0	19470.35497217249	-1640.82536471598
614.0	19602.29296415951	-2052.8938842918496
615.0	19670.933270743502	-1826.0900016763833
616.0	19452.467860469125	-2011.6558146196273
617.0	19668.901203934514	-1630.4334238747351
618.0	19802.70607168275	-2052.2222940481606
619.0	19844.921007183733	-1831.3826636644335
620.0	19635.388796830903	-1950.8519116666048
621.0	19867.172596185508	-1636.9135989446925
622.0	20003.239533955435	-2055.8256891551105
623.0	20034.902898770677	-1837.6888558920873
624.0	19853.077750107303	-2022.545126191508
625.0	20065.36191249333	-1641.5376719427825
626.0	20203.740837798145	-2059.3123159790844
627.0	20233.067419532523	-1841.3764818283398
628.0	20017.318384226044	-1915.9536726232043
629.0	20264.38146008817	-1645.4715520945665
630.0	20404.26788668937	-2062.71162746787
631.0	20432.682446416024	-1844.9624962039925
632.0	20254.127144523987	-2029.6618617673478
633.0	20463.70741271158	-1649.261501968527
634.0	20604.777419927705	-2065.9986531093805
635.0	20632.49355905329	-1848.3836042936134
636.0	20416.13764576748	-1922.9601419946284
637.0	20663.07078327236	-1652.8708401825672
638.0	20805.31557845933	-2069.2214697198237
639.0	20831.92412377765	-1851.523804491937
640.0	20655.145989452565	-2036.3181589540357
641.0	20862.61090452078	-1656.0836602100192
642.0	21005.85481354483	-2072.4002966108837
643.0	21027.925036391953	-1855.5916564140305
644.0	20815.884591577564	-1929.5141014532794
645.0	21062.630635382175	-1659.2225902612406
646.0	21206.365209653733	-2075.5259295324404
647.0	21191.499427837836	-1906.4057491480798
648.0	21056.34492331117	-2042.9604488342984
649.0	21263.207526521302	-1674.3960195743782
650.0	21463.047937838175	-1661.7626566012962
651.0	21406.993465550677	-2082.9230956433107
652.0	21258.024371224048	-1942.4825838369168
653.0	21361.29773489381	-1728.849988651673
654.0	21663.720682044386	-1664.7430297990904
655.0	21607.52576635408	-2081.8926774083498
656.0	21479.557189757572	-1855.9656639357684
657.0	21562.482487292054	-1717.0838369087712
658.0	21863.15041045818	-1667.0917920584586
659.0	21807.987741342127	-2084.5936659801896
660.0	21658.17053824796	-2048.644276001013
661.0	21763.253305502225	-1720.6291497964587
662.0	22062.81560332175	-1668.3122562273586
663.0	22008.533345711912	-2087.5867805877547
664.0	21829.161065560787	-1978.6460603173775
665.0	21963.014095297618	-1722.7138506328727
666.0	22262.272180800257	-1669.4479315819115
667.0	22209.07708136714	-2090.5759336621354
668.0	22059.177451685435	-2054.3457195739466
669.0	22162.799981144828	-1723.8554119045639
670.0	22461.300941620666	-1669.9584335640373
671.0	22409.616046360024	-2093.5617939973345
672.0	22259.717863541533	-2057.3447907931736
673.0	22361.94839875234	-1724.5283174338265
674.0	22660.815154668773	-1670.7704820535648
675.0	22610.155219627093	-2096.5474423266105
676.0	22460.256346917184	-2060.3418779556164
677.0	22561.15354843525	-1725.0906687812585
678.0	22860.23425408089	-1672.2261217522455
679.0	22810.70410133935	-2099.53319821601
680.0	22692.55580901384	-1989.945126204119
681.0	22760.74849292466	-1726.7830217997607
682.0	23059.325261311442	-1672.5148608587708
683.0	23011.241431967243	-2102.526084717717
684.0	22861.345936658294	-2066.3352564816055
685.0	22959.91957494115	-1728.108719197927
686.0	23259.014368270105	-1672.6317050876798
687.0	23211.785551599405	-2105.519989142698
688.0	23057.224743736417	-1872.2572948480113
689.0	23159.3604561057	-1728.2240666064774
690.0	23458.528549306113	-1674.029560623699
691.0	23412.33095202134	-2108.5200071231
692.0	23262.427755604847	-2072.336255893811
693.0	23359.22412917161	-1729.5487663589454
694.0	23657.664405056075	-1674.092278494826
695.0	23612.869798845564	-2111.534053050718
696.0	23494.722280570524	-2002.432260665216
697.0	23558.53442820325	-1730.891367002404
698.0	23857.25721559786	-1674.0773778110379
699.0	23813.418492812318	-2114.564067093899
700.0	23657.537237003973	-1878.507998741227
701.0	23757.923217039428	-1730.8650299442268
702.0	24056.507131251372	-1675.1809062189277
703.0	24013.960367655603	-2117.6171471629186
704.0	23864.07105535929	-2081.3950534207183
705.0	23957.426113624297	-1731.8951135151553
706.0	24256.06188102596	-1675.7329639295538
707.0	24214.50198320245	-2120.684751953269
708.0	24064.613192950073	-2084.4539839209006
709.0	24156.890968481533	-1733.4795570999202
710.0	24455.23252235157	-1675.8459818280364
711.0	24415.043353080637	-2123.7687276785296
712.0	24265.155201863952	-2087.5204099911175
713.0	24356.27659531608	-1734.0326833244053
714.0	24654.836182861476	-1675.536645737034
715.0	24615.593456241662	-2126.882383888736
716.0	24465.64166113114	-2090.776678030393
717.0	24555.711209056233	-1733.6560389289405
718.0	24854.018149500607	-1676.756652365371
719.0	24816.13502838265	-2130.023229247091
720.0	24656.80181708472	-1887.1244476473737
721.0	24755.15723345366	-1734.2985284685021
722.0	25053.27741171005	-1677.904415556695
723.0	25016.690777427764	-2133.2118779886255
724.0	24866.816006646888	-2096.8529413133792
725.0	24954.25901428564	-1736.3036992528544
726.0	25252.744988457707	-1678.6972213287765
727.0	25217.22967802643	-2136.427514488731
728.0	25067.371526269242	-2100.0577521289038
729.0	25153.646582367324	-1737.793045060501
730.0	25451.97045296457	-1679.299762433717
731.0	25417.768402881262	-2139.660090700603
732.0	25267.910360180456	-2103.2799384480636
733.0	25353.000537317963	-1738.6592423109107
734.0	25651.627028730625	-1679.429207989322
735.0	25618.318455017983	-2142.9140493839873
736.0	25457.764611660794	-1897.408331944917
737.0	25966.233104964078	-2038.4408359978904
738.0	25552.543684345714	-1738.7949316542054
739.0	25850.765607187514	-1680.9433550960296
740.0	25645.78158407003	-1990.5827900601762
741.0	25669.015087194366	-2109.775050886627
742.0	25765.89145349807	-2035.2038371939627
743.0	25752.00012104696	-1739.7858580856744
744.0	26538.339361955364	-1654.0035475447223
745.0	26411.86770167228	-1671.976606788684
746.0	26046.09450911426	-1997.315077285275
747.0	26151.239080087846	-1740.3078959015158
748.0	26481.99111609935	-1702.7441555835524
749.0	26421.303327993806	-1988.3395243361495
750.0	26336.678233602313	-1729.3830672255326
751.0	26363.81812593959	-2041.4161523652372
752.0	26783.508927605682	-2031.575473261464
753.0	26649.690083255056	-1850.0764785991607
754.0	26596.575947276546	-2042.2523047849602
755.0	26771.97400532536	-2128.00961341519
756.0	26724.4297726707	-1982.2950370744745
757.0	12859.718863642565	-1911.8279726902776
758.0	12929.642911573275	-1964.6921762982254
759.0	12953.899129531017	-1957.4299937524077
760.0	12817.273019538994	-1872.8974799914386
761.0	12802.70326101398	-1859.8533578660306
762.0	12983.919982435007	-1947.0263553066852
763.0	13022.940125406727	-1938.5648966744566
764.0	12949.138543655683	-1906.9886604638407
765.0	12743.17506289348	-1804.6757497518054
766.0	13047.745761016748	-1455.8940892260746
767.0	13230.815895469232	-1853.8606091405934
768.0	13291.855657641112	-1828.377227978249
769.0	13338.801529797713	-1887.5463377878305
770.0	13378.56686102468	-1883.7944026786436
771.0	13389.735761180304	-1454.9190109944377
772.0	13355.328941443293	-1840.486775310664
773.0	13498.05284052391	-1876.01026306319
774.0	13397.408447048409	-1868.6753893645448
775.0	13477.425213943696	-1863.4172061620077
776.0	13513.814547636843	-1774.4992587207096
777.0	13537.91117462121	-1874.4420039643383
778.0	13564.573181080219	-1454.8278459626583
779.0	13502.760943930449	-1830.7823378094447
780.0	13657.513972535902	-1872.287125771869
781.0	13557.456515417478	-1860.2524953131876
782.0	13637.470007630183	-1858.82492382156
783.0	13678.946264052365	-1768.531098690649
784.0	13697.283639552812	-1872.2816687782076
785.0	13738.499779860738	-1456.1241078237792
786.0	13664.890781495023	-1827.4992736717577
787.0	13816.76373169455	-1873.846192676752
788.0	13717.316621426233	-1858.8117642338814
789.0	13797.089818374749	-1859.8578143903385
790.0	13835.807757256705	-1770.6352434952685
791.0	13856.495078918399	-1874.7841296532888
792.0	13875.793328036787	-1830.576317808327
793.0	13896.286888591994	-1875.8581196075395
794.0	13912.47133783192	-1457.321619826159
795.0	13849.228685917393	-1829.9053362697516
796.0	13997.145171232243	-1571.0233761811567
797.0	13975.78144317573	-1878.3736392826565
798.0	14015.475038129714	-1880.1880136305083
799.0	14038.011968771569	-1777.0230579419556
800.0	14055.17965029344	-1881.1265240552464
801.0	14085.785387400721	-1461.2073266195994
802.0	14174.404011576227	-1886.3427411128612
803.0	13983.180944039445	-1816.5652016968713
804.0	14075.601520671358	-1868.3292488966563
805.0	14167.28133975389	-1582.465290094077
806.0	14155.156496785441	-1871.8956578661202
807.0	14206.903843954615	-1684.4609663328604
808.0	14214.073940336779	-1888.1842316541442
809.0	14259.524983497371	-1468.6636184646134
810.0	14333.210346823374	-1893.7656341709971
811.0	14156.655350826004	-1840.108877459955
812.0	14234.574559023124	-1875.5733228796773
813.0	14316.360272195923	-1848.6335109176769
814.0	14314.020526078328	-1879.220645822502
815.0	14358.87232564037	-1793.3591705117476
816.0	14372.897336395223	-1895.6923406584744
817.0	14505.90979940982	-1839.66183852266
818.0	14394.957443217156	-1851.0190441686348
819.0	14412.590120414881	-1897.6327026217668
820.0	14434.209985650754	-1473.9495979864869
821.0	14363.562460059882	-1832.4193182432766
822.0	14511.354254562471	-1595.6036400659589
823.0	14433.096857015125	-1885.0017630945883
824.0	14531.626128373022	-1903.4431746025723
825.0	14680.804294647975	-1847.9576608864966
826.0	14552.542753830385	-1859.9488480124255
827.0	14571.297335431715	-1905.3310844678765
828.0	14609.335877382358	-1483.7319812681296
829.0	14526.116969325247	-1858.6889399898137
830.0	14591.75703721815	-1892.706616276878
831.0	14690.32527283211	-1910.801728712404
832.0	14694.724764401586	-1605.4783947767537
833.0	14730.010491714243	-1912.5300771913542
834.0	14786.244300828681	-1492.057754135434
835.0	14712.950741057344	-1867.1071692461112
836.0	14849.085075488909	-1917.5273723055118
837.0	14809.385164092157	-1915.8818305905797
838.0	14889.189353230917	-1857.3817835010286
839.0	14871.292469996124	-1612.7056437966505
840.0	14829.805764450075	-1903.0615996967197
841.0	14888.778390669419	-1919.1574326540424
842.0	14913.21465095965	-1875.3385565841625
843.0	14928.458635916526	-1920.7655809462528
844.0	14963.816372487112	-1500.7467372083913
845.0	15047.579356764232	-1925.5941573421405
846.0	14865.874892540001	-1873.9053025452056
847.0	15007.890378565884	-1924.048932174389
848.0	15257.977705242194	-1884.4597598045111
849.0	15028.314399297442	-1911.234061755097
850.0	15068.00236623096	-1912.797104121931
851.0	15114.25638583637	-1830.1277842528737
852.0	15150.446234976356	-1885.1698731326032
853.0	15070.236614736545	-1882.1831125271929
854.0	15140.152854974114	-1509.272779770314
855.0	15226.835343465573	-1919.7529702529148
856.0	15147.387124930836	-1916.0712693701587
857.0	15224.207558902484	-1629.2689977632679
858.0	15206.364857110762	-1932.1234319446946
859.0	15176.907650228313	-1886.2677531171587
860.0	12964.923092693249	-1556.7673386863996
861.0	12950.482513974333	-1926.9154694458532
862.0	12814.662444764414	-1861.345110150224
863.0	12831.400944053292	-1886.0459965857274
864.0	12849.664696493397	-1871.8570669676635
865.0	12845.552461785557	-1898.983322420591
866.0	12922.651636732187	-1936.1273016998202
867.0	12867.905606944945	-1888.4917701013935
868.0	12857.271913232546	-1900.293446072712
869.0	12873.979481634073	-1924.614087653242
870.0	12884.87996456028	-1891.350256735818
871.0	12914.44819455045	-1950.7026965367547
872.0	12888.305813106897	-1937.2880920939888
873.0	12895.463466816846	-1912.8905908530505
874.0	12913.044362662537	-1927.907128250198
875.0	12902.698432727417	-1949.740866101706
876.0	13277.52345630131	-1880.9267749661403
877.0	15266.948620937232	-1917.7642986763274
878.0	15231.096204765096	-1887.0122713846256
879.0	12409.588206089691	-1464.398686663347
880.0	12457.163740512415	-1453.0278982404052
881.0	12437.081431262219	-1475.7785041562445
882.0	12478.621469646554	-1481.7745606484375
883.0	12445.445598370743	-1485.8156682594283
884.0	12480.050902235373	-1551.7785270052111
885.0	12499.590870906992	-1451.6847827609854
886.0	12463.276751288926	-1525.5706017146724
887.0	12495.942691308053	-1564.6396430054447
888.0	13032.157719264747	-1890.0565423552362
889.0	13198.056574338145	-1892.3916480244604
890.0	12550.726597403778	-1451.7532576950007
891.0	12501.282666031235	-1536.5210661458102
892.0	12537.611569731229	-1608.9169292180652
893.0	12507.877712731715	-1567.017849331216
894.0	12535.118648294629	-1597.0010445140445
895.0	12616.637148700107	-1449.7038294574434
896.0	12549.292484189542	-1589.2530752414605
897.0	12566.593058744373	-1637.2760904475936
898.0	12652.262556095813	-1507.4200807592813
899.0	12581.131115215716	-1651.3918000448127
900.0	12595.722261054112	-1665.4877351367215
901.0	12694.995530519222	-1448.3204537789572
902.0	12605.115505871187	-1643.1602183967104
903.0	12654.379566191019	-1721.4918344851667
904.0	12624.989202153827	-1693.5517428302865
905.0	12661.539543925233	-1683.9178009299856
906.0	13122.298181624481	-1855.1790958962472
907.0	13158.512747652667	-1898.9571551199685
908.0	12734.86294345717	-1520.3770786204623
909.0	12639.664623552935	-1707.531868887979
910.0	12651.656843759585	-1709.628942761584
911.0	12679.041093538815	-1713.4297788595675
912.0	12669.112003614524	-1735.4140992375458
913.0	12790.14950804343	-1450.3904341852024
914.0	12663.017022842978	-1697.7348507756906
915.0	12907.364858537685	-1448.497549475467
916.0	12809.928658121673	-1823.0518765538607
917.0	12681.109189038121	-1737.4648189720501
918.0	12776.402802282531	-1762.7242978938314
919.0	12713.482382537914	-1777.0354416707141
920.0	13126.132201486957	-1580.3979206308093
921.0	13039.609590752718	-1921.1652845223362
922.0	13119.106580591731	-1905.9826332792172
923.0	12792.406192620123	-1762.8451777196321
924.0	12728.31453671268	-1790.8594772025117
925.0	12751.062390110352	-1781.1416871557474
926.0	12740.342012620671	-1792.820183208077
927.0	12845.512654115548	-1481.243022326208
928.0	12734.81334259517	-1766.2006423677813
929.0	13127.813925614299	-1500.307392182176
930.0	12767.048420736195	-1795.299990800966
931.0	12799.836586240488	-1848.0282826668438
932.0	12755.211271795977	-1806.6276194495429
933.0	12794.420551612675	-1821.607825459928
934.0	12787.8087560896	-1846.0659678047598
935.0	12421.777304494704	-1482.0473715612973
936.0	12449.043982666082	-1511.2610467046434
937.0	12460.895030085898	-1489.6261250883533
938.0	12434.882693442125	-1496.9086448348214
939.0	12477.73666853601	-1539.7564560039664
940.0	12471.547621930746	-1512.882128932334
941.0	12520.703964760754	-1582.7635160207574
942.0	12524.075066073468	-1560.1631809342653
943.0	12549.564008283734	-1611.2023506332978
944.0	12558.915596574727	-1598.711748138925
945.0	12607.69445952643	-1667.6527867254638
946.0	13077.831484569722	-1881.5742408261806
947.0	13079.651879657746	-1913.1865349991513
948.0	12695.881693546873	-1751.341327749834
949.0	12784.306624552586	-1799.1263756234664
950.0	12770.084302597565	-1820.4305516350416
951.0	13104.270224071872	-1876.816604451052
952.0	12973.54445051162	-1490.6197307955097
953.0	12822.34827685608	-1846.361582308451
954.0	13248.4341171349	-1833.2606321061667
955.0	13237.717230848755	-1886.3594908588677
956.0	13398.3874472666	-1755.392147586311
957.0	13437.41932179271	-1865.802984996675
958.0	13554.583773699285	-1751.1294780179949
959.0	13597.453737784519	-1859.3337020534548
960.0	13719.129018535881	-1749.1019145447306
961.0	13757.217095228398	-1859.217561104235
962.0	13928.927309446904	-1831.9506173541752
963.0	13916.564335379264	-1862.853055526989
964.0	14078.252398063632	-1835.902222102756
965.0	14115.436973551177	-1870.1667818336664
966.0	14236.041237789963	-1844.227308249073
967.0	14274.338421258706	-1877.3771040033544
968.0	14472.780966550386	-1886.9452568597835
969.0	14594.353225830666	-1806.7301899234026
970.0	14631.463344476599	-1894.625836194207
971.0	14750.425722807071	-1899.7494481297472
972.0	14760.142189764103	-1849.7922758516488
973.0	14961.692128579127	-1859.5880709823025
974.0	14948.863291910538	-1907.921619378921
975.0	16545.940844536122	-1954.5969736415252
976.0	16744.853420381263	-1949.2720334032683
977.0	15119.033110872435	-1866.7868088761272
978.0	15107.696258244716	-1914.4316910875477
979.0	15544.009622778669	-1893.0531387796957
980.0	15384.525370329318	-1646.4306443742983
981.0	15652.034941934988	-1796.7971898126114
982.0	15746.757438086637	-1904.5002436412249
983.0	15860.875124897888	-1816.8454335765175
984.0	15946.187039526494	-1912.049193710852
985.0	16058.735705188357	-1827.676329128103
986.0	16179.062316792979	-1653.9790367233
987.0	16256.388598194608	-1836.8381485651869
988.0	16379.33959662212	-1648.6633640953885
989.0	16587.46920097893	-1746.1276618239851
990.0	16585.663324659534	-1651.9507512431471
991.0	16434.67721377929	-1882.8515035402622
992.0	16727.777186638286	-1849.9039386903962
993.0	16645.201112878643	-1954.6482659541214
994.0	16945.379768252275	-1964.2466682484517
995.0	16856.262932897807	-1856.6483132017754
996.0	17104.639680313445	-1862.1224116280766
997.0	17045.660136923372	-1966.1213223647226
998.0	17246.4576034236	-1969.926031964491
999.0	17301.040265128326	-1864.8514360217316
1000.0	17432.552412818357	-1905.9425144426987
1001.0	17547.347147844852	-1975.8840833199156
1002.0	17703.237673957028	-1872.5997699899672
1003.0	17647.626290875545	-1978.0311013308926
1004.0	17848.186434257488	-1982.3115448900155
1005.0	17903.10216302522	-1876.624919943959
1006.0	18034.396575709365	-1918.2878603548706
1007.0	18149.058941507792	-1988.83535248035
1008.0	18234.419622958583	-1922.495436954431
1009.0	18349.605419179195	-1993.1918982455581
1010.0	18502.131877565695	-1888.8700786373367
1011.0	18449.86348837048	-1995.3878162424946
1012.0	18650.380626454404	-1999.659518494787
1013.0	18701.42094202329	-1892.8713407071198
1014.0	18951.247824939088	-2006.1279855322966
1015.0	18834.686856003817	-1935.0165683007745
1016.0	19156.171697075606	-1931.23917326025
1017.0	19051.068605979457	-2008.4170459145516
1018.0	19352.1612634966	-2009.92853481148
1019.0	19280.25438719991	-1936.7711622251566
1020.0	19402.18813230566	-1871.0895497629456
1021.0	19552.811197024934	-2017.9590956377576
1022.0	19652.7034306065	-2020.6991330707926
1023.0	19683.474423747888	-1909.226231842217
1024.0	19825.813485633622	-1910.4236926062847
1025.0	19953.344950137547	-2024.3497188666352
1026.0	20053.623209386704	-2026.1822867286453
1027.0	20076.6988245985	-1956.5541535165878
1028.0	20354.386132657757	-2031.3637545399108
1029.0	20216.143126381005	-1919.4845171513546
1030.0	20454.637908646353	-2033.0745907790454
1031.0	20477.181424804	-1963.5067130386433
1032.0	20755.415270064022	-2037.9248668405028
1033.0	20616.274362939454	-1926.2727476447908
1034.0	20855.71439250447	-2039.586039152966
1035.0	20877.33030856311	-1970.023987154055
1036.0	21156.584774359955	-2044.5311821597525
1037.0	21011.58964407087	-1933.5350233055826
1038.0	21257.008857559285	-2042.3089086506054
1039.0	21323.10024161899	-1908.402255869707
1040.0	21564.134473432485	-1973.5051153862034
1041.0	21457.42445884613	-2049.5839013952664
1042.0	21758.361066166854	-2049.8445435518033
1043.0	21669.54068578852	-1856.292743123245
1044.0	21966.027639589185	-1819.295985717171
1045.0	21858.629234621345	-2051.3428781756725
1046.0	22159.448462627992	-2055.8459353490684
1047.0	22166.31718840208	-1820.893726913698
1048.0	22365.244209908706	-1822.0670848054385
1049.0	22359.98712718932	-2058.843362929547
1050.0	22561.53070729579	-1821.2899037368854
1051.0	22560.525661476157	-2061.840445322769
1052.0	22660.796499382035	-2063.3390200943213
1053.0	22759.002548396445	-1825.0501170027437
1054.0	22958.750656603424	-1828.199086289257
1055.0	22961.613791381926	-2067.837322769356
1056.0	23061.79802959459	-2069.566109635765
1057.0	23158.428856868402	-1827.876133504388
1058.0	23358.47207551578	-1830.097978287006
1059.0	23362.701490184885	-2073.836123726021
1060.0	23558.38406615905	-1833.3035997555519
1061.0	23462.97264883548	-2075.339882126359
1062.0	23757.946411031528	-1832.8685174374798
1063.0	23663.437653973422	-2078.5651107872613
1064.0	23964.342140856268	-2082.9236399651422
1065.0	23957.338784704898	-1834.8475183860817
1066.0	24164.884212248424	-2085.9862030170634
1067.0	24157.304261616544	-1837.3504100010498
1068.0	24365.426160923667	-2089.0567196511547
1069.0	24357.46559517439	-1839.6926258380656
1070.0	24557.0104636717	-1838.801865866047
1071.0	24565.921574709588	-2092.3290002846175
1072.0	24755.82361306145	-1840.7405034417352
1073.0	24666.256545950062	-2093.711290718938
1074.0	24955.09701490699	-1843.5903308255904
1075.0	24967.10207280249	-2098.4500365132994
1076.0	25167.640954563	-2101.667757892215
1077.0	25155.25341839033	-1845.8894210856652
1078.0	25368.17974434148	-2104.8941791947864
1079.0	25355.83347509067	-1848.040613165004
1080.0	26170.36272680418	-2118.0497637787425
1081.0	25856.02451215332	-1901.793950586236
1082.0	25869.557122151247	-2113.083233448877
1083.0	25555.504905269223	-1847.5221303113121
1084.0	25468.404508633957	-2106.64934706432
1085.0	25754.52706266535	-1849.8166800062215
1086.0	25769.28840119451	-2111.42734564924
1087.0	25969.824754522357	-2114.738949654318
1088.0	25953.72271431591	-1852.711545025834
1089.0	26167.22892424917	-2041.601226054864
1090.0	26070.09258578841	-2116.393126279536
1091.0	26471.167016591087	-2123.0283846826974
1092.0	26270.614525265828	-2119.7968855639397
1093.0	26342.304721707882	-1838.1916057536207
1094.0	26370.881541785824	-2121.4570503394343
1095.0	26501.63561102473	-1835.3907363004012
1096.0	26517.75113733135	-1764.517192746481
1097.0	26595.477160808874	-1681.392290898734
1098.0	12462.073752603415	-1503.3786137175193
1099.0	12518.27746494551	-1491.5925363347549
1100.0	12934.759548385517	-1936.558702786703
1101.0	26575.289809297024	-1894.4231229715315
1102.0	21073.88719429221	-1974.184754435392
1103.0	21141.01853557183	-1827.4098101028387
1104.0	21372.81957357808	-1979.3509006894383
1105.0	21495.440233435587	-1937.1185481390573
1106.0	20944.17649960391	-1971.0922940808457
1107.0	20943.40772603863	-1811.055875479616
1108.0	20677.522173155994	-1966.7114081294137
1109.0	20743.513463784595	-1807.8575541632188
1110.0	20543.99967823811	-1964.5882083703789
1111.0	20543.675931199203	-1804.6434516802267
1112.0	20276.876108056455	-1960.0439213397124
1113.0	20344.08639717525	-1801.032844469375
1114.0	20143.510769343335	-1957.7134575448788
1115.0	20144.959757045774	-1797.304739097249
1116.0	19877.503043769655	-1952.9007036352207
1117.0	19947.99124362167	-1792.801173974692
1118.0	19751.533476288256	-1946.0163383178867
1119.0	19758.099844833985	-1783.8390792102018
1120.0	19577.599419488848	-1794.6010982748794
1121.0	19523.669874891293	-1875.6264915918575
1122.0	19088.83757273522	-1894.7892450549473
1123.0	18901.09623951593	-1896.7321550406916
1124.0	18784.87377542342	-1773.0542667031648
1125.0	18767.80972420593	-1933.4951682998133
1126.0	18586.47663246818	-1769.6423188097585
1127.0	18567.949757340135	-1929.36735987694
1128.0	18387.33508446155	-1766.1372281005667
1129.0	18302.347611887628	-1884.8169612598656
1130.0	18187.734871860997	-1762.4989184440703
1131.0	18102.559530446102	-1880.7167875447856
1132.0	17988.38821701841	-1758.660272884122
1133.0	17967.553310900894	-1916.838909174691
1134.0	17789.09598750027	-1754.6976447401387
1135.0	17767.516675480412	-1912.6248211263257
1136.0	17589.50588012373	-1750.9816875598797
1137.0	17501.992104061588	-1868.6105044181197
1138.0	17388.88389811081	-1747.2997529146185
1139.0	17365.67038658985	-1904.5916740578857
1140.0	17188.77107822153	-1744.0627150494656
1141.0	17165.485702997375	-1900.9055196744932
1142.0	16990.539580914046	-1753.6798537523446
1143.0	16929.06942808986	-1828.4191840124804
1144.0	16626.203268869274	-1886.7993000003091
1145.0	16498.034858737257	-1847.364450910695
1146.0	16388.51158135512	-1741.7286383969622
1147.0	16368.31787010479	-1878.6582230196825
1148.0	15552.052477937175	-1680.3369010353035
1149.0	15439.310683517402	-1852.0413287410738
1150.0	26296.974001260456	-2040.309776782339
1151.0	26479.062215275717	-2035.2654517699964
1152.0	26422.262293133597	-1882.2354851234377
1153.0	25845.295077802508	-1994.2337838677643
1154.0	26056.277538871782	-1904.5794871099376
1155.0	12845.13911938746	-1536.6366826258782
1156.0	12723.99872068301	-1743.2882443477636
1157.0	13064.138332082483	-1627.7590407740136
1158.0	12784.50825708595	-1812.403324764896
1159.0	12702.697746921876	-1722.8364604540366
1160.0	12765.732589323377	-1781.6696250508987
1161.0	12818.917786612425	-1786.1168206449668
1162.0	13204.248104995388	-1857.899752229055
1163.0	12765.797419468048	-1661.252782516315
1164.0	12748.35461134985	-1766.3711641421444
1165.0	12737.296660133657	-1708.2934063389741
1166.0	12724.93751264138	-1756.994729873013
1167.0	12693.981732959364	-1682.6386203208422
1168.0	12898.369965991225	-1570.0388176660272
1169.0	12717.301956038993	-1704.0269827722175
1170.0	12887.155048175191	-1620.2000489903548
1171.0	12688.859886295237	-1722.691328374315
1172.0	12621.784838911984	-1659.9171550501585
1173.0	12678.411093808512	-1699.4645448303406
1174.0	12668.82709991247	-1616.3222422282852
1175.0	12644.712294684223	-1669.4152985814992
1176.0	12589.737839078998	-1628.4344813994842
1177.0	12647.487749261061	-1683.9465131867255
1178.0	12657.058203991472	-1638.6713116739109
1179.0	12799.274148247758	-1569.770954603334
1180.0	12637.33553427753	-1636.0046195991515
1181.0	12738.07055970183	-1652.9818810377074
1182.0	12575.303460157067	-1613.7993442565894
1183.0	12621.819326620729	-1647.3165220754406
1184.0	12650.89807771006	-1573.8586566653987
1185.0	12604.319353582725	-1629.8900641104192
1186.0	12582.082125744142	-1497.727251844135
1187.0	12589.03433899935	-1614.6379744013284
1188.0	12588.120157321458	-1584.3515648675773
1189.0	12687.300385123779	-1530.178681868257
1190.0	12609.408178420339	-1587.816462390315
1191.0	12653.199087510533	-1600.9127887635525
1192.0	12572.691610873922	-1599.047268054813
1193.0	12612.349360263062	-1553.9258724763447
1194.0	12569.979498215223	-1543.6136642718545
1195.0	12548.739698915275	-1575.3132088356044
1196.0	12553.878142914764	-1535.0487786415215
1197.0	12614.040995914786	-1516.6165424778192
1198.0	13248.680423578122	-1617.5778446139109
1199.0	13043.425639896064	-1827.7046573811992
1200.0	13154.474832674963	-1867.5221849951351
1201.0	12486.613288469734	-1513.2405187102947
1202.0	12494.86585870306	-1495.8854390555643
1203.0	12530.06138726221	-1545.214576989182
1204.0	12555.027529033905	-1510.5627083167528
1205.0	13182.65184654793	-1843.0794859061905
1206.0	13304.394354893402	-1574.9725063860933
1207.0	12911.11227663031	-1913.9462760293238
1208.0	12840.22310622003	-1863.0529553880642
1209.0	12885.983235426413	-1904.415314974264
1210.0	12990.881061039137	-1852.5639483301195
1211.0	12812.495536512104	-1837.6364067790576
1212.0	12862.721486062715	-1871.620705582635
1213.0	15154.062949783152	-1808.4007677529419
1214.0	15478.758621752238	-1805.5764969796346
1215.0	15200.452342156239	-1867.934898151046
1216.0	15039.305259666335	-1863.184809023932
1217.0	14955.6171868586	-1822.4218400037043
1218.0	15045.539485689791	-1620.658796436351
1219.0	15096.696977174941	-1883.2818159148173
1220.0	15017.80605369396	-1879.4387050316266
1221.0	15034.865341924184	-1822.4205770266508
1222.0	15162.70222977281	-1667.5152800405983
1223.0	14988.212021187295	-1659.0517524962972
1224.0	14755.96857792737	-1809.729235765768
1225.0	14939.66836248651	-1876.4058952816274
1226.0	14820.48334804814	-1852.719177924105
1227.0	14659.416660087552	-1864.4699892000087
1228.0	14926.185957523545	-1755.4952123936964
1229.0	14815.230813759548	-1649.4280249108876
1230.0	14606.502077552866	-1862.020284639313
1231.0	14739.387990467209	-1868.2336966545088
1232.0	14632.978892166939	-1863.324491012784
1233.0	14676.145173288993	-1807.024193463839
1234.0	14842.732702748386	-1713.3567770572881
1235.0	14636.774048247438	-1642.1016146482398
1236.0	14446.60867192036	-1853.9794911135675
1237.0	14586.481805607975	-1843.818859216335
1238.0	14486.076430005387	-1718.35261659407
1239.0	14385.677946633688	-1717.3198153071983
1240.0	14473.06509093963	-1855.2737094736124
1241.0	14435.636203838993	-1792.2429766660352
1242.0	14427.655867673422	-1834.5670875718697
1243.0	14348.704844282469	-1590.6637243853486
1244.0	14209.522452321306	-1842.975962080088
1245.0	14342.81896841972	-1849.9061641939559
1246.0	14280.730431667478	-1789.9413017553877
1247.0	14429.412164477586	-1624.3856875551537
1248.0	14284.102623500015	-1829.296927125676
1249.0	14159.171074971455	-1706.004500290447
1250.0	14030.826340825262	-1836.1872827086397
1251.0	14190.599304069861	-1823.817914243893
1252.0	14118.813644590033	-1779.3766867786537
1253.0	14291.306800380553	-1628.5568918677563
1254.0	14125.629883776126	-1819.8385907053787
1255.0	13955.472973341473	-1832.7897353056676
1256.0	14052.869485843714	-1817.7244833779394
1257.0	13916.208260575922	-1776.913722768623
1258.0	14104.461505801044	-1619.345494131662
1259.0	13944.33683106959	-1609.8458302021972
1260.0	13796.54764729669	-1828.6814832424468
1261.0	13907.68935735172	-1813.818840557591
1262.0	13826.971816970292	-1570.246053262553
1263.0	13828.500614593184	-1811.8707902006106
1264.0	13717.539195545583	-1826.874234504041
1265.0	13600.218289025981	-1669.9312927762767
1266.0	13977.792946137686	-1672.8856210871356
1267.0	13750.087538057413	-1809.6669773558685
1268.0	13638.208520174747	-1827.597295134449
1269.0	13650.759520861191	-1570.3654277406179
1270.0	13685.00103841338	-1809.1707698333648
1271.0	13556.578603485184	-1829.8923709078663
1272.0	13474.84846433353	-1698.1291356372421
1273.0	13772.997345437741	-1608.9744375373787
1274.0	13583.33554854792	-1829.2738214031026
1275.0	13475.971315011266	-1832.0008707552886
1276.0	13477.459825846081	-1570.3573064352483
1277.0	13398.931205329298	-1836.8535049986851
1278.0	13522.349127521478	-1813.2635422461033
1279.0	13589.504770153522	-1607.6898775597972
1280.0	13371.053552010018	-1779.1509148296088
1281.0	13445.062424512857	-1815.7751543709758
1282.0	13314.31424190489	-1843.8562966302409
1283.0	13254.63458882336	-1790.3349809358951
1284.0	13423.055674395446	-1609.9809052523026
1285.0	13378.01533290138	-1820.3853773720948
1286.0	13340.03617169719	-1781.157003506447
1287.0	13333.601664506967	-1823.6516726446498
1288.0	13284.682483293733	-1787.1648762529003
1289.0	13273.420587074788	-1849.666032775692
1290.0	13184.041971060711	-1799.3851352260983
1291.0	13355.476819521115	-1676.2077812696407
1292.0	13269.06641380006	-1682.5719345745213
1293.0	13110.017635297561	-1814.0019304762652
1294.0	13053.394107171263	-1867.5772430128588
1295.0	12989.89566982119	-1904.5878740655437
1296.0	13005.813256623325	-1614.483722869884
1297.0	13006.637952603785	-1881.781792604097
1298.0	12873.47666567209	-1855.5191973041808
1299.0	26100.381635998816	-2040.4964310104253
1300.0	26254.093916926882	-1900.4063069500437
1301.0	25699.041120027832	-2034.0981211002866
1302.0	25899.388419345687	-2037.3345598063631
1303.0	25446.33725358028	-1988.4335902451778
1304.0	25657.115191272536	-1898.187228566976
1305.0	25257.18476225341	-1896.1749682080335
1306.0	25499.264678894204	-2030.538277914707
1307.0	25055.722248354403	-1893.287423154595
1308.0	25299.0421537886	-2028.7039904497226
1309.0	24896.752754441335	-2021.9892542328591
1310.0	25097.67714567791	-2025.0918999271937
1311.0	24643.533684429665	-1976.4663015335773
1312.0	24855.522529729744	-1890.4852589113398
1313.0	24457.720776825343	-1886.6517512788032
1314.0	24696.421814384405	-2018.9343731510144
1315.0	24257.66417401927	-1885.263759344344
1316.0	24496.840012899953	-2015.6579192679917
1317.0	24095.726378974054	-2010.0283043884392
1318.0	24296.643631694755	-2013.8925000077227
1319.0	23842.532234693368	-1965.4118572444415
1320.0	24056.833095466976	-1882.004163990984
1321.0	23642.72007884494	-1963.823626204124
1322.0	23857.193080670564	-1879.0332701752177
1323.0	23442.204814530796	-1961.3066148657497
1324.0	23694.961356638392	-2004.2645479717157
1325.0	23257.330715376982	-1872.8329839136513
1326.0	23457.626133606085	-1876.9910053049073
1327.0	23041.5234201276	-1955.8367005965822
1328.0	23293.97632290765	-1998.5305033097782
1329.0	22893.27854046079	-1993.9085435339573
1330.0	23093.56935198187	-1995.800321841082
1331.0	22642.77418582013	-1947.9989469673376
1332.0	22857.319391214944	-1870.5835840465581
1333.0	22431.01199537887	-1986.7721971675674
1334.0	22659.4463690011	-1865.2368122121752
1335.0	22269.085199213867	-1864.0250139626576
1336.0	22464.973911637568	-1863.6964358912762
1337.0	22084.883674066892	-1942.912320888856
1338.0	22284.90317644889	-1945.594882390077
1339.0	21868.028583327065	-1860.3224121872092
1340.0	22030.453409405844	-1981.0799555521437
1341.0	21684.69914024635	-1936.8599946205948
1342.0	21883.49164493669	-1940.6235080572417
1343.0	21631.195746969403	-1974.6076045475947
1344.0	21439.453987283498	-1980.2532967294628
1345.0	19357.42740014853	-1789.3228286407066
1346.0	19256.345722608912	-1814.4428219975525
1347.0	19234.309964177606	-1894.87789195678
1348.0	19034.56011627546	-1939.0073257398915
1349.0	15768.99182165207	-1709.7072047548409
1350.0	15752.780554378434	-1830.631132179551
1351.0	15455.184239344162	-1694.2270464649584
1352.0	15286.379196329746	-1858.338104916537
1353.0	15302.436211214788	-1669.005380149465
1354.0	15312.987601290986	-1915.8716164942834
1355.0	15447.466750227186	-1903.32311229109
1356.0	15370.65142779566	-1912.3660382919145
1357.0	15375.463282542492	-1782.6382914005924
1358.0	15293.190871251803	-1725.5686452716461
1359.0	15320.104719599703	-1875.5957570860562
1360.0	15357.899030199997	-1871.199684252737
1361.0	15283.717236187047	-1816.2440633532995
1362.0	15327.537438707755	-1772.084720730795
1363.0	15437.89507255458	-1754.4108237336113
1364.0	15386.005867917978	-1838.7292934196587
1365.0	12849.400259336517	-1829.3796950980243
1366.0	12901.316724361772	-1876.85966788115
1367.0	13225.149447705016	-1769.3523375319685
1368.0	13313.11873588781	-1703.8732916889057
1369.0	13514.352108454905	-1671.758579979978
1370.0	13313.575574747736	-1760.1492757666892
1371.0	13438.18846245112	-1673.8990745946078
1372.0	13438.093880237719	-1776.4767477728292
1373.0	13473.859986562735	-1753.410540700208
1374.0	13641.857250120922	-1693.025479975673
1375.0	13692.680192820158	-1670.4948735462349
1376.0	13597.414088293597	-1771.5640447739315
1377.0	13638.602132435815	-1747.1989582955623
1378.0	13806.768889906763	-1669.308915857929
1379.0	13757.732135408725	-1772.5343285392737
1380.0	13798.236681339877	-1750.138315504594
1381.0	14025.522832725606	-1674.3926306495134
1382.0	13865.214926484143	-1670.8512673896814
1383.0	13878.368377145684	-1752.1200812576492
1384.0	14198.543917022222	-1783.5139278862905
1385.0	14049.346622864994	-1612.8011215501126
1386.0	14157.783724592271	-1759.3429871756277
1387.0	14334.629423421908	-1718.3732659152126
1388.0	14300.803658247527	-1691.7460476497035
1389.0	14240.629647404754	-1764.4975598624521
1390.0	14321.528773395066	-1770.8540453526475
1391.0	14515.487821940505	-1799.3552396138737
1392.0	14431.747655325	-1686.2844917800182
1393.0	14398.247644963216	-1769.6347855312713
1394.0	14477.395280189854	-1771.9961312560142
1395.0	14660.998087715723	-1705.412621139798
1396.0	14542.765161372345	-1700.2623619048616
1397.0	14556.780320221207	-1781.915034951616
1398.0	14636.152144337182	-1785.1436461109479
1399.0	14748.872344878248	-1710.5673692915618
1400.0	14711.123575538055	-1731.272395119585
1401.0	14717.332381484432	-1786.6668274255383
1402.0	14911.835297243617	-1798.4480207163335
1403.0	15013.692549209734	-1721.5798397148362
1404.0	14994.029042818911	-1800.8912290703568
1405.0	15074.248084800129	-1805.3086357369095
1406.0	15181.959427479344	-1729.633779259005
1407.0	15067.074991490343	-1722.9993164853847
1408.0	15234.21941664603	-1747.9507621038556
1409.0	15195.614113252372	-1827.2774285507555
1410.0	12965.923958117564	-1893.978424467461
1411.0	12926.604597843825	-1898.5353811451769
1412.0	12907.566330154492	-1835.0332585944477
1413.0	12895.097546355812	-1857.8996729682713
1414.0	12964.300859811587	-1861.3821947986464
1415.0	12943.5608698148	-1854.586243084721
1416.0	12922.650022308919	-1878.7291934348716
1417.0	13175.160078953895	-1690.497048736425
1418.0	13133.94145032642	-1722.633404079239
1419.0	12603.087754505008	-1538.01688458077
1420.0	12566.03395486815	-1564.1849646668488
1421.0	12586.828528618402	-1568.1497319319412
1422.0	12618.162499673615	-1613.9101480777692
1423.0	12681.050873274204	-1561.1984917702819
1424.0	12607.710510815084	-1603.35079572229
1425.0	12634.474859618878	-1615.8683998877714
1426.0	12671.531427091677	-1664.6598200781118
1427.0	12628.18763513666	-1567.9442963774866
1428.0	12735.708961751081	-1594.9315793312464
1429.0	12659.58414906157	-1654.8083829683321
1430.0	13143.584410860827	-1782.6506688950612
1431.0	12949.00955717172	-1796.3107044135868
1432.0	13006.432360424902	-1820.966112449599
1433.0	12702.32532864921	-1638.5382916251365
1434.0	12763.982507459832	-1752.027218729684
1435.0	12688.579545160275	-1661.6509454143186
1436.0	12758.950594452559	-1560.5662160731397
1437.0	12714.134026478241	-1682.4225315925567
1438.0	12690.847015743908	-1613.8318701404435
1439.0	12842.32901773753	-1631.0774833077583
1440.0	12739.742886624417	-1730.7552028788243
1441.0	13082.939728349527	-1701.7299906831915
1442.0	13068.727595699042	-1798.1038336703725
1443.0	12810.065502486099	-1744.2442969749088
1444.0	12761.251537996768	-1734.715740437976
1445.0	12798.994183477354	-1785.6168896991996
1446.0	12832.973303971152	-1692.837736822461
1447.0	12971.398301005634	-1665.1281361309022
1448.0	12890.18942203578	-1819.1654321570015
1449.0	15100.341260312454	-1663.1841630361487
1450.0	15090.852428818487	-1761.275552849066
1451.0	15143.375895347132	-1763.5788986182367
1452.0	12836.200985002075	-1846.6744488450101
1453.0	12845.358588180976	-1807.08240061008
1454.0	13186.152226381475	-1622.2325151971734
1455.0	13225.9105161326	-1720.4815158581175
1456.0	13397.493551709207	-1708.0958794710557
1457.0	13367.138428748645	-1612.3010859274389
1458.0	13532.096258023128	-1607.9049201202895
1459.0	13554.132856746559	-1703.6702043402292
1460.0	13712.295982432886	-1610.0762365276594
1461.0	13729.607829618564	-1705.2391677202056
1462.0	13782.99516370031	-1705.1550090221801
1463.0	13889.163663168227	-1610.6561493250108
1464.0	13895.510879868327	-1708.017271116062
1465.0	14064.91831514429	-1711.7435686995207
1466.0	13962.335313321832	-1755.5799677053958
1467.0	14004.367135351386	-1835.386830647798
1468.0	14225.834566461426	-1624.0446180713868
1469.0	14247.602223957962	-1718.7830851942028
1470.0	14627.213864710293	-1738.9265060928599
1471.0	14570.37847677684	-1639.412189601615
1472.0	14575.37650983751	-1736.4656719045481
1473.0	14756.697573210064	-1648.0843754402886
1474.0	14805.343597903973	-1789.2743980030239
1475.0	14983.227034869988	-1757.1531796296738
1476.0	14931.77424065102	-1656.8701657897388
1477.0	14839.411788553183	-1872.8115798376784
1478.0	14900.21369132702	-1717.7402857723002
1479.0	14804.456170801226	-1745.506963834771
1480.0	12516.827297244454	-1531.1069374133647
1481.0	12530.260471023952	-1508.3992893714178
1482.0	12731.664049671888	-1630.085315976811
1483.0	12705.371798906119	-1585.762251780594
1484.0	13051.29264928541	-1745.8491586931214
1485.0	12985.629567900281	-1788.6897903252295
1486.0	14115.281963525422	-1682.468356066558
1487.0	12934.696355666334	-1829.8503031571756
1488.0	12829.031408724215	-1759.616111228288
1489.0	14880.646442214216	-1817.1239096711095
1490.0	14838.403541018257	-1813.555026801713
1491.0	13994.782632441178	-1776.664228321729
1492.0	13952.915731620502	-1710.8619439363295
1493.0	14069.837346588087	-1755.3134125264357
1494.0	12900.639360229094	-1703.2986086117878
1495.0	12777.679808549541	-1713.2468490343065
1496.0	12761.855590339126	-1694.959856637921
1497.0	12804.140981640927	-1716.912860148442
1498.0	12791.037358305688	-1648.2704235548638
1499.0	12919.293219259524	-1657.5729832717454
1500.0	12923.218378187374	-1770.893384499562
1501.0	13005.187900957813	-1743.1736602795784
1502.0	12824.695029079543	-1805.6723546216792
1503.0	12855.644501080382	-1753.1576013268284
1504.0	12866.194438070028	-1781.0683567319077
1505.0	12868.897262698074	-1833.9659265711489
1506.0	12930.74869748163	-1733.883717599594
1507.0	12976.098209523509	-1713.7849074679677
1508.0	12825.687411629355	-1665.2973829017355
1509.0	12807.67896441386	-1614.0505239608865
1510.0	12865.510917172496	-1713.710663747468
1511.0	12891.528268563277	-1788.5651568057049
1512.0	11896.06886546626	-1387.2243203810556
1513.0	12356.517756118576	-1474.8849248619001
1514.0	12358.186032885802	-1486.6168750545303
1515.0	12372.351943292195	-1501.8615576617206
1516.0	12386.536138934898	-1516.655539633648
1517.0	12443.460716764748	-1574.6163559636925
1518.0	12251.850766992347	-1710.6340210941814
1519.0	12309.24610885937	-1814.630916192648
1520.0	12516.068726671476	-1645.450480682877
1521.0	12405.81228050618	-1823.9597614234938
1522.0	12486.57330662987	-1830.9509865978916
1523.0	12514.355131973512	-1779.0092781923447
1524.0	12604.402255051871	-1728.952405709023
1525.0	12554.453320639603	-1836.6344151201165
1526.0	12615.279560338311	-1820.2330722304234
1527.0	12705.295155783968	-1813.637850774032
1528.0	12675.556866991423	-1786.1928366269165
1529.0	12660.76464929049	-1772.3863178641652
1530.0	12719.520385149277	-1827.9695856560777
1531.0	12735.300064013674	-1864.7223803308734
1532.0	12763.705308886101	-1866.797024076752
1533.0	97.76017668511525	-1772.8871944254595
1534.0	231.65723655570073	-1692.2057496537197
1535.0	572.1363827630347	-1696.1944865705666
1536.0	879.3267476714838	-1698.8897641258902
1537.0	1176.145083818752	-1701.2294456759148
1538.0	1325.5857400495358	-1442.6631690923075
1539.0	1620.1999389801324	-1442.8070291078423
1540.0	1914.792825281945	-1442.832879669494
1541.0	2209.4064373952338	-1444.2850517938748
1542.0	2504.033646528464	-1444.3651259647004
1543.0	2798.6050842700824	-1444.4434284199199
1544.0	3093.215695376121	-1444.5238110162527
1545.0	3387.7812221542604	-1444.602362300751
1546.0	3682.396223739726	-1444.6833167258874
1547.0	3976.951585372599	-1444.7904560608513
1548.0	4271.585886495619	-1444.816096336606
1549.0	4566.126831798007	-1444.9516046845945
1550.0	4860.767774182886	-1444.9774775364288
1551.0	5155.301526433842	-1445.1127327506592
1552.0	5449.7850122901145	-1443.8607103262236
1553.0	5744.414816840842	-1443.8991260521886
1554.0	6038.939199828113	-1444.0350271768855
1555.0	6333.479886952168	-1444.1199790772387
1556.0	6628.04951809515	-1444.207535938502
1557.0	6922.6288898288085	-1444.2954461894444
1558.0	7217.208883712697	-1444.383654105233
1559.0	7511.7890683135	-1444.4721555771919
1560.0	7806.367762029727	-1444.5604266826274
1561.0	8101.177335050898	-1445.9368596023253
1562.0	8395.878779975139	-1445.959355741021
1563.0	8690.456462671786	-1446.0695174142413
1564.0	8985.043342770305	-1446.1533083268832
1565.0	9279.63058523859	-1446.2378610868743
1566.0	9573.957020182885	-1445.0711608140175
1567.0	9868.518562197636	-1445.183652409309
1568.0	10163.101783485301	-1445.2742448527395
1569.0	10457.901063096826	-1445.3648156026627
1570.0	10753.507491000533	-1443.750843928614
1571.0	11042.754294839071	-1441.0668903068174
1572.0	12690.344164243475	-1800.0048954516471
1573.0	12734.559748862232	-1841.5332227545694
1574.0	12345.316630212843	-1460.7557502062884
1575.0	11934.744316055438	-1526.7522458506562
1576.0	12412.510870044242	-1533.8726061941043
1577.0	12484.25906255628	-1605.4535130843053
1578.0	12542.666874403372	-1661.6014084938986
1579.0	12586.83418436119	-1703.2912273792115
1580.0	12631.175518888871	-1744.778808597585
1581.0	12609.655715762536	-1843.8430861339884
1582.0	12675.172821807428	-1861.0256800053232
1583.0	12709.673588837964	-1853.6946022681168
1584.0	12753.927982056246	-1857.5036099379233
1585.0	427.1775899259312	-1776.6377656548902
1586.0	98.20095678501825	-1436.3894865010204
1587.0	731.5198529477948	-1777.2081337689358
1588.0	1027.6484848897258	-1779.6652456368436
1589.0	1321.6187191504084	-1779.8800177455896
1590.0	1615.3513578811992	-1780.2036629433353
1591.0	1909.0626839832057	-1780.4092986871983
1592.0	2202.7947358966885	-1782.0412559937897
1593.0	2496.540384830112	-1782.301115346826
1594.0	2790.2302623719256	-1782.5592029842567
1595.0	3083.959313278158	-1782.8193707628004
1596.0	3377.6432798564906	-1783.0777072295098
1597.0	3671.3767212421503	-1783.3384468368567
1598.0	3965.0505226752175	-1783.6253713540318
1599.0	4258.803263598432	-1783.8307968119973
1600.0	4552.462648701013	-1784.1460903421964
1601.0	4846.222030886086	-1784.3517483762419
1602.0	5139.8742229372365	-1784.6667887726828
1603.0	5433.476148593702	-1783.5945515304581
1604.0	5727.224392944623	-1783.8127524386346
1605.0	6020.86721573209	-1784.1284387455416
1606.0	6314.526342656337	-1784.3931758281058
1607.0	6608.214413599512	-1784.6605178715806
1608.0	6901.912225133366	-1784.9282133047334
1609.0	7195.610658817449	-1785.196206402733
1610.0	7489.309283218446	-1785.4644930569023
1611.0	7783.0064167348655	-1785.732549344549
1612.0	8076.934429556232	-1787.288767446458
1613.0	8370.754314280668	-1787.4910487673642
1614.0	8664.450436777508	-1787.7809956227957
1615.0	8958.155756676219	-1788.0445717176483
1616.0	9251.861438944696	-1788.3089096598499
1617.0	9545.306313689189	-1787.3219945692047
1618.0	9838.986295504137	-1787.6142713467068
1619.0	10132.687956591992	-1787.884648972348
1620.0	10426.605676003708	-1788.1550049044824
1621.0	10721.819345286598	-1786.7209221528055
1622.0	11017.036443107834	-1784.2182079074944
1623.0	11299.242589494963	-1777.85001076697
1624.0	11789.007446216929	-1807.9430729739033
1625.0	11566.428897229685	-1804.8367630971945
1626.0	11411.807384317204	-1485.3432643575609
1627.0	12080.061444232728	-1390.1632860500492
1628.0	11687.185957930467	-1621.5236798435392
1629.0	11763.579399925226	-1560.235671630048
1630.0	11972.671682406313	-1826.410979934203
1631.0	11944.060914776395	-1410.999940326942
1632.0	12336.107064866172	-1458.2926008195118
1633.0	12125.820475218905	-1833.8149852360518
1634.0	12317.16090927014	-1437.0271601558468
1635.0	12288.260131029396	-1396.1807378047852
1636.0	12260.630288052263	-1363.7318243610732
1637.0	12233.2703408971	-1361.3272496282088
1638.0	12210.269909486313	-1363.5295915502097
1639.0	12279.732319849878	-1394.1287116080828
1640.0	12180.951850349149	-1365.6097578746615
1641.0	12307.719073513734	-1426.3445282873183
1642.0	12146.4874679318	-1367.2863845001032
1643.0	12326.636824955627	-1447.635622147911
1644.0	11794.546882897697	-1400.0802566037298
1645.0	12103.372138662031	-1370.7669241032054
1646.0	12426.736149888378	-1548.3554691778672
1647.0	12252.914997450598	-1840.257154222958
1648.0	12370.27211315144	-1489.8953708995305
1649.0	12441.01440982459	-1562.7235253875751
1650.0	12384.356159561721	-1504.679893522725
1651.0	12398.40876320761	-1519.3429098102633
1652.0	12446.549078791219	-1600.1729546460354
1653.0	12469.775959676002	-1591.2748182897258
1654.0	12414.839628937507	-1545.8163102775043
1655.0	12433.018436014017	-1599.2276810118676
1656.0	12429.128653283638	-1560.2673167032808
1657.0	12498.796108243938	-1619.566207020687
1658.0	12455.358674171051	-1577.0291155518744
1659.0	12513.381739432274	-1633.6231730602442
1660.0	12457.861423080169	-1588.913556981044
1661.0	12358.909195168582	-1845.2960499299859
1662.0	12314.716691169786	-1763.9563194800603
1663.0	12505.104342620229	-1656.8961368325329
1664.0	12491.378905113439	-1656.513770112799
1665.0	12472.336082518295	-1603.1495166483955
1666.0	12557.353596001989	-1675.5259104936802
1667.0	12501.454373154453	-1631.4108031748385
1668.0	12572.091289612306	-1689.4332897030424
1669.0	12527.998662774793	-1647.6273026352528
1670.0	12447.371456895744	-1849.6968809744556
1671.0	12519.788242931994	-1670.9263283561343
1672.0	12530.7220162078	-1659.452801049965
1673.0	12601.59486915807	-1717.1355291619966
1674.0	12560.127384343768	-1687.3473306217484
1675.0	12521.224647847659	-1852.3796527961422
1676.0	12549.233323921673	-1698.8842705341901
1677.0	12589.624537886799	-1715.0987581837333
1678.0	12594.660937905099	-1754.1982160702248
1679.0	12645.969778160388	-1758.582831887713
1680.0	12616.38518938308	-1730.971105033881
1681.0	12583.13729060774	-1855.4572045910616
1682.0	12638.214162266566	-1783.6902522007522
1683.0	12633.986173688203	-1756.5921241644812
1684.0	12654.874454951141	-1849.3585315980172
1685.0	12693.169802720571	-1850.0473147623263
1686.0	12663.567466099621	-1784.208322706576
1687.0	12678.356890113515	-1798.0183452828471
1688.0	12632.745740000513	-1859.6521166837326
1689.0	12648.777095825579	-1770.3999034051628
1690.0	12657.172063018348	-1797.8689180890103
1691.0	12707.730764536447	-1825.768754539992
1692.0	428.4999302256403	-1439.9602725482403
1693.0	232.09801665560371	-1523.9119493959477
1694.0	733.7237534473101	-1440.3508554800749
1695.0	573.0179429628407	-1527.810793721689
1696.0	1030.733945589047	-1442.6281821657722
1697.0	880.6490879711928	-1530.4161786859074
1698.0	1177.9082042183643	-1532.6659676448262
1699.0	1472.7713272543951	-1532.7822899335831
1700.0	1470.56742675488	-1701.4356605557768
1701.0	1767.3755421317499	-1532.8894758574568
1702.0	1764.7308615323318	-1701.6327390707559
1703.0	2061.9791701917966	-1534.3049738901757
1704.0	2058.8937094924754	-1703.1381296945804
1705.0	2356.617121083261	-1535.7746955320683
1706.0	2353.0908802840363	-1704.6977439275786
1707.0	2651.2128976030544	-1535.8705475048007
1708.0	2647.2458767039275	-1704.883488491416
1709.0	2945.792076095657	-1535.9667079030396
1710.0	2941.3842750966273	-1705.0695414807606
1711.0	3240.3653436247805	-1536.0631171305577
1712.0	3235.5167625258473	-1705.255843299384
1713.0	3534.9430016333304	-1536.160098186879
1714.0	3529.653640434494	-1705.442716946811
1715.0	3829.510494496615	-1536.285667293666
1716.0	3823.7803531978766	-1705.6581786447032
1717.0	4124.097286897454	-1536.3559222510714
1718.0	4117.926365498813	-1705.8183261932143
1719.0	4418.669662967807	-1536.454546221501
1720.0	4412.0579614692615	-1706.0068427547494
1721.0	4713.248680300018	-1536.5534027680105
1722.0	4706.19619870157	-1706.195591892364
1723.0	5007.820504580799	-1536.6520061807623
1724.0	5000.327242882448	-1706.3840878962212
1725.0	5302.234872332973	-1535.4727143172433
1726.0	5294.300830534718	-1705.294688623808
1727.0	5596.745292384919	-1534.1965829654598
1728.0	5588.3704704867605	-1704.1084498631296
1729.0	5891.296609567861	-1534.3083751628083
1730.0	5882.481007569801	-1704.310134651584
1731.0	6185.758809324132	-1534.4667035345446
1732.0	6176.502427226169	-1704.5583556144256
1733.0	6480.266257236115	-1534.5766876428481
1734.0	6470.569095038249	-1704.7582323138342
1735.0	6774.812389757702	-1534.6896301017407
1736.0	6764.674447459932	-1704.9610673638326
1737.0	7069.368885020193	-1534.8032236151587
1738.0	7058.790162622521	-1705.164553468356
1739.0	7363.92619314983	-1534.9174083495927
1740.0	7352.906690652254	-1705.3686307938954
1741.0	7658.482201111804	-1535.0316562736737
1742.0	7953.267597494149	-1536.4338356454944
1743.0	7647.021918514326	-1705.5727713090819
1744.0	8248.175745084507	-1537.7702400505743
1745.0	7941.366534796766	-1707.064843272008
1746.0	8542.852002350342	-1537.8403732091772
1747.0	8235.833902287222	-1708.4911402681935
1748.0	8837.41369479045	-1537.9718011417262
1749.0	8530.069379453154	-1708.6511660179015
1750.0	9131.984947002196	-1538.0776201610454
1751.0	8824.19029179336	-1708.872486541556
1752.0	9426.295754059725	-1536.9329479948667
1753.0	9118.3207639052	-1709.0681981519808
1754.0	9720.580860663718	-1535.8162146639881
1755.0	9412.190790862825	-1708.0134185769075
1756.0	10015.122753611078	-1535.9567740493967
1757.0	9706.03511736692	-1706.9865778371347
1758.0	10309.90238415521	-1536.0754125894373
1759.0	10000.136230214377	-1707.2170298136482
1760.0	10606.194022894377	-1534.4895907521595
1761.0	10294.475080658602	-1707.4255609447944
1762.0	10903.29623846407	-1530.1305949972755
1763.0	10590.325939297865	-1705.9296316986222
1764.0	10887.476176346647	-1701.6606322750047
1765.0	11299.733646283681	-1434.5151012383324
1766.0	11173.503048297694	-1692.4596526710138
1767.0	11183.400837911506	-1520.8383723480658
1768.0	12693.31659067776	-1811.6424774969948
1769.0	12667.030865393499	-1807.0766378805283
1770.0	12741.948275647437	-1855.4475715827039
1771.0	12722.25477895642	-1839.8028733814192
1772.0	12715.330347110015	-1864.6997603894363
1773.0	12139.213012541448	-1705.421987555318
1774.0	12346.043806763215	-1471.2909247960488
1775.0	12019.36633566123	-1398.0929431080415
1776.0	12053.586493967758	-1789.5955458969709
1777.0	12333.302659739596	-1475.0806800516873
1778.0	12297.560422082453	-1406.9212307227133
1779.0	12404.215258327788	-1570.5969517891926
1780.0	12400.645184314972	-1531.283682719927
1781.0	12476.718754079511	-1642.4514445230268
1782.0	12486.871030642133	-1617.3131773140374
1783.0	12535.569830230299	-1698.514731733085
1784.0	12545.406629058765	-1673.4158428594812
1785.0	12579.84874693442	-1740.3134430234002
1786.0	12574.876071433182	-1701.2422253207671
1787.0	12619.196422602108	-1742.783648278155
1788.0	12624.153162056704	-1783.937988707448
1789.0	12607.346669164268	-1802.4333011759538
1790.0	12684.468436554513	-1824.440700099223
1791.0	12654.183073989241	-1830.701198421204
1792.0	12693.961372226195	-1833.9547547595428
1793.0	11898.495076360507	-1675.5691206505371
1794.0	11445.135907797407	-1712.7635861865929
1795.0	11687.219531265466	-1742.5760968454842
1796.0	11665.593646614658	-1405.5877736307712
1797.0	11499.59648043951	-1405.6202640542122
1798.0	11471.23141655766	-1591.8618690491378
1799.0	11592.49083265494	-1562.8826289577949
1800.0	12048.72983329229	-1374.333740615076
1801.0	11853.787665407965	-1432.4171183208837
1802.0	11593.093038979545	-1456.3767638561324
1803.0	11741.38488228481	-1450.805630518942
1804.0	11880.60974728027	-1515.925118887338
1805.0	11886.226382527195	-1763.915575017371
1806.0	12089.405360614342	-1426.3717090585576
1807.0	11980.479618297775	-1378.6833807751843
1808.0	12029.611328938	-1443.6463468726631
1809.0	12335.215392686956	-1449.479300142971
1810.0	12061.393148514178	-1720.9267444487205
1811.0	12138.315891831217	-1410.3322630633609
1812.0	12193.40543981894	-1803.2826597932917
1813.0	12316.281463051966	-1428.296025665003
1814.0	12269.803790754975	-1374.5810974904743
1815.0	12258.56972230885	-1389.7560238870462
1816.0	12251.98682166729	-1360.1108159252992
1817.0	12271.502354333856	-1402.2950535070047
1818.0	12243.556552278138	-1366.4646793004529
1819.0	12288.74893739442	-1423.3725769787345
1820.0	12223.12707119598	-1369.8879728353477
1821.0	12165.652212835505	-1377.939716459466
1822.0	12252.427423128212	-1382.5346609603903
1823.0	12279.000556407032	-1385.3861864966232
1824.0	12261.290647829517	-1372.4875895114246
1825.0	12230.006384029764	-1383.5575593821302
1826.0	12270.489763781565	-1383.3173749915575
1827.0	12197.119304337917	-1374.1760651036911
1828.0	12307.906324518966	-1444.6714579630063
1829.0	12276.641247190722	-1419.2401074432173
1830.0	12200.353586234205	-1394.0012775962057
1831.0	12306.883977797084	-1417.6128390676067
1832.0	12289.033675589963	-1404.9138243328623
1833.0	12291.160922308585	-1436.5340970699415
1834.0	12298.352207863587	-1415.6364952214608
1835.0	12229.679097841678	-1413.080042038904
1836.0	12128.081630525749	-1383.1053739730426
1837.0	12310.698212730538	-1458.0076386007904
1838.0	12325.730892169182	-1438.9173684522605
1839.0	12243.33679396181	-1380.1327591851923
1840.0	12670.169985400215	-1821.8614106515563
1841.0	12637.67820361439	-1817.3847696033547
1842.0	12181.31669603858	-1412.6590784114605
1843.0	12095.99275618481	-1620.392948813547
1844.0	12327.158201758013	-1466.2298251095747
1845.0	12277.717771167401	-1409.4966192960926
1846.0	12280.421331651038	-1447.44987147164
1847.0	12220.383504216385	-1397.0243905895068
1848.0	12258.850549418297	-1399.9911772910336
1849.0	12260.248714869786	-1424.2976303738085
1850.0	12345.661464786337	-1495.0689956086337
1851.0	12301.599288494406	-1437.5297045323796
1852.0	11955.914283493266	-1467.019865230088
1853.0	11992.747030786044	-1669.3957241191185
1854.0	11843.563482410418	-1593.0182982812894
1855.0	12023.46272981536	-1533.3051769696
1856.0	12214.725782259438	-1432.1753463815764
1857.0	12162.782776628648	-1405.1638245037504
1858.0	12068.318742950674	-1456.0955673882056
1859.0	12138.632357488748	-1465.0589993819385
1860.0	12122.950316349112	-1434.2022362020316
1861.0	12302.150637257602	-1486.1305264467007
1862.0	12360.260370140122	-1512.4895848848892
1863.0	12320.858730268155	-1459.081594489281
1864.0	12608.339252137519	-1754.4093038973815
1865.0	12643.80631265021	-1799.337262042189
1866.0	12558.015085826772	-1807.7747217376252
1867.0	12622.73249114353	-1768.656932188627
1868.0	12586.698795364564	-1797.1625693414446
1869.0	12609.064665879609	-1768.4692722409573
1870.0	12564.106288510118	-1712.665605564736
1871.0	12580.362582853602	-1768.8123805428522
1872.0	12593.53517403848	-1740.5538611261402
1873.0	12486.833943259393	-1795.700314883463
1874.0	12578.745496676538	-1726.6752166280194
1875.0	12570.486341273363	-1759.5515938743172
1876.0	12589.837462993077	-1778.479596925269
1877.0	12554.245534928414	-1760.512996878908
1878.0	12565.185360227866	-1726.2910660674663
1879.0	12488.208716698895	-1733.819061941538
1880.0	12524.44734289086	-1732.2483784268445
1881.0	12550.427446267147	-1712.393609859453
1882.0	12410.186807845168	-1781.194969753079
1883.0	12534.516923709167	-1684.8677241864445
1884.0	12511.176445902462	-1703.3178928705054
1885.0	12520.84339577797	-1684.526817127031
1886.0	12461.247831700372	-1614.72175827582
1887.0	12506.100505447741	-1670.5464860910781
1888.0	12416.699577248888	-1704.4253347467222
1889.0	12471.02651679464	-1668.0701593660144
1890.0	12490.415922886868	-1642.855744077737
1891.0	12417.920551898162	-1571.388112652383
1892.0	12475.832126745292	-1628.7534739134787
1893.0	12452.006620864258	-1771.6814175896122
1894.0	12490.741082289125	-1687.5918536659212
1895.0	12451.515830779592	-1649.429951489077
1896.0	12462.131907841516	-1628.4660513111712
1897.0	12389.259079645883	-1542.343710657415
1898.0	12447.375364569132	-1614.1064575821417
1899.0	12375.089162022361	-1527.632393481389
1900.0	12386.380378190059	-1635.7719801335306
1901.0	12432.43282289666	-1585.5555237586943
1902.0	12404.756796370144	-1598.6000315338106
1903.0	12418.778414571025	-1584.7834891316795
1904.0	12403.526838762393	-1556.9369969397274
1905.0	12198.991322595064	-1743.5584635608086
1906.0	12149.026330410377	-1655.8143974082357
1907.0	12368.754304817987	-1751.8566615469836
1908.0	12203.211797267875	-1639.8566191702366
1909.0	12414.204217176242	-1608.2637934850702
1910.0	12389.811975200037	-1556.0533207938151
1911.0	12356.197703817792	-1552.0721677656502
1912.0	12375.57568162598	-1541.3797915954926
1913.0	12346.158184623468	-1541.9017278562008
1914.0	12331.25204099549	-1487.126800671642
1915.0	12360.817609497108	-1526.2847745936344
1916.0	12316.780844689014	-1493.4212817616697
1917.0	12345.655971899903	-1508.9755186768025
1918.0	12017.533320587747	-1618.4695186310275
1919.0	12002.577980291413	-1480.2567094429521
1920.0	12550.047804140797	-1740.8906954674383
1921.0	12539.973666236774	-1785.4255357214045
1922.0	12521.008623120006	-1712.6588060545191
1923.0	12328.959783821274	-1520.621285557607
1924.0	12261.616814415936	-1439.3458743110243
1925.0	12314.494080401235	-1513.0092435794659
1926.0	12374.588724177696	-1571.6316480106682
1927.0	12379.057328432269	-1591.1261403906954
1928.0	12290.388733475209	-1719.7274036400931
1929.0	12328.904757187855	-1539.75230502826
1930.0	12367.819068336115	-1616.7052184111978
1931.0	12354.657850815354	-1568.614414044426
1932.0	12431.550049589621	-1629.5536106922957
1933.0	12394.968999020004	-1589.2077680233072
1934.0	12411.90954497394	-1624.656220229392
1935.0	12377.467900027352	-1718.084561526344
1936.0	12461.241651947605	-1658.7014471804416
1937.0	12414.71873656842	-1672.5619392388455
1938.0	12356.755674102897	-1686.0155537841447
1939.0	12434.80643965894	-1651.1328115638798
1940.0	12459.674513802935	-1738.8456873301145
1941.0	12444.879115855592	-1709.6954370576984
1942.0	12494.76186989787	-1706.7627716744516
1943.0	12469.392531142812	-1685.4978936605914
1944.0	12508.062012474338	-1749.963755509917
1945.0	12540.202672346624	-1731.6136434306734
1946.0	12295.073742822926	-1519.8012916353925
1947.0	12300.316858044875	-1469.91123452607
1948.0	12087.809959966695	-1498.5592690841297
1949.0	12186.393298438523	-1434.7774957474342
1950.0	12287.349447801878	-1502.3360234577524
1951.0	12069.987295477966	-1539.1585160952352
1952.0	11983.036042311714	-1571.2476756498702
1953.0	12124.57861877	-1499.6921739343886
1954.0	12149.951095703187	-1527.6868631223495
1955.0	12307.033692654195	-1554.9641915854743
1956.0	12108.020043571385	-1579.0244449580248
1957.0	12248.67343393091	-1412.2502660107127
1958.0	12247.07105821439	-1449.0116825555315
1959.0	12283.640526739598	-1463.9043532120186
1960.0	12151.2151849933	-1566.4198871348806
1961.0	12249.770065956705	-1580.1932158460756
1962.0	12186.98152140993	-1482.4716254001987
1963.0	12385.933179715224	-1662.0984982714
1964.0	12333.042439311583	-1586.067337110776
1965.0	12169.811768402928	-1461.6257812534086
1966.0	12268.600380712081	-1477.5040834151625
1967.0	12250.83542942197	-1470.7154099192912
1968.0	12287.668381709313	-1542.6252201707478
1969.0	12323.714121198953	-1675.558737964817
1970.0	12341.735052577767	-1614.6636490975206
1971.0	12205.470111073584	-1533.422859093658
1972.0	12307.41511140463	-1579.5040661113433
1973.0	12280.07993035473	-1628.4975375806787
1974.0	12260.630372665495	-1549.1835210128181
1975.0	12270.475522561632	-1499.716461740266
1976.0	12318.998161274592	-1638.4231261488922
1977.0	12230.91557681756	-1484.7394270544692
1978.0	12223.988538601154	-1447.7347157489376
1979.0	12189.710087297137	-1570.7616835679607
1980.0	12246.257923796225	-1656.5397668506919
1981.0	12277.189493750955	-1598.1747895298743
1982.0	12209.614376032128	-1593.8328162164246
1983.0	12251.161808538862	-1523.7400307599762
1984.0	12229.366814084899	-1515.5516695700508
1985.0	12212.82580778724	-1471.1827092615856
1986.0	12181.174587428939	-1513.8995327166895
