1.0	14141.242159414667	-2752.8294929509434
2.0	14172.029658938663	-2729.3127430166664
3.0	14202.080250292065	-2706.141047879773
4.0	14233.637402403234	-2682.6935406746015
5.0	14265.411891546091	-2659.1131295317437
6.0	14297.186380688947	-2635.5327183888876
7.0	14328.960869831804	-2611.9523072460306
8.0	14530.374596095644	-1929.5427874148716
9.0	14549.623662479085	-1942.9864529530694
10.0	14589.335161720772	-1944.86952698324
11.0	14629.047920837622	-1946.7137591752526
12.0	14668.766543214753	-1948.5152215983162
13.0	14748.199922750246	-1951.9964067439766
14.0	14827.631929014677	-1955.34091404887
15.0	14867.347062387204	-1956.9717313942874
16.0	14967.102360374973	-1948.5044544709663
17.0	15046.318213080029	-1951.9450410992715
18.0	15065.781342081633	-1965.3026634689984
19.0	15106.612525029917	-1969.3444235721372
20.0	15154.11058720033	-1996.1401855880285
21.0	15204.465803225086	-1962.2680011017535
22.0	15241.52125662449	-1955.525991044093
23.0	12933.476762981225	-1976.736819572561
24.0	12958.159318007534	-1979.2014063596034
25.0	12990.437921894356	-1970.1280957396982
26.0	13089.356988654637	-1965.1910669355009
27.0	13323.186416262046	-1928.0893679608082
28.0	13362.305408057679	-1924.0792413170273
29.0	13401.50958767873	-1920.6805709731682
30.0	13677.405861530182	-1910.8676787369168
31.0	13716.95342183845	-1911.0077471540742
32.0	13756.52221995729	-1911.419589216954
33.0	13796.109568592112	-1912.0673138235616
34.0	13835.718120923071	-1912.9140503240772
35.0	13875.346634032767	-1913.9216507638018
36.0	13936.564554735642	-2635.6093876621358
37.0	13993.838905259363	-2654.8496971048976
38.0	14027.879694425255	-2674.608113965193
39.0	14062.032600838458	-2694.1556598939183
40.0	14107.397446080797	-2734.0344315369825
41.0	12946.962399269154	-1987.5035490317434
42.0	15051.324018587613	-2091.33141413557
43.0	14987.799634773044	-2138.608533765873
44.0	12981.079503431443	-2008.526892650957
45.0	14892.476167344474	-2209.3497671944447
46.0	13013.88754287821	-2024.958003042442
47.0	14828.92718905876	-2256.510589480158
48.0	13044.785435362304	-2051.1768571018542
49.0	13077.232358597792	-2074.5261976087622
50.0	13109.829908586624	-2096.6283750236603
51.0	13142.639657657412	-2118.5134303615537
52.0	13175.573173348943	-2140.2922192244937
53.0	14638.280254201616	-2397.9930563373014
54.0	13208.544769662925	-2162.0584671984743
55.0	14606.50576505876	-2421.5734674801574
56.0	13241.513326643422	-2183.899091469951
57.0	14574.731275915903	-2445.1538786230153
58.0	13284.159789323288	-1932.7475467296736
59.0	13274.418578000013	-2205.8121924066363
60.0	14542.956786773044	-2468.7342897658727
61.0	13307.280258708592	-2227.7865958651964
62.0	14511.182297630186	-2492.31470090873
63.0	13340.101861304318	-2249.80276940029
64.0	13372.899039794242	-2271.8417406701356
65.0	14479.407808487333	-2515.8951120515867
66.0	13405.686386092306	-2293.888162860326
67.0	13438.471113846943	-2315.929850361605
68.0	14447.633319344473	-2539.475523194443
69.0	13471.258774780757	-2337.947515024505
70.0	13504.06771025869	-2359.927186842318
71.0	13536.906792881346	-2381.8510870389478
72.0	14415.858830201616	-2563.055934337301
73.0	13569.787002266945	-2403.7038444058257
74.0	13602.718031211041	-2425.469354739299
75.0	13635.71126692913	-2447.1333355021443
76.0	14384.08434105876	-2586.636345480158
77.0	13668.77062730383	-2468.6725286826295
78.0	13701.914348901779	-2490.0769656682037
79.0	13735.14876159395	-2511.3426673651034
80.0	13768.473383427261	-2532.462800238649
81.0	13801.889144092243	-2553.4268878534003
82.0	13835.40448928764	-2574.230145962623
83.0	13869.02180324356	-2594.8674758503334
84.0	13902.741606332309	-2615.3311880203705
85.0	14600.002898602279	-2379.6126963722086
86.0	14509.920634863565	-1941.071194170954
87.0	14670.054743344474	-2374.4126451944444
88.0	14701.829232487331	-2350.8322340515865
89.0	14733.603721630187	-2327.2518229087304
90.0	14765.378210773044	-2303.6714117658726
91.0	14797.152699915903	-2280.0910006230156
92.0	14708.483362111474	-1950.2745385175301
93.0	14860.701678201616	-2232.930178337301
94.0	14787.915829606492	-1953.6838925867044
95.0	14924.250656487331	-2185.7693560515877
96.0	14956.02514563019	-2162.1889449087303
97.0	14907.049326690312	-1958.5863161090808
98.0	15019.573935713306	-2115.0278690209325
99.0	14986.729048454246	-1962.5330493051995
100.0	15083.128831284774	-2067.875020248945
101.0	15115.039442276242	-2043.679226845871
102.0	15145.334848455464	-2016.4865351816109
103.0	15178.796801316292	-1998.62457783499
104.0	15220.338263862584	-1971.2462651393314
105.0	14163.386814848212	-2751.2905074741952
106.0	14096.305933514062	-2713.4895386654375
107.0	13970.502611517606	-2655.700749752347
108.0	14193.654743233308	-2727.985908399615
109.0	14166.73037952218	-2685.4845690861907
110.0	14225.211895344473	-2704.538401194444
111.0	14133.57556880918	-1910.6696786316359
112.0	14194.542860518211	-2663.8450826411504
113.0	14256.98638448733	-2680.957990051586
114.0	14288.760873630186	-2657.377578908729
115.0	14320.535362773044	-2633.797167765873
116.0	14282.258007173708	-2615.416807800779
117.0	14292.276911855764	-1917.9355971030054
118.0	14352.309851915903	-2610.216756623015
119.0	14411.313862189405	-1923.7275856109154
120.0	14570.069206199341	-1931.4431829822452
121.0	14608.423507171135	-2357.761235161086
122.0	14609.772886897808	-1933.3074216906825
123.0	14649.470559185216	-1935.1302932675917
124.0	14689.182138548998	-1936.9088555853687
125.0	14790.64983345942	-2238.130229515066
126.0	14768.592490256879	-1940.3504494397137
127.0	14848.004995370517	-1943.666805395081
128.0	14879.568546271863	-2125.9973022606814
129.0	14887.704348359928	-1945.2893751859326
130.0	14949.362512114707	-2119.6687897926545
131.0	15026.245320546741	-1964.3756171003054
132.0	14927.404608793264	-1946.90080201389
133.0	14941.490669189507	-2075.3657186561027
134.0	15020.684376631876	-2049.244926507768
135.0	15086.318751675326	-1953.367785156419
136.0	15165.593882884583	-1956.5411999291737
137.0	15126.849429147012	-1957.5961371810663
138.0	15122.127717303136	-2017.6144234560525
139.0	15184.107333440697	-1973.9260397021742
140.0	15146.188633025167	-1970.8952087674088
141.0	12974.987582180218	-1986.9109735610284
142.0	13027.851614722327	-1966.4350261255051
143.0	13004.358545655496	-2005.3082501108809
144.0	13010.17539991111	-1981.2341058528648
145.0	13067.543974703642	-1956.6645733378664
146.0	13037.012836057256	-2025.3397856293986
147.0	13049.398681024699	-1975.4017079583218
148.0	13145.763373846028	-1941.477926925918
149.0	13076.315643326061	-2008.3856780382891
150.0	13184.777064728007	-1934.7700027566746
151.0	13106.799879972954	-1948.6052204186772
152.0	13105.533800291852	-2035.270767945595
153.0	13223.848637068857	-1928.5531619971682
154.0	13128.525009356226	-1957.3187033073025
155.0	13262.982178816668	-1922.9010330426272
156.0	13167.382502236267	-1950.4186381268867
157.0	13206.271168979152	-1943.9757744120488
158.0	13245.196848705864	-1938.0607433439482
159.0	13341.455649322046	-1913.5318901801102
160.0	13459.714835070243	-1904.1323048780262
161.0	13278.794435659789	-2163.584075597506
162.0	13499.233835583225	-1902.0919332866106
163.0	13380.814921710544	-1909.8141753520379
164.0	13538.784595344501	-1900.5357332974447
165.0	13420.238586165799	-1906.6936688991475
166.0	13578.36388656318	-1899.4259213536595
167.0	13440.783957565693	-1917.8551470900093
168.0	13377.448972999913	-2229.6367145540894
169.0	13617.966924676293	-1898.7223551343375
170.0	13480.11776483154	-1915.5656295435335
171.0	13410.245773207353	-2251.6766305206543
172.0	13657.586976921508	-1898.3857442308663
173.0	13519.49949488049	-1913.776074678886
174.0	13443.038006528055	-2273.715852059935
175.0	13558.922730170088	-1912.4509256682152
176.0	13598.385834997802	-1911.5512254344794
177.0	13637.882315199757	-1911.0363646396609
178.0	13697.220539943582	-1898.3780861693674
179.0	13736.86504348957	-1898.6615484724573
180.0	13935.202672253756	-1903.1642779385754
181.0	13776.518148066874	-1899.1987788189663
182.0	13974.878551734417	-1904.4768998031561
183.0	13816.178257204467	-1899.9532295262886
184.0	14014.553650223736	-1905.8928217098362
185.0	13855.849042390852	-1900.886735529828
186.0	14054.228067390502	-1907.4029869250517
187.0	13895.525725807607	-1901.9640058093403
188.0	14093.901966558571	-1908.9983096685835
189.0	13738.79625811037	-2469.039109429415
190.0	13914.984928846066	-1915.0607575109652
191.0	14314.032496316562	-2591.8363966579223
192.0	13771.940861256191	-2490.1453129698048
193.0	13954.626034800285	-1916.3171049706968
194.0	14173.242693015158	-1912.4111648549078
195.0	13994.269158491445	-1917.6810434710567
196.0	14212.92746778	-1914.2077830641826
197.0	14033.914411858348	-1919.1435675411788
198.0	14252.593062459579	-1916.0516457064286
199.0	13938.988544094458	-2593.2200943845887
200.0	14073.561927209492	-1920.6956712587655
201.0	13959.905350607036	-2634.8906022838437
202.0	14004.552287912304	-2675.5978883688044
203.0	14038.713691758727	-2695.289758113097
204.0	14139.63217918714	-2708.694857226727
205.0	14040.414298379672	-2652.8652562169377
206.0	14072.994275401628	-2714.7698487754183
207.0	14075.55279784892	-2671.9752167748134
208.0	14130.01964738673	-2732.359535506011
209.0	14107.973182647378	-2691.409650975768
210.0	14957.591743127181	-2097.941181987068
211.0	15064.094174306489	-1988.8763034866672
212.0	14996.224953629207	-2116.763419643948
213.0	14747.126567068926	-1976.9908951419402
214.0	14932.676163546092	-2163.924495531746
215.0	14866.33079100029	-1981.9695550044726
216.0	14837.352696117518	-2234.665728960316
217.0	14786.863710753896	-1978.683227159426
218.0	13053.729545741917	-2002.4824828725993
219.0	13093.797792559839	-1989.8313967216466
220.0	13068.073282798936	-2052.1404043625157
221.0	13133.290645376588	-1981.8757473034193
222.0	13100.546367171337	-2075.2345027582837
223.0	13171.484341631061	-1975.8081062568624
224.0	13133.176188445423	-2097.165418204334
225.0	13325.950710126373	-1953.0676827659393
226.0	13210.215271947747	-1968.7771943882024
227.0	13166.013673067762	-2118.96361376645
228.0	14371.632267385014	-1921.7836828281477
229.0	13198.959598827081	-2140.722793005985
230.0	13248.788103438214	-1962.9256283153375
231.0	14331.948483777102	-1919.8484924760971
232.0	14614.931272117521	-2399.728606960316
233.0	13231.948397881788	-2162.532443127911
234.0	13403.48979728575	-1945.7234203390938
235.0	14583.156782974662	-2423.309018103173
236.0	13302.176581700454	-1917.885489106985
237.0	13245.785401452546	-2141.54959188633
238.0	13264.911352346031	-2184.4273591619453
239.0	13442.409621221894	-1942.917113790618
240.0	13364.664379629801	-1949.0943526675019
241.0	14551.382293831804	-2446.889429246031
242.0	14389.64027771401	-1960.2460897998455
243.0	13297.81353424274	-2206.386891211294
244.0	13311.736923304154	-2185.5693354903333
245.0	14519.60780468895	-2470.4698403888883
246.0	13344.622305217223	-2207.59637539758
247.0	13330.66717995223	-2228.394781708182
248.0	13481.412978620285	-1940.6393890790248
249.0	13598.828696172086	-1936.6357085492311
250.0	13363.480356151937	-2250.428669069212
251.0	14487.833315546091	-2494.0502515317453
252.0	13638.093704944413	-1936.1185435440493
253.0	13396.274193681938	-2272.471756087172
254.0	13520.485922519716	-1938.8569605610228
255.0	13677.409760260909	-1935.9447610858567
256.0	13429.062307230304	-2294.514689139627
257.0	13559.623431882757	-1937.5350514031572
258.0	14392.509848117517	-2564.7914849603167
259.0	14456.058826403234	-2517.6306626746014
260.0	13716.773709550473	-1936.0777337748732
261.0	13461.844922813545	-2316.541280857146
262.0	13756.182068520493	-1936.4814700144568
263.0	13494.63268436891	-2338.533100050392
264.0	13795.630749462807	-1937.1213693416246
265.0	13527.44013023327	-2360.4736220347495
266.0	14231.016174620703	-1952.63822405931
267.0	14424.284337260375	-2541.2110738174592
268.0	13835.125618255266	-1937.9602595357399
269.0	13560.278457391454	-2382.347624180971
270.0	13874.664237111983	-1938.9615779511912
271.0	13593.157647957663	-2404.14017624119
272.0	13626.088079321	-2425.8374033355763
273.0	14191.384424728907	-1950.8177608946578
274.0	14360.735358974664	-2588.3718961031727
275.0	13659.074738927287	-2447.418137352899
276.0	13993.374185764864	-1942.7104163721303
277.0	13692.131198601754	-2468.863298644981
278.0	13725.275695685026	-2490.169746044627
279.0	13914.22510940626	-1940.0970647801296
280.0	14032.960426603555	-1944.16918146903
281.0	13758.509918582402	-2511.3344437452197
282.0	13953.795782655297	-1941.35006963292
283.0	14072.554646670205	-1945.7174445304745
284.0	13791.830853515794	-2532.3468456813403
285.0	13805.164993819119	-2511.0949816953403
286.0	13892.372855141452	-2594.405300612905
287.0	13825.24458030669	-2553.1985699488505
288.0	13908.260207560741	-2530.5854296123134
289.0	13858.7586812461	-2573.8866606203524
290.0	13926.085197602026	-2614.7419723223684
291.0	13905.392516444315	-2572.9556271395245
292.0	14441.130452887994	-2497.5147520864934
293.0	14113.211896556037	-1922.3283204413874
294.0	14472.904942030851	-2473.934340943637
295.0	14152.858111788157	-1924.0356607235842
296.0	14345.806985459421	-2568.255985515065
297.0	14504.679431173709	-2450.3539298007813
298.0	14192.518222750385	-1925.8059836949758
299.0	14377.581474602279	-2544.6755743722083
300.0	14232.179186357353	-1927.6256394146956
301.0	14409.355963745134	-2521.0951632293513
302.0	14271.84114611795	-1929.4888179568118
303.0	14568.228409459422	-2403.1931075150646
304.0	14311.510288000287	-1931.3864529560797
305.0	14450.9973388469	-1925.674054475445
306.0	14351.18084505189	-1933.3100440150502
307.0	14536.453920316564	-2426.773518657923
308.0	14390.862183628165	-1935.2486123963326
309.0	14508.7059595925	-1966.0605924812292
310.0	14490.680872836272	-1927.6160272776726
311.0	14430.544079544276	-1937.1917283264404
312.0	14470.227515128337	-1939.1354185645266
313.0	14627.899650183857	-1971.7038291414256
314.0	14548.42656112434	-1967.9764825314123
315.0	14646.705761260377	-2376.1481958174595
316.0	14678.480250403234	-2352.5677846746016
317.0	14588.163089458532	-1969.8577609527701
318.0	14710.254739546092	-2328.987373531745
319.0	14667.646667823072	-1973.504658159005
320.0	14695.326366030851	-2308.8714629436367
321.0	14805.578206974662	-2258.2461401031737
322.0	14742.029228688947	-2305.406962388888
323.0	14727.100855173705	-2285.2910518007798
324.0	14758.875344316562	-2261.710640657923
325.0	14773.803717831805	-2281.8265512460302
326.0	14728.879963651632	-1938.647246500191
327.0	14799.070442028276	-2216.278768303943
328.0	14869.127185260375	-2211.0853178174593
329.0	14854.198811745135	-2190.9694072293514
330.0	14808.291408775149	-1942.0217118531612
331.0	14900.901674403234	-2187.5049066746033
332.0	14862.619420313995	-2169.1179460182284
333.0	14917.74764721658	-2143.8083925021083
334.0	14964.450652688945	-2140.344084388888
335.0	14946.749482417037	-1960.1942494727484
336.0	14985.91081425309	-1987.6924440227012
337.0	15027.974848300917	-2093.0667111565017
338.0	15013.040707242819	-2072.943070379714
339.0	15007.082443499386	-1950.8396037624661
340.0	15059.755254729525	-2069.494273527371
341.0	15082.579414262096	-2003.854597580835
342.0	15044.049753831887	-2047.531426676357
343.0	15104.560355391834	-1996.2575959788844
344.0	15091.696189275302	-2045.4224973805292
345.0	13082.88678107803	-2032.2065280557506
346.0	13154.630849261186	-1991.4244390520105
347.0	15076.803523172459	-2026.954695592661
348.0	15026.387317800103	-1992.847494191424
349.0	14159.497535305527	-2707.1870502141314
350.0	14006.50142312843	-2633.18266062008
351.0	14663.551876887992	-2332.4518740864937
352.0	14685.849779790644	-2011.8976265873873
353.0	14735.521463742562	-2263.4395905896567
354.0	14469.003704560297	-1964.1267117277355
355.0	14703.746974599706	-2287.0200017325137
356.0	14429.320354040983	-1962.1851020296501
357.0	14671.97248545685	-2310.6004128753702
358.0	14657.0365272873	-2290.47428200253
359.0	14349.960791954085	-1958.3097923940843
360.0	14310.305082788362	-1956.391514670173
361.0	14526.755508332622	-2004.5253833641943
362.0	14448.549802775573	-1975.6587213418634
363.0	14270.653410919389	-1954.494256654327
364.0	14408.868230771963	-1973.7184367176378
365.0	14369.190308373052	-1971.7809086106947
366.0	14151.75478414466	-1949.0526736573574
367.0	14329.52322546737	-1969.8533025692248
368.0	14112.15704160962	-1947.3462552966182
369.0	14289.883971445282	-1967.9460975146133
370.0	14250.242315524369	-1966.0696690485581
371.0	13871.885845334138	-2552.5035298252556
372.0	14210.630658021872	-1964.2321449084786
373.0	13838.475756168134	-2531.8811985539774
374.0	14171.005567350183	-1962.439954988363
375.0	13895.168628634457	-2552.0346715818564
376.0	13861.762829237123	-2531.5296437726533
377.0	14051.286416238714	-1982.49670684159
378.0	13705.740473784259	-2447.790821788893
379.0	13828.454460257011	-2510.8576524725268
380.0	14011.780495170826	-1980.9989264109324
381.0	13672.77205558589	-2426.403040299065
382.0	13795.238466404371	-2490.021805477234
383.0	13639.859159530499	-2404.8725271258995
384.0	13762.100266693085	-2469.022899974476
385.0	13606.98831891697	-2383.2160918084846
386.0	13729.044186509629	-2447.873852196903
387.0	13574.159104527373	-2361.4611727106217
388.0	13696.077219144941	-2426.584954772707
389.0	13541.361096556111	-2339.6194562747455
390.0	13663.179663797235	-2405.1533622386332
391.0	13508.584606148761	-2317.705323813932
392.0	13630.319782379845	-2383.5803940969167
393.0	14328.31594529503	-1994.8714946469365
394.0	13475.817530723123	-2295.7327378207488
395.0	13597.498320362169	-2361.893308502771
396.0	13564.708406340105	-2340.110469808594
397.0	13531.940598361383	-2318.245244845855
398.0	14367.967922717047	-1996.7926254141291
399.0	14386.002083171137	-2522.8241131610857
400.0	13499.183304470187	-2296.311195751648
401.0	13618.953720129692	-1974.0330491063112
402.0	13466.419421054272	-2274.3224702455154
403.0	14407.645303337793	-1998.729904097225
404.0	14417.776572313995	-2499.2437020182274
405.0	13433.63366491547	-2252.2942002141162
406.0	13400.839236167629	-2230.254660588495
407.0	13502.66349431529	-1977.4015659696609
408.0	14434.6151032873	-2455.53716000253
409.0	14449.55106145685	-2475.663290875371
410.0	13368.025603417285	-2208.212408574564
411.0	13464.105605338174	-1979.4161538270819
412.0	14447.324789383432	-2000.669312464882
413.0	14481.325550599708	-2452.082879732515
414.0	14466.38959243016	-2431.956748859675
415.0	13287.348595242014	-1957.6766537546343
416.0	13335.158773035	-2186.170633833633
417.0	13425.65814847742	-1981.9351962387266
418.0	14513.100039742561	-2428.5024685896574
419.0	14498.164081573013	-2408.376337716818
420.0	13212.763898166231	-2119.8165000902604
421.0	13302.225050375184	-2164.151353121236
422.0	13387.33615635561	-1984.9907052884735
423.0	14544.874528885419	-2404.9220574467995
424.0	14529.93857071587	-2384.7959265739587
425.0	13269.23341352794	-2142.0729566639297
426.0	14561.71305985873	-2361.215515431101
427.0	14640.197996313991	-2334.180824018228
428.0	14576.649018028278	-2381.3416463039416
429.0	14506.282303796901	-2016.070464314842
430.0	14631.777387745135	-2356.032285229352
431.0	13236.186072572833	-2120.1693230411693
432.0	13179.850831796919	-2098.051874753052
433.0	13203.214631417248	-2098.474187295371
434.0	13147.135392272981	-2074.5640817817916
435.0	13137.277055829145	-2054.7054852447163
436.0	13170.436020214127	-2075.0003549256126
437.0	13116.006319898523	-1997.80259420094
438.0	13114.034310586301	-2055.9129494018816
439.0	14707.387224691352	-1975.2695122056773
440.0	14767.295952885419	-2239.8591794468007
441.0	14822.424322602279	-2214.5498183722084
442.0	14844.749570957114	-2018.4575268839978
443.0	14745.809166715333	-2177.5258717111906
444.0	14894.393766642583	-2145.5373424338427
445.0	14830.844931171136	-2192.698357161085
446.0	14885.973300887994	-2167.388996086495
447.0	14826.598533904818	-1980.3374246423716
448.0	14906.03612905877	-1983.5823772614397
449.0	14926.008488726438	-2121.3975472828593
450.0	14945.642735318572	-1984.9384329131265
451.0	14981.105202557583	-2096.771362461376
452.0	15006.406206551592	-2004.4708755710863
453.0	14974.552916209652	-2057.442203888441
454.0	14989.520043583587	-2074.912171061573
455.0	15044.77304255825	-2003.9905582080592
456.0	15052.530664284286	-2027.4443716100632
457.0	14128.677227014521	-2688.2898655680297
458.0	14250.371654178125	-2639.0151404715048
459.0	14098.181721545407	-2670.5095179666437
460.0	13972.687846622786	-2613.2958580502927
461.0	14064.768492723606	-2651.3664572457374
462.0	14243.42114058891	-2597.1310783367207
463.0	14029.74940973579	-2632.1879941357324
464.0	13928.664614127605	-2572.3596366092097
465.0	13995.947625402425	-2612.438969033978
466.0	13962.250397243828	-2592.4927654908047
467.0	14307.51714671587	-2549.8588045739575
468.0	13808.637485256477	-2468.7692775929904
469.0	14131.417386219264	-1960.7046264206394
470.0	13775.592774921433	-2447.834085353377
471.0	14091.839831072864	-1959.038017795523
472.0	14090.808961760682	-1984.0796682227647
473.0	13742.627666423126	-2426.743745477784
474.0	14052.266801596423	-1957.450374124611
475.0	13874.961038933021	-2510.147662428919
476.0	14012.704692242363	-1955.9478085387607
477.0	13841.75658537455	-2489.5407274706617
478.0	13972.29101124556	-1979.5952032470614
479.0	13973.153326862846	-1954.5392373664527
480.0	13933.61260066896	-1953.2335498699624
481.0	13894.083509447015	-1952.0402402658945
482.0	13709.74782683164	-2405.511703773415
483.0	13854.574142802267	-1950.9728719288798
484.0	13676.923811673347	-2384.136537292216
485.0	13815.106935407353	-1950.0534942560141
486.0	13644.130650767356	-2362.6165315768967
487.0	13775.69917750077	-1949.314715134532
488.0	13611.362087231098	-2340.9697145677374
489.0	13736.345179764796	-1948.7934158907585
490.0	13480.398531162755	-2253.504223022565
491.0	13578.617091043949	-2319.2227216726897
492.0	13697.044726386333	-1948.525155139106
493.0	13657.802265396895	-1948.5450054841942
494.0	13447.618941017872	-2231.4864511385026
495.0	13545.884517055887	-2297.3871166507192
496.0	13618.621175595234	-1948.8890171534779
497.0	13513.152445926622	-2275.4768104062982
498.0	13580.086492472348	-1974.7460334507489
499.0	13579.507449450133	-1949.5945302033533
500.0	13541.323187181251	-1975.8570809489902
501.0	13540.471724696397	-1950.7007449145237
502.0	13414.822412430474	-2209.446666403271
503.0	13501.515477011199	-1952.2465787042383
504.0	13381.994900012645	-2187.4024172779496
505.0	13462.635712515184	-1954.268031114126
506.0	13283.083705370706	-2121.2094661472547
507.0	13349.09942381113	-2165.3529758944537
508.0	13423.844459429014	-1956.798484965682
509.0	13385.154102889685	-1959.8721360684385
510.0	13316.130013948175	-2143.3162621068273
511.0	13249.868781176621	-2097.4834222943377
512.0	13346.578914758496	-1963.5253163357163
513.0	13308.129681483508	-1967.7929109370768
514.0	13311.120620194612	-1992.8527343446383
515.0	13216.395968747454	-2078.846265534264
516.0	13269.762239467744	-1972.6950250389775
517.0	13273.052440222187	-1998.3915722205556
518.0	13184.737648422562	-2054.177137427102
519.0	13231.3839947698	-1978.219466944711
520.0	13142.117339081693	-2031.533752653595
521.0	13196.329343869991	-2010.1948901192236
522.0	13192.823007091394	-1984.9608908628034
523.0	13158.292672986247	-2019.463923195699
524.0	13121.171189878565	-2019.4211154074267
525.0	15003.56746359258	-2029.6783746940393
526.0	14963.061974610864	-2021.414640876045
527.0	14965.17737907535	-1998.408032628846
528.0	14918.264597896094	-2076.971214359257
529.0	14925.284664063256	-1996.641046606627
530.0	14884.658331822013	-2020.3034821346494
531.0	14885.674879341472	-1995.2832599484766
532.0	14847.683462144443	-2148.9918151453876
533.0	14845.955328873742	-1993.6611395987677
534.0	14805.265478067158	-2017.2816988344428
535.0	14806.205894812689	-1992.017557019384
536.0	14766.467015722961	-1990.344272410398
537.0	14725.630750057499	-2013.643207840567
538.0	14726.710470550186	-1988.636708586302
539.0	14688.811016430154	-2266.8938708596743
540.0	14686.966125737192	-1986.8932658342046
541.0	14720.585505573014	-2243.3134597168155
542.0	14646.072479539476	-2010.1115335335624
543.0	14647.202413139768	-1985.1097997944537
544.0	14625.262038144441	-2314.054693145388
545.0	14606.287397313698	-2008.2879726471556
546.0	14607.452543981808	-1983.2857256263858
547.0	14527.96281946983	-1979.5222153034895
548.0	14566.517689018636	-2006.4224240788399
549.0	14567.70003258236	-1981.4214465301186
550.0	14593.487549001586	-2337.6351042882466
551.0	14488.242386997168	-1977.5967187511567
552.0	14078.714169381172	-2630.2892045796566
553.0	14354.227594028278	-2546.404524303942
554.0	14169.89545154143	-1987.470177031272
555.0	14117.72084748766	-2650.59246099283
556.0	14322.453104885419	-2569.9849354467988
557.0	13975.115781215505	-2570.8993258079404
558.0	14136.794193365387	-2661.9767215967327
559.0	14290.678615742561	-2593.565346589656
560.0	14008.6894588251	-2590.7729271157336
561.0	14217.360607654964	-2662.3758686321967
562.0	14258.792262746982	-2617.1636792603817
563.0	14042.366726738692	-2610.44468069432
564.0	14225.669352371098	-2640.542328948942
565.0	14178.752174594227	-2626.0816961261207
566.0	14187.688010214073	-2685.7654013688843
567.0	14172.420311401429	-2646.766978792381
568.0	13178.652502134717	-2029.0815896569711
569.0	13235.413055906896	-2003.1330686749482
570.0	14980.956666829594	-2035.9065513928533
571.0	14924.676748630898	-2022.9383062449367
572.0	14154.98198975466	-2660.6792321274893
573.0	14275.742657573013	-2573.4392157168168
574.0	14120.694513621149	-2611.7992330488382
575.0	14209.183468427143	-2621.326260291635
576.0	14339.291635858732	-2526.278393431101
577.0	13941.64418080956	-2550.8368806974636
578.0	14178.742682862496	-2583.8524729548258
579.0	14218.514648076098	-2599.766470890537
580.0	14251.950926846084	-2575.2580760042783
581.0	14284.160579977464	-2551.5841349122416
582.0	14555.19208450173	-2319.2303426679214
583.0	14546.036906423406	-2017.980628140839
584.0	14563.609753478684	-2297.3749203710327
585.0	14585.815599226704	-2019.8609855222612
586.0	14625.604569915455	-2021.707809901304
587.0	14765.396263275177	-2015.351994251203
588.0	14665.400388276232	-2023.5107526512966
589.0	14752.359994715871	-2219.733048573961
590.0	14784.10463121519	-2195.930633331514
591.0	14705.191158252115	-2025.2803722131255
592.0	14744.976094128457	-2027.0051162370103
593.0	14815.908712975106	-2172.5718759038314
594.0	14784.852541560582	-2028.9550908152899
595.0	14810.149040446488	-2131.434565475103
596.0	14824.452359242656	-2030.3979537426605
597.0	14818.026228463286	-2109.0352600603765
598.0	14904.411666106957	-2034.8998590859221
599.0	14864.108485564202	-2031.7861644758757
600.0	14911.0116484455	-2101.275435180427
601.0	14950.037001245975	-2056.7259319572786
602.0	14942.919415421728	-2034.2423007986351
603.0	13217.750669863437	-2018.9247953748597
604.0	13207.333797335565	-2057.600735493434
605.0	13256.107365329755	-2013.5357772271534
606.0	13244.002467934062	-2053.8818443006676
607.0	13349.156246295255	-1988.6186589900747
608.0	13280.223703866308	-2051.8850621155802
609.0	13293.629734707565	-2008.4330243437742
610.0	13331.51898037424	-2003.220848827859
611.0	13317.376713044201	-2041.4141282759167
612.0	13369.423764632485	-1999.306264541895
613.0	13407.48553980008	-1995.9787008321734
614.0	13353.538305624696	-2122.703106443099
615.0	13445.693203093282	-1993.2019477766182
616.0	13386.63464869699	-2144.8022291975726
617.0	13484.030888747367	-1990.9424990574032
618.0	13419.48511596368	-2165.9245814477867
619.0	13522.485402308661	-1989.1682838609115
620.0	13657.914759560284	-1973.6801159007052
621.0	13696.961274810652	-1973.6495587813758
622.0	13561.053937389826	-1987.8428906850193
623.0	13736.089161746431	-1973.9061493100814
624.0	13599.74028372876	-1986.93124374946
625.0	13775.293080169939	-1974.4155954846347
626.0	13638.538743642262	-1986.3976859133934
627.0	13814.576431777059	-1975.1406832978664
628.0	13677.438802848616	-1986.2042751446377
629.0	13853.939771682606	-1976.0471784310205
630.0	13615.822511416873	-2298.726505166502
631.0	13716.434239956428	-1986.3148708364658
632.0	13893.363148632221	-1977.106464769343
633.0	13648.506543283163	-2320.365950775194
634.0	13755.519953171299	-1986.6950837838815
635.0	13932.817858420136	-1978.2943907045835
636.0	13794.69414850168	-1987.3094387335789
637.0	13833.96074350531	-1988.1217550797319
638.0	13873.309505177529	-1989.1021089567803
639.0	13912.71000634264	-1990.2241301181991
640.0	14269.221682216012	-2531.4540429536337
641.0	13952.138724789183	-1991.4668763481493
642.0	14130.335356687405	-1985.7444823029848
643.0	13991.587673076037	-1992.8175001249103
644.0	14031.055844174312	-1994.2666320581802
645.0	14209.473881924683	-1989.2595841327027
646.0	14070.543392000314	-1995.8054276746946
647.0	13977.771661460412	-2528.5152208089607
648.0	13998.29506401714	-2570.036376449184
649.0	14000.876112921775	-2527.6497636821346
650.0	14109.037600448743	-2630.9809071349187
651.0	14031.86057355401	-2589.7733052604235
652.0	14044.555263034536	-2568.03464889986
653.0	14080.236219827006	-2588.3854273732168
654.0	14066.97729204014	-2610.0446901094456
655.0	14861.647627669276	-2054.115578838003
656.0	14744.166053069383	-2052.881809136834
657.0	14824.326635379557	-2150.7167950992566
658.0	14783.631992771087	-2054.226025945395
659.0	14792.522293593165	-2174.0752021425255
660.0	13222.669977041165	-2041.235092978939
661.0	14584.639740593675	-2044.9741468541858
662.0	13259.777470179193	-2041.974255248793
663.0	13239.62794410022	-2077.502677582322
664.0	13287.118818334884	-2077.1068395507077
665.0	14570.13098226318	-2339.360434626528
666.0	13273.318401899101	-2098.0002006228233
667.0	13371.267308343593	-2025.5988252575019
668.0	14538.356493120322	-2362.940845769383
669.0	14465.345045511414	-2039.1570434690154
670.0	13306.549691075546	-2121.885494066422
671.0	13310.929740793103	-2079.9941310220233
672.0	14402.840614144441	-2479.1175711453866
673.0	14506.58200397746	-2386.5212569122423
674.0	14385.97161940446	-2035.2872150375906
675.0	13409.544406255329	-2020.996057134588
676.0	13339.58253765328	-2143.9165865367454
677.0	14346.320651870059	-2033.364545331774
678.0	14167.671595435699	-2037.5642143538496
679.0	14474.807514834609	-2410.1016680551006
680.0	13447.324181511023	-2018.5377002500097
681.0	13372.532252588715	-2165.9687261617855
682.0	13523.497056908893	-2014.3940510688274
683.0	13405.401445858113	-2188.01872907225
684.0	13561.782232784624	-2013.0616514941175
685.0	13485.352364644436	-2016.169355416133
686.0	14443.033025691751	-2433.6820791979567
687.0	14288.681683249653	-1992.9658629771411
688.0	13438.214225572601	-2210.060887259817
689.0	13600.207711157584	-2012.138438527924
690.0	13471.002392738947	-2232.089855761371
691.0	13638.771245278338	-2011.5911137548192
692.0	14371.066125001586	-2502.6979822882463
693.0	14411.258536548892	-2457.262490340812
694.0	14249.075370644015	-1991.094631101358
695.0	13503.765782288041	-2254.0801052524484
696.0	13677.462803529403	-2011.3827652627142
697.0	13536.4976662997	-2276.012810273447
698.0	13794.235185281614	-2012.4369007024482
699.0	13569.21369995446	-2297.873579943706
700.0	14227.531481316657	-2027.725897065715
701.0	14315.935069120324	-2528.0037237693828
702.0	14379.484047406035	-2480.8429014836706
703.0	14347.709558263181	-2504.423312626528
704.0	13833.386379046826	-2013.2321136600965
705.0	13601.931556100148	-2319.649830639683
706.0	13716.273352765871	-2011.4771785303665
707.0	13872.636080819662	-2014.1982714277885
708.0	13634.662954173406	-2341.328635353431
709.0	13755.196904766019	-2011.8408107240114
710.0	13911.953833921414	-2015.3107135212394
711.0	13667.414175794123	-2362.891839659462
712.0	13681.197538640205	-2341.877463161294
713.0	13951.311114812117	-2016.546772938411
714.0	13700.186811148704	-2384.3129643533557
715.0	13732.994561384454	-2405.587464070482
716.0	13765.872246252218	-2426.720188089197
717.0	13798.832388336652	-2447.7039704644626
718.0	14030.10452338386	-2019.3342293494031
719.0	14069.538778335831	-2020.8669766054554
720.0	13831.86613778876	-2468.5255288092317
721.0	13990.69535214569	-2017.8912263497775
722.0	13864.976090981574	-2489.182292208378
723.0	13947.58835281179	-2466.1083471083703
724.0	13964.833494748093	-2550.1038987899783
725.0	13898.17563395632	-2509.6723065119786
726.0	13931.463662052549	-2529.9836292582354
727.0	14396.319638787441	-2437.1323983822026
728.0	14110.044142765577	-1997.4277616062052
729.0	14128.187534432725	-2035.8510441920905
730.0	14428.094127930302	-2413.5519872393493
731.0	14149.562638804045	-1999.122751582612
732.0	14300.996171358873	-2507.8736318107744
733.0	14189.11753282296	-2000.8754221617903
734.0	14332.77066050173	-2484.2932206679216
735.0	14228.69245364316	-2002.6906253363338
736.0	14364.545149644584	-2460.712809525064
737.0	14268.284177843409	-2004.5389841696551
738.0	14523.417595358871	-2342.810753810774
739.0	14307.895514420396	-2006.4294722104123
740.0	14466.562346509772	-2014.1440066236617
741.0	14347.53112612574	-2008.3397012752305
742.0	14459.868617073158	-2389.971576096494
743.0	14491.643106216012	-2366.391164953635
744.0	14387.194964623835	-2010.269273982867
745.0	14505.073516054123	-2041.0795537787174
746.0	14487.026042338783	-2002.6034225240646
747.0	14444.883331470694	-2050.7000304032094
748.0	14426.872413214676	-2012.2071605322556
749.0	14601.905471406038	-2315.7800234836714
750.0	14624.45877251707	-2046.7078557452458
751.0	14544.844819807759	-2042.983216046486
752.0	14633.679960548892	-2292.199612340812
753.0	14618.741062787441	-2272.0695203822033
754.0	14665.45444969175	-2268.6192011979565
755.0	14664.274715759748	-2048.516307092497
756.0	14650.5155519303	-2248.4891092393495
757.0	14760.748064476784	-2197.655963669798
758.0	14697.228938834605	-2245.038790055099
759.0	14704.092399387822	-2050.2833315205494
760.0	14682.290041073153	-2224.908698096491
761.0	14729.003427977465	-2221.458378912242
762.0	14714.064530216017	-2201.3282869536347
763.0	14901.441815431472	-2059.2722364076417
764.0	14856.212122347724	-2127.7228250404933
765.0	14840.73248359964	-2107.0484995796355
766.0	14887.925586564923	-2104.146240226515
767.0	14879.227623251607	-2067.0052738184963
768.0	13297.130893502248	-2033.4880362171589
769.0	13353.754724061268	-2038.4176017635755
770.0	14824.131191863373	-2057.030901928659
771.0	14872.964343835652	-2087.5750568162
772.0	14690.707710050112	-2203.0532757996
773.0	14658.933220907255	-2226.6336869424595
774.0	14642.867807057233	-2085.733531247564
775.0	14627.158731764399	-2250.214098085314
776.0	14602.771557387465	-2084.3553703336033
777.0	14306.691030061002	-2031.45606242326
778.0	14425.648256300294	-2037.2248416252294
779.0	14267.101500233046	-2029.575730691057
780.0	14405.197801204034	-2048.765526244923
781.0	14365.534103241987	-2046.8354105253966
782.0	14187.983103307422	-2025.9211986456166
783.0	14325.900986679955	-2044.9229289163277
784.0	14286.294521279897	-2043.029199711391
785.0	13944.51262951458	-2508.4657780941757
786.0	14246.731720707156	-2041.1666493521413
787.0	13911.3357939551	-2488.227982568327
788.0	14207.178480082643	-2039.34063234591
789.0	13878.24208836828	-2467.8053747984445
790.0	14148.473212213854	-2024.1710124213632
791.0	14236.66904890146	-2555.1568916566634
792.0	13845.229759564796	-2447.2132207669433
793.0	13812.290301197483	-2426.4560011796602
794.0	13934.469335021553	-2487.623254504602
795.0	13779.424623577126	-2405.5361135081143
796.0	13901.387196318514	-2467.3264210753337
797.0	13746.63549141941	-2384.4619572919787
798.0	13868.38620453729	-2446.8515020184404
799.0	13713.901345096194	-2363.242743376726
800.0	13835.459019893342	-2426.209000265901
801.0	13802.603065107176	-2405.4020414874926
802.0	13769.820973782991	-2384.4341641181986
803.0	13891.223692682637	-2052.4088599622823
804.0	13737.103290814091	-2363.3159760182825
805.0	13704.421708466922	-2342.0519398174183
806.0	13583.143266501726	-2276.9849875088353
807.0	13671.757602723199	-2320.639470500492
808.0	13550.45552716242	-2255.1526423961077
809.0	13639.096631657587	-2299.0837045163203
810.0	13517.73747921131	-2233.2417711809
811.0	13606.437612907941	-2277.410803764639
812.0	13484.983393317127	-2211.267314282693
813.0	13573.771944465874	-2255.6383563385098
814.0	14324.69347867692	-2069.9619585673513
815.0	14341.188329478684	-2462.437798371033
816.0	13452.1437635079	-2189.1430268187924
817.0	13541.08200371261	-2233.77830845741
818.0	13508.351228664202	-2211.8433474723383
819.0	14364.321694676504	-2071.8717164301124
820.0	14372.96281862154	-2438.857387228171
821.0	13475.529479531355	-2189.7460492187997
822.0	13543.313410625376	-2052.4659233512925
823.0	13442.835620471336	-2166.4346583377833
824.0	14403.972926270419	-2073.795314116724
825.0	14389.79332164055	-2395.1400275831575
826.0	14404.7373077644	-2415.276976085314
827.0	13410.180966226488	-2144.1417726892723
828.0	13468.447510160584	-2055.101296497116
829.0	14421.567810783405	-2371.559616440308
830.0	14436.511796907254	-2391.6965649424606
831.0	14523.273359899269	-2079.7340699676975
832.0	13344.13140090621	-2101.780807960064
833.0	13377.157587890824	-2122.972998836594
834.0	13431.710266250864	-2060.0799437084133
835.0	14468.28628605011	-2368.116153799604
836.0	14453.342299926257	-2347.9792052974512
837.0	13320.595310062161	-2101.563520013306
838.0	13334.273914429148	-2026.7272308857525
839.0	14500.060775192964	-2344.535742656742
840.0	14485.116789069114	-2324.3987941545856
841.0	14516.891278211979	-2300.8183830117277
842.0	14595.38424262154	-2273.794509228172
843.0	14531.835264335828	-2320.9553315138846
844.0	14502.782214543513	-2091.297558090527
845.0	14586.966573644584	-2295.6499315250644
846.0	14708.403711941428	-2160.521475090092
847.0	14722.48219919297	-2179.472864656746
848.0	14777.496953216549	-2151.779729288088
849.0	14738.856774582484	-2133.4578859589237
850.0	14754.140393077121	-2153.505068518469
851.0	14803.723761898378	-2069.1855821505465
852.0	14780.432219176044	-2106.683116678599
853.0	14786.70577766542	-2130.9941734252407
854.0	14841.967545682908	-2067.4198894321235
855.0	14849.127664794505	-2088.7517933895083
856.0	14164.70768248423	-2608.5912276678227
857.0	14239.099248659033	-2491.270225307465
858.0	14011.117229011094	-2548.375492304396
859.0	14103.630010340443	-2589.4482677573483
860.0	14195.325438596987	-2537.2955413091117
861.0	14068.320344006084	-2567.0467615975276
862.0	13967.631314983906	-2507.730351552386
863.0	14034.20631329958	-2547.3733866103817
864.0	14230.34343443381	-2513.161070266582
865.0	14108.985747101084	-2022.4860626565596
866.0	14088.745952431707	-2034.1995182038793
867.0	13914.616582592766	-2445.8849346197335
868.0	14049.330481783778	-2032.6258530635732
869.0	13881.71538225492	-2425.476817564545
870.0	14009.936853450026	-2031.1402499270225
871.0	13750.790418765448	-2342.190609311708
872.0	13848.88313966034	-2404.8987275432896
873.0	13970.571080338144	-2029.7488260621903
874.0	13931.234076021841	-2028.4608706978859
875.0	13718.177529645887	-2320.981200601533
876.0	13816.122508716406	-2384.156335346618
877.0	13891.933551853132	-2027.2892106433917
878.0	13685.576196266687	-2299.6235294002167
879.0	13783.432612506964	-2363.251988408962
880.0	13852.691982866256	-2026.253699482393
881.0	13652.96983371819	-2278.1180876950743
882.0	13852.077318173275	-2051.3890116886746
883.0	13813.543104098508	-2025.3785038470999
884.0	13813.038429355387	-2050.532759975779
885.0	13774.13395256458	-2049.8643963786867
886.0	13774.511068544596	-2024.688784393634
887.0	13735.6052261506	-2024.2141839441122
888.0	13620.352048868875	-2256.483335977406
889.0	13696.824388300884	-2023.9903565933537
890.0	13587.718175171023	-2234.744205081659
891.0	13658.171261877147	-2024.0520338602075
892.0	13555.045517443366	-2212.9105037958275
893.0	13619.653649194594	-2024.4336717262006
894.0	13457.08118816246	-2143.8817565475365
895.0	13522.327564116647	-2190.9967610897534
896.0	13581.28221529597	-2025.1719890383113
897.0	13543.063137176274	-2026.301608966004
898.0	13489.226035225254	-2169.5110292737086
899.0	13505.200249156542	-2053.6771550619173
900.0	13504.996624812587	-2027.8541895363062
901.0	13423.044625236684	-2118.760115835323
902.0	13467.058059652982	-2029.978762659203
903.0	13389.533430628648	-2102.129458575488
904.0	13429.347993350408	-2032.2883050145326
905.0	13358.303392865264	-2078.616011643949
906.0	13391.238566521964	-2036.300622306495
907.0	13394.789645839317	-2060.2655768345944
908.0	13324.280445866481	-2062.6984456456544
909.0	13348.118007094594	-2061.1030383208213
910.0	14801.160913566482	-2092.5839899769403
911.0	14762.728748163461	-2095.5583051879416
912.0	14763.365673426604	-2066.4996222811315
913.0	14723.290421488076	-2090.0430307116517
914.0	14723.721950134126	-2064.5228600478144
915.0	14675.78060958434	-2181.28961036823
916.0	14683.625348409865	-2061.9061403360115
917.0	14702.290899505218	-2100.7852253430033
918.0	14643.994183930618	-2206.5034073920738
919.0	14543.177028381739	-2094.5637749894263
920.0	14643.801009624609	-2060.1171338187037
921.0	14612.08135609689	-2229.6201423893776
922.0	14603.965741282285	-2058.4011798230217
923.0	14524.354633974197	-2054.537060733717
924.0	14580.440256497683	-2253.657560726016
925.0	14564.149743769965	-2056.5381733164118
926.0	14548.665767354832	-2277.2379718688812
927.0	14484.59995359765	-2052.625548833293
928.0	14309.41384033583	-2486.018209513886
929.0	14166.55813167728	-2062.6324787037915
930.0	14118.281249254773	-2568.7850699051883
931.0	14277.63935119297	-2509.598620656742
932.0	14013.772579345348	-2505.9917174818306
933.0	14202.118354621447	-2579.7831520120253
934.0	14245.521881866936	-2533.207939410594
935.0	14046.982452810444	-2525.6381215513434
936.0	14211.742969189632	-2557.0465751105944
937.0	14081.903065920002	-2545.4472710561536
938.0	14743.097599160188	-2107.4606627074813
939.0	14685.058942498703	-2160.613231955611
940.0	13380.086140321575	-2078.6947698658773
941.0	14294.46985421198	-2465.881261011731
942.0	13980.64013997015	-2486.1443551419434
943.0	14160.191015155833	-2565.560493380259
944.0	14205.07307087569	-2515.358988711169
945.0	14163.140254130345	-2499.0150135460012
946.0	14262.695365069116	-2489.461672154585
947.0	14510.292661352178	-2258.5923159168583
948.0	14563.563226418875	-2082.921723025371
949.0	14582.859039347759	-2097.311887073727
950.0	14622.331386054868	-2098.278443684687
951.0	14682.255377173313	-2086.8878634946277
952.0	14661.971541955818	-2099.114427679973
953.0	14716.44706096915	-2138.5272995849905
954.0	13415.45775847314	-2072.7526503565687
955.0	13411.87415044501	-2098.5770320825177
956.0	13451.075904919087	-2071.4518727818036
957.0	13446.594342665	-2117.9900228035913
958.0	13486.94543949599	-2067.1148547796574
959.0	13481.90272935605	-2093.642953220249
960.0	13581.899531881782	-2050.517689694169
961.0	13620.019942793033	-2049.6931792725713
962.0	13523.950954701942	-2066.3813309797265
963.0	13658.3142416633	-2049.291854448886
964.0	13562.649822819532	-2064.5716665352634
965.0	13696.769918052776	-2049.2098200607993
966.0	13601.191321341832	-2062.7436467301522
967.0	13735.376256966762	-2049.4126288530083
968.0	13639.280518662932	-2062.090441889868
969.0	13624.856768218428	-2213.9890990419917
970.0	13677.55131306745	-2061.8420493188387
971.0	13715.989913333928	-2061.895086906708
972.0	13754.590819602163	-2062.21486761796
973.0	13793.353394558473	-2062.76676881618
974.0	13930.444538366175	-2053.5698433880566
975.0	13969.713014642979	-2054.8499128401204
976.0	13832.267039610722	-2063.521681995057
977.0	14009.01695231729	-2056.2339573197564
978.0	13871.311556956187	-2064.453232952961
979.0	14048.354466042814	-2057.712242865085
980.0	13910.454437095255	-2065.5393355303004
981.0	14087.713521455533	-2059.281266924746
982.0	13949.663511461287	-2066.7568324065123
983.0	14224.143353921425	-2471.094736322378
984.0	14127.120057269609	-2060.9222045380643
985.0	13885.381616475608	-2383.141573312719
986.0	13988.917385317793	-2068.086020520442
987.0	14028.20860651016	-2069.5143265436495
988.0	14206.038019172172	-2064.3988389180818
989.0	14067.530331618693	-2071.0351151278337
990.0	14016.652763293518	-2463.601663147331
991.0	14109.619636709176	-2502.9204064012038
992.0	14039.607323929818	-2462.5763537132457
993.0	14036.78983494553	-2504.982181045054
994.0	14150.36659347046	-2523.315197117684
995.0	14070.914124459314	-2524.699893299447
996.0	14167.14915632214	-2541.7401386359757
997.0	14108.470180655253	-2546.1227389796827
998.0	14542.908039056034	-2120.541274836714
999.0	14525.30411225403	-2278.956445663613
1000.0	14493.529623111166	-2302.5368568064605
1001.0	14421.987017191737	-2112.338137859862
1002.0	14461.755133968303	-2326.117267949326
1003.0	14358.018832497683	-2418.720438726014
1004.0	14429.980644825453	-2349.697679092189
1005.0	13458.614734230277	-2097.1164703939944
1006.0	13531.486668173267	-2107.453789499006
1007.0	14398.206155682601	-2373.2780902350405
1008.0	14285.108022283997	-2068.0781011513836
1009.0	13480.085886892915	-2146.3551050834544
1010.0	13495.938778331472	-2104.9690083287255
1011.0	13564.23271184715	-2088.891638643211
1012.0	13512.65628446347	-2170.185707955017
1013.0	13518.07708892114	-2130.9422533464767
1014.0	13602.188194766546	-2089.602146428181
1015.0	14326.24434335483	-2442.3008498688823
1016.0	14366.431666539736	-2396.8585013778898
1017.0	14245.555879592843	-2066.21870645421
1018.0	13545.67732839451	-2191.527380136733
1019.0	13639.625166129348	-2086.0190705083946
1020.0	13578.365271598328	-2213.3906864776745
1021.0	13715.86619301272	-2087.1656513674448
1022.0	13611.003933167805	-2235.163368464752
1023.0	13754.306374933136	-2087.458241849635
1024.0	13677.614763287393	-2087.137227105051
1025.0	14184.608080074975	-2101.145637514691
1026.0	14271.108199111171	-2467.599734806463
1027.0	14334.657177396875	-2420.4389125207567
1028.0	14302.882688254029	-2444.0193236636155
1029.0	13643.610149438407	-2256.8334205580245
1030.0	13792.928554645114	-2087.984365257807
1031.0	13657.50390930748	-2235.868645108607
1032.0	13676.198338887256	-2278.384392853673
1033.0	13831.720704085012	-2088.715712005105
1034.0	13708.771953362657	-2299.7907828451334
1035.0	13870.658861417478	-2089.627661853339
1036.0	13741.34429422652	-2321.0466374542666
1037.0	13909.70993102243	-2090.697625163763
1038.0	13773.93425809474	-2342.1544148761686
1039.0	13806.555705910325	-2363.1082316580037
1040.0	13839.233864573709	-2383.9000223161747
1041.0	14027.262959818261	-2094.6434753356602
1042.0	13948.842500315352	-2091.9035199967384
1043.0	13871.983057049421	-2404.528263590437
1044.0	13988.030726603401	-2093.2236849962555
1045.0	13970.64047229106	-2465.364874287501
1046.0	13904.80065236016	-2424.989203888948
1047.0	14066.525605455865	-2096.158309110603
1048.0	13918.102233500753	-2403.535972204641
1049.0	13937.68419801959	-2445.2715887164945
1050.0	13987.048964050935	-2401.3588442130936
1051.0	14003.676952870228	-2485.271178198214
1052.0	14319.69813432559	-2400.2816748553
1053.0	14106.885838961796	-2072.6389717233997
1054.0	14351.472623468462	-2376.701263712424
1055.0	14146.292271292317	-2074.310437117279
1056.0	14256.149156039895	-2447.4424971409985
1057.0	14383.24711261133	-2353.1208525695815
1058.0	14185.729178638532	-2076.04766956773
1059.0	14287.923645182758	-2423.8620859981615
1060.0	14415.012254955669	-2329.4308028936116
1061.0	14225.215179291874	-2077.836160739955
1062.0	14243.217953473611	-2116.3939701000104
1063.0	14446.796090897018	-2305.9600302838676
1064.0	14264.739160122832	-2079.6766892331184
1065.0	14304.297023062069	-2081.5439935142767
1066.0	14343.90073530154	-2083.4398808875135
1067.0	14443.666166800824	-2075.7258865423096
1068.0	14383.534335905359	-2085.3533088141075
1069.0	14483.389926161966	-2077.646543911123
1070.0	14423.20621669681	-2087.280485636131
1071.0	14478.570580039888	-2282.379619140994
1072.0	14462.207656403863	-2115.296004691592
1073.0	14462.917853405865	-2089.2038946859448
1074.0	14557.078601396875	-2255.3760345207575
1075.0	14542.17541348814	-2235.3763849130314
1076.0	14584.017699761176	-2127.166045285458
1077.0	14588.71970099608	-2231.3386161841117
1078.0	14573.607671001198	-2210.8814263239533
1079.0	14621.80151836456	-2123.2626845105647
1080.0	14620.499139286158	-2207.764873993028
1081.0	14604.286501051205	-2184.898961956884
1082.0	14661.210442198222	-2127.2375848513498
1083.0	14652.42390363075	-2183.0147531147354
1084.0	14637.214596398602	-2163.6427947928764
1085.0	14678.891741474494	-2137.498066287902
1086.0	14699.688363563997	-2123.2722709649
1087.0	14142.228006650017	-2604.820666400073
1088.0	14139.90450049714	-2576.5305849693486
1089.0	13495.363514740473	-2128.284588983063
1090.0	13549.915150585426	-2149.7604958935094
1091.0	14641.576839609328	-2138.8409292448187
1092.0	14612.572238463521	-2164.2655370340713
1093.0	14603.400350110567	-2139.193769371212
1094.0	14580.756687867055	-2186.2970404930757
1095.0	14564.452897506584	-2138.75338108439
1096.0	14518.751128544245	-2236.8741925144
1097.0	14501.599151447168	-2116.9328930488414
1098.0	14382.318765305236	-2110.420590889611
1099.0	14342.690705247793	-2108.510172566825
1100.0	14441.73677029375	-2126.875648771688
1101.0	14303.105823110163	-2106.624180913168
1102.0	14401.538156165223	-2123.920248415958
1103.0	14263.557975548536	-2104.7597260314783
1104.0	14361.896094022633	-2122.009290184928
1105.0	14322.292248671272	-2120.1124376455537
1106.0	14282.735637757802	-2118.241325348635
1107.0	14145.199271409501	-2099.4194738242736
1108.0	14105.84176761288	-2097.751785294477
1109.0	14260.341436367511	-2180.792050407843
1110.0	14224.058437746942	-2102.9283875873966
1111.0	13983.727879463651	-2443.7675525921427
1112.0	14203.760179063682	-2114.5890337124833
1113.0	14220.583685616342	-2178.5721293147762
1114.0	13950.881267806812	-2423.745628182662
1115.0	14164.344033230902	-2112.839483357747
1116.0	13973.872829771602	-2422.9850648791794
1117.0	13852.728309059472	-2362.5780088498304
1118.0	13941.115233520582	-2402.9057424015937
1119.0	14045.428713270374	-2133.1503839030665
1120.0	13820.143509825293	-2341.8506444871737
1121.0	13908.415522821704	-2382.63689560252
1122.0	13787.601613939012	-2320.958547923287
1123.0	13875.776143572291	-2362.190023799227
1124.0	13755.081860288754	-2299.9067744779463
1125.0	13843.204757117137	-2341.5767347094434
1126.0	13722.572345719882	-2278.7046948736083
1127.0	13810.687772266203	-2320.7985342852503
1128.0	13690.056104393356	-2257.3520998219774
1129.0	13778.195340671955	-2299.854879382506
1130.0	13745.715488065347	-2278.755249653688
1131.0	13811.598106003914	-2126.290320803107
1132.0	13713.234354130012	-2257.505148396996
1133.0	14281.547658002723	-2143.383687034642
1134.0	13680.721359093362	-2236.121019213961
1135.0	13592.25551537192	-2191.546186790199
1136.0	13648.098643788568	-2214.3442911052284
1137.0	13615.461253995236	-2191.725435971423
1138.0	13653.714700106191	-2122.115394042141
1139.0	13559.691489014962	-2170.7893747673284
1140.0	14321.096663660695	-2145.2435607714606
1141.0	14296.326257212275	-2401.986374537971
1142.0	13582.949921837406	-2170.3279987389483
1143.0	13629.044179650484	-2123.939893953163
1144.0	13519.732194016811	-2091.145085805943
1145.0	13584.47929433411	-2101.6961615001455
1146.0	13526.229710311802	-2149.687448128176
1147.0	14360.682386885157	-2147.131459230122
1148.0	14313.11476558391	-2358.212427310207
1149.0	14328.100746355121	-2378.4059633950915
1150.0	14344.889254726817	-2334.6320161673502
1151.0	14359.875235498002	-2354.8255522522327
1152.0	14400.326572946375	-2149.029949291908
1153.0	14391.640377842354	-2331.135502576272
1154.0	14408.556744018244	-2285.3729335771095
1155.0	14423.414866985191	-2307.555091433416
1156.0	14441.154388127614	-2152.597749876915
1157.0	14440.941553187577	-2264.7997606746453
1158.0	14455.198702926551	-2284.08431882366
1159.0	14520.975985612233	-2155.6136479811194
1160.0	14486.92078423885	-2260.2970155995063
1161.0	14471.875514908017	-2240.0252962600966
1162.0	14550.425038594063	-2213.2007212581307
1163.0	14122.787121462541	-2525.310008039885
1164.0	14194.581411372996	-2430.7332021071093
1165.0	14084.313754441197	-2502.9857595842955
1166.0	14049.64876910671	-2483.2363323273516
1167.0	14006.70335756603	-2442.877518395702
1168.0	14055.743301138733	-2398.2576933498276
1169.0	14073.241016953505	-2482.17813911849
1170.0	14185.398094356344	-2452.9808294489544
1171.0	14124.982986037869	-2111.1440548161368
1172.0	13921.797436850624	-2361.1542334499395
1173.0	14085.664723943786	-2109.5172744785928
1174.0	14084.644917971795	-2134.6918235435905
1175.0	13954.395639225562	-2381.350653894669
1176.0	14046.40409318809	-2107.9645856398656
1177.0	14007.184646911002	-2106.500770587581
1178.0	13889.255641812631	-2340.7744262600804
1179.0	13968.005344782652	-2105.1342649061603
1180.0	13856.77833294317	-2320.2258604267413
1181.0	13928.879021147412	-2103.874820611745
1182.0	13824.342618721028	-2299.5106028913538
1183.0	13889.826491071102	-2102.7415784961227
1184.0	13726.062629753316	-2237.9184521599
1185.0	13791.910575774971	-2278.7318842629898
1186.0	13850.878287108855	-2101.7574705991005
1187.0	13812.067253916319	-2100.9443864274535
1188.0	13694.736445282892	-2214.4882191207575
1189.0	13759.390717081396	-2256.96846402407
1190.0	13773.424667982188	-2100.3253670519885
1191.0	13660.839469752726	-2194.164541372749
1192.0	13773.091023855768	-2125.609129327628
1193.0	13734.968091976525	-2099.9265675454194
1194.0	13734.605155787636	-2125.501343246871
1195.0	13696.494481582995	-2124.925818153614
1196.0	13696.709647951511	-2099.775562307748
1197.0	13629.382445127905	-2168.8887552720867
1198.0	13658.722339349655	-2098.5156608536254
1199.0	13560.23139592658	-2130.1251307740235
1200.0	13594.500007399512	-2145.622055835867
1201.0	13621.361463684161	-2100.480307589127
1202.0	13549.955534905073	-2106.56361916122
1203.0	13581.557819918213	-2126.448066744761
1204.0	14562.749832331334	-2165.4161477270823
1205.0	14481.49666606362	-2129.373988875084
1206.0	14535.183875144381	-2194.670972387398
1207.0	14521.821307477216	-2131.3469047732992
1208.0	14502.574183636687	-2214.531409301153
1209.0	14123.143343972377	-2482.165568407901
1210.0	14264.551768069434	-2425.566785680812
1211.0	14163.242240134581	-2137.998270281985
1212.0	14189.670449260724	-2495.5034024663496
1213.0	14232.780427260232	-2449.1289455040337
1214.0	14052.55630084545	-2440.8010833175917
1215.0	14086.208365319015	-2460.191496472856
1216.0	14199.984918081238	-2473.129995036676
1217.0	13617.726792066693	-2144.0035631877804
1218.0	13672.391957675412	-2135.8872161394324
1219.0	14540.359652015797	-2171.4707846872257
1220.0	14482.499129503585	-2158.503391441313
1221.0	14149.084489385627	-2480.2549864748985
1222.0	14249.56578729825	-2405.3732495959334
1223.0	14161.027860791115	-2456.594209807525
1224.0	14019.768454560379	-2421.178874385701
1225.0	14123.79410538588	-2439.7322366571466
1226.0	14121.628371363537	-2398.0382788613065
1227.0	14217.805308436698	-2428.916576876487
1228.0	13651.518785315251	-2170.9726686101762
1229.0	13715.288090455317	-2137.890682914762
1230.0	13753.609794617825	-2138.3167798267264
1231.0	13850.289673510148	-2127.107451941458
1232.0	13889.13665722389	-2127.995484286024
1233.0	13792.125762606287	-2138.6140619090997
1234.0	13928.101308563864	-2129.097404491899
1235.0	13830.662942573903	-2139.411627723116
1236.0	13967.15458132102	-2130.337391206202
1237.0	13869.38041397156	-2140.231548985598
1238.0	14006.271074687946	-2131.6938259788785
1239.0	13908.242384591671	-2141.174114833819
1240.0	13947.214024270172	-2142.3292301769347
1241.0	13986.266390918716	-2143.6198666875953
1242.0	14123.91180591356	-2136.314147479792
1243.0	14025.37400767749	-2145.022328990159
1244.0	14064.530419566157	-2146.5186564388027
1245.0	14110.804810069916	-2460.2442789453585
1246.0	14075.565094387855	-2439.474419286065
1247.0	14510.757305130906	-2194.5038528290506
1248.0	14501.756293022147	-2170.329038822891
1249.0	14479.070447113789	-2215.9778133642017
1250.0	14462.627737677687	-2170.147508363048
1251.0	14449.268160970083	-2242.8233416525686
1252.0	14418.17603599838	-2188.332490680567
1253.0	14376.654397071165	-2310.9419664914053
1254.0	14417.680818191104	-2264.493314278546
1255.0	14385.168151217536	-2287.055108952439
1256.0	14353.275151068954	-2312.7337803998325
1257.0	14321.500661926066	-2336.3141915426568
1258.0	14281.340276441073	-2381.792838453113
1259.0	14161.040563068338	-2188.4584383523706
1260.0	14242.051950223575	-2141.5546163578533
1261.0	13670.664411691316	-2156.742543295361
1262.0	13713.005508115666	-2164.490330787278
1263.0	14226.188056445179	-2407.0365924285725
1264.0	14289.72617278318	-2359.894602685557
1265.0	14257.951683640373	-2383.475013828425
1266.0	14202.621202152464	-2139.7408549235183
1267.0	13684.259821461166	-2194.0560952829237
1268.0	13692.484353259248	-2172.380793182058
1269.0	13753.292062347524	-2163.9376164360665
1270.0	13716.89946620619	-2216.132603491678
1271.0	13732.004841177686	-2177.721827728727
1272.0	13791.384518803456	-2163.9831904293546
1273.0	13749.075850359237	-2237.331213006894
1274.0	13754.637294541759	-2214.6551820551317
1275.0	13830.556386092516	-2164.778462756377
1276.0	13782.472324407821	-2256.9969937288115
1277.0	13868.732945066391	-2165.9640212306967
1278.0	13814.971695496853	-2278.547621409874
1279.0	13946.412513832795	-2167.6166168772065
1280.0	13847.37193210615	-2299.2118388105755
1281.0	13985.38769041388	-2168.891173359821
1282.0	13907.53461987758	-2166.5835721788467
1283.0	13879.781383125839	-2319.8115370279816
1284.0	14024.429931300772	-2170.2846098924074
1285.0	13893.201053485851	-2297.746041666832
1286.0	13912.243028744868	-2340.2433136209916
1287.0	13944.764553234652	-2360.498221545136
1288.0	14009.969110737331	-2400.4426879160565
1289.0	14063.537506766974	-2171.7679068557372
1290.0	13977.337807791124	-2380.564319009652
1291.0	13990.603300184202	-2358.8990164208662
1292.0	14042.6668372035	-2420.127748741676
1293.0	14023.12944117869	-2378.7042804791577
1294.0	14103.750781516575	-2148.09642702313
1295.0	14143.026298188872	-2149.748353412167
1296.0	14211.177151860611	-2386.7750498078635
1297.0	14182.367310067435	-2151.456245649964
1298.0	14242.91372508467	-2363.0223074472174
1299.0	14338.417511796413	-2293.270234299185
1300.0	14221.75345758569	-2153.2408550562745
1301.0	14274.698694170256	-2339.645148461168
1302.0	14261.203992543416	-2155.0627339753282
1303.0	14370.19980950612	-2266.980738059435
1304.0	14306.4796626084	-2316.07346813698
1305.0	14300.72225834451	-2156.8976657250823
1306.0	14395.405862974587	-2229.2361334092875
1307.0	14318.808533221081	-2195.600203603134
1308.0	14340.281413099738	-2158.763464737926
1309.0	14379.89347494891	-2160.652460810755
1310.0	14460.897802553198	-2195.951459371185
1311.0	14420.193051806747	-2163.1699398410383
1312.0	14432.972727817412	-2226.388651110068
1313.0	14437.407437194755	-2203.56425172458
1314.0	14378.754225987139	-2186.6544974662447
1315.0	13733.280480412155	-2200.5562161198777
1316.0	13790.69082085848	-2214.5892210815814
1317.0	14411.97688141939	-2240.1984866884154
1318.0	14397.170308176233	-2200.1945367869266
1319.0	14339.182553691397	-2183.868222745746
1320.0	14375.540614855434	-2241.2070886209153
1321.0	14358.444278515046	-2198.238253893432
1322.0	14299.532987313236	-2182.149550548935
1323.0	14181.246737338392	-2176.686591929711
1324.0	14279.495830795538	-2194.3648882910097
1325.0	14240.019622078324	-2192.6152070488693
1326.0	14200.330857454077	-2190.3024754617672
1327.0	14102.702869295623	-2173.3378281469554
1328.0	14218.534970061002	-2230.9080695837774
1329.0	14026.580714667247	-2335.938576024675
1330.0	14141.945193851674	-2174.9781752028052
1331.0	13958.131472961082	-2338.9039689877736
1332.0	13925.680923645376	-2318.883422007555
1333.0	14013.474786885376	-2357.9551341874094
1334.0	13981.02805134507	-2338.091098748521
1335.0	13948.60225147756	-2318.2000892791407
1336.0	13860.12827748299	-2279.2460135852984
1337.0	13916.11320707315	-2297.3490392854933
1338.0	13882.954348680023	-2278.1945398403145
1339.0	13905.735105464928	-2245.061085337719
1340.0	13828.964316065716	-2256.6915741593316
1341.0	13851.091584666732	-2257.688730415535
1342.0	13887.226028270883	-2204.811086372032
1343.0	13795.80748173854	-2237.378502577743
1344.0	13819.238353674555	-2237.2573458613792
1345.0	13849.535648123594	-2178.206759219818
1346.0	13772.032047782637	-2176.5990944572227
1347.0	14238.868793456008	-2218.568680451425
1348.0	14179.94823220472	-2410.1538159368097
1349.0	14212.427189363965	-2319.877957132217
1350.0	14251.274839272446	-2341.090677847517
1351.0	14279.919658828105	-2221.8157549304215
1352.0	14268.50022030618	-2298.2023497310606
1353.0	14283.066287653324	-2317.722249680142
1354.0	14317.191486273829	-2219.110759174076
1355.0	14298.924246557028	-2273.7612241844076
1356.0	14315.010616136613	-2294.927746661026
1357.0	14356.99511258499	-2223.7492484257414
1358.0	14331.290449665621	-2254.7709244824914
1359.0	14346.828416087208	-2271.404049497755
1360.0	14148.07601069383	-2437.992749452315
1361.0	14087.838647288352	-2417.9479983415968
1362.0	14028.432977532813	-2290.530592532287
1363.0	14046.00524893697	-2377.5704115569533
1364.0	14111.471213535478	-2418.1530332401762
1365.0	14077.906317681181	-2397.4046069812757
1366.0	13994.165521495712	-2315.3972319604854
1367.0	14121.782789355411	-2186.785370394256
1368.0	14082.604092951655	-2185.1824750843502
1369.0	13962.237432599832	-2296.3586382700537
1370.0	14081.164019026057	-2211.3818163765754
1371.0	14043.491724094472	-2183.6619152222497
1372.0	13929.368616689098	-2277.13036025984
1373.0	14042.575122155695	-2207.4377941506714
1374.0	14004.448297806395	-2182.2274135533526
1375.0	14003.633886463533	-2209.2878454711836
1376.0	13944.002571476913	-2239.485040451436
1377.0	13965.474370378804	-2180.8960845787
1378.0	13888.424879493274	-2255.3492645930287
1379.0	13926.592033412397	-2179.794248537199
1380.0	13827.646590887089	-2214.701850123023
1381.0	13867.346744124976	-2241.727552146047
1382.0	13887.78142360463	-2179.1374138761507
1383.0	13809.987014814955	-2199.749137780935
1384.0	13847.389143822906	-2205.407293162152
1385.0	13772.101640742398	-2204.4822716851377
1386.0	13810.750305719697	-2177.026284356623
1387.0	14219.516924157979	-2364.6590005940166
1388.0	14157.813065090782	-2413.7999829234436
1389.0	14159.931261010583	-2213.761394933234
1390.0	14090.91139052748	-2374.3730001446115
1391.0	14188.161224683854	-2388.0756480854784
1392.0	13866.031045431957	-2218.838227668912
1393.0	13925.46476180412	-2204.9492354563276
1394.0	14336.116340814086	-2232.889772848998
1395.0	14129.521829105826	-2357.7776640288125
1396.0	14172.18693683616	-2367.124531872794
1397.0	14143.688317610891	-2395.424715749406
1398.0	14149.849196877136	-2370.827432550087
1399.0	14204.654648961608	-2344.1087673389084
1400.0	14059.375698606686	-2355.4176145813108
1401.0	13905.851952935556	-2217.4122315938566
1402.0	13965.225264298555	-2205.691984807609
1403.0	13945.036136144263	-2217.567504025244
1404.0	13984.32417299077	-2220.747505506561
1405.0	14022.698918019136	-2221.12092073866
1406.0	14120.724484258726	-2212.090229830527
1407.0	14061.1808309026	-2221.743127076384
1408.0	14126.028214372962	-2336.527115240308
1409.0	14111.000877962715	-2374.801637126063
1410.0	14306.793175795241	-2255.4705868073033
1411.0	14298.339768398544	-2233.110972759289
1412.0	14275.82722568167	-2275.3870457112803
1413.0	14259.614435777765	-2234.19639044981
1414.0	14180.340588816545	-2345.273700340071
1415.0	14244.508366298776	-2297.531131452196
1416.0	14137.053296213375	-2297.635048126634
1417.0	14235.650578748113	-2318.4965607876256
1418.0	14199.432970521048	-2216.6849423282133
1419.0	13924.314349666136	-2254.5156256263813
1420.0	13981.521498518676	-2247.392122729186
1421.0	13952.571514383597	-2276.823291972815
1422.0	13961.389025159113	-2254.254138456426
1423.0	14027.751557107908	-2244.674679493982
1424.0	13984.904124233995	-2294.3686511906512
1425.0	13995.370679377325	-2267.9712891661725
1426.0	14100.320716368415	-2249.656758813586
1427.0	14016.846698116715	-2314.1885914700965
1428.0	14082.118823654751	-2353.073289537521
1429.0	14053.214395316361	-2244.8069471724534
1430.0	14049.605818630278	-2334.5349253407803
1431.0	14064.425145096966	-2264.9128360522104
1432.0	14100.204490273341	-2224.8420288754514
1433.0	14196.455807972045	-2298.4448980133
1434.0	14098.71469635712	-2332.251377730467
1435.0	14139.777586697232	-2225.58599121994
1436.0	14166.736672117773	-2324.8952412633266
1437.0	14237.102567954049	-2272.617786952071
1438.0	14179.239548347607	-2228.3720153770205
1439.0	14179.173988516659	-2253.732312904595
1440.0	14218.55972867609	-2260.8284590941603
1441.0	14257.823451660717	-2258.325107440074
1442.0	14016.21835605514	-2265.3418709981966
1443.0	14062.615752913118	-2312.223638161744
1444.0	14175.07935087092	-2302.2972491432465
1445.0	14088.981505591893	-2312.284415595221
1446.0	14199.392169305182	-2271.9656293661706
1447.0	14138.547873753372	-2250.076967478432
1448.0	14098.662124613375	-2292.301362792459
1449.0	14158.63598823577	-2263.612668719301
1450.0	14051.176928366185	-2289.9692899078295
1451.0	14119.610997409938	-2261.3959360271533
1452.0	14085.544588665378	-2267.184131503363
1453.0	14119.274696182541	-2286.8683490838334
1454.0	14157.477711923168	-2285.698336310823
1455.0	14142.962288076495	-2321.674382506431
