1.0	26603.421760972346	-1572.2398753690804
2.0	26209.931858563523	-690.1231843003869
3.0	26355.120824003356	-779.9791594584239
4.0	26560.053168201095	-697.5622069378834
5.0	26641.587215627045	-1628.3675490436074
6.0	26405.116333169237	-1159.0476680575905
7.0	26543.983459319465	-1464.6621432624859
8.0	27214.285758350994	-1585.1259467172804
9.0	27329.298878333328	-1484.5111146783038
10.0	28205.978249264503	-1491.0403819489381
11.0	28429.03617744602	-1325.3031000380392
12.0	28863.221379628216	-1331.6777271820922
13.0	29285.44929988355	-1329.9537782658192
14.0	29718.82310168528	-1313.1846276791964
15.0	30167.743136860507	-1314.5891505852069
16.0	30619.774924991463	-1317.2222522012187
17.0	31071.970487510607	-1321.284571414403
18.0	31523.309220924784	-1326.10748149621
19.0	31971.19304898329	-1333.1452147736752
20.0	36259.917874646075	-1550.231823631432
21.0	36492.43441376497	-1380.6825564619085
22.0	36942.80005352298	-1382.3351630247687
23.0	37394.41551396611	-1384.8444043770062
24.0	37847.97283756906	-1387.1132733184334
25.0	38309.67586922485	-1388.863276048105
26.0	44850.46365021836	-1589.245438775748
27.0	44637.276150136626	-1403.5548850111252
28.0	44843.743062951624	-868.1295107871264
29.0	41027.718536161476	-846.4220239297406
30.0	39117.210981049924	-838.2160507288736
31.0	43834.41459383434	-857.6247948184218
32.0	26998.672218765725	-718.7749184389127
33.0	33051.589400140605	-806.4783571318652
34.0	26751.34941690219	-1600.501037498363
35.0	33518.238056793554	-808.9637643439738
36.0	27427.400352598153	-736.0899822070106
37.0	27876.678544256818	-735.5957341398889
38.0	33985.393670947575	-811.554010167221
39.0	27618.65323500283	-1442.2016463756306
40.0	34452.62197219366	-814.1220236474427
41.0	28311.322722114335	-803.5014622750145
42.0	34919.8131354892	-816.6330163224667
43.0	28933.660873300363	-987.0809892020288
44.0	35386.6427631426	-819.1154717915186
45.0	29358.09420571597	-795.024215340903
46.0	35851.55738886396	-820.4294563559173
47.0	29818.918243996184	-797.2691144605511
48.0	30282.50441209212	-799.2961407530432
49.0	30746.44203667945	-801.8121807939991
50.0	31210.195742504166	-804.6351087010318
51.0	31673.280824009747	-807.552546324362
52.0	32133.582254649704	-812.3397295751632
53.0	32588.749890120263	-802.4372549488077
54.0	32411.15685084272	-1327.5391017640666
55.0	33095.406913006904	-1503.213438221496
56.0	33307.638398156625	-1327.4528480326717
57.0	33765.93632345309	-1332.118961380387
58.0	34224.815721150575	-1336.7458045013711
59.0	34683.73287543892	-1341.1038942843772
60.0	39592.35423638871	-840.603335969945
61.0	40075.783063386385	-854.5330206432728
62.0	35142.25395431578	-1345.1767587856477
63.0	35598.500538269356	-1347.8713807766028
64.0	40558.638153373635	-844.5647211582597
65.0	36310.32322815277	-836.989977343915
66.0	36772.801118788375	-838.0388821867782
67.0	37236.18237061498	-840.1762316328626
68.0	37699.90930791188	-842.1884222201414
69.0	41495.452969969396	-848.1024011547478
70.0	38165.231854498976	-844.1734034816674
71.0	38637.10394489514	-845.7360845399422
72.0	41962.71674491226	-849.9243197094171
73.0	38786.163374202406	-1381.0575510628169
74.0	39265.92261901649	-1374.044367980592
75.0	42429.92024339854	-851.7838366017944
76.0	39917.83604452744	-1572.0226861234032
77.0	40216.9093445727	-1573.5910967462623
78.0	42897.18685275493	-853.6750720319856
79.0	40686.32394167318	-1563.844220144434
80.0	41141.9634860157	-1565.9181129935432
81.0	43364.98077781224	-855.5299817155802
82.0	41596.25822852679	-1567.8107637528203
83.0	42050.08215733866	-1569.8411410590536
84.0	42503.844123164854	-1571.9058025103498
85.0	42957.67052145053	-1573.9993923971513
86.0	43868.01743923087	-1578.3474653610044
87.0	43412.02463405538	-1576.0543701944632
88.0	44318.04168877313	-860.3977368495358
89.0	44103.439061243786	-1394.9643912567783
90.0	26481.57667658139	-1329.865528737001
91.0	26698.566641546666	-1651.4419978697615
92.0	26316.471500523327	-940.2956539604775
93.0	26848.94005306183	-829.3715416136315
94.0	26441.42533959012	-1025.1518375999888
95.0	26615.240244478715	-1508.6990628864569
96.0	26997.107715408954	-1611.1893643685498
97.0	26508.451588230088	-1225.632233763829
98.0	26563.43819106882	-1381.7576769720717
99.0	26672.259537571703	-1367.4921613755687
100.0	26642.883736842938	-1190.2973483430385
101.0	26700.826146104086	-1456.6876123841175
102.0	27209.057357178983	-1034.2929856889434
103.0	27482.752025453723	-1551.485642714387
104.0	27990.257029706423	-1381.8232072195285
105.0	27545.285924059863	-1222.2101472310121
106.0	28491.189202884852	-981.0661381346687
107.0	28640.29557157932	-1483.4556226386342
108.0	28772.888090690303	-794.6219227552004
109.0	29074.964958608747	-1499.2668451149814
110.0	29206.353114229263	-986.1416331305036
111.0	29509.564275553468	-1480.8098512211902
112.0	29646.449217502068	-971.2111369342247
113.0	29956.946652306837	-1480.3611664302064
114.0	30102.08861273307	-973.4705893605233
115.0	30407.09226693983	-1481.6357714708158
116.0	30560.84159427119	-976.0011827081298
117.0	30857.583741372244	-1484.990144031214
118.0	31019.762113538087	-979.3276776702769
119.0	31307.883247678237	-1489.6439137265695
120.0	31477.830089723237	-983.0555702147982
121.0	31757.507213470963	-1495.0019542763603
122.0	31932.445790723625	-988.7477181030881
123.0	32204.342318063093	-1502.6563742681244
124.0	32828.380380034745	-973.7461083125527
125.0	35814.60073250594	-1532.3191123697027
126.0	36978.08727887089	-1024.9333531789468
127.0	36520.998947553824	-1023.7595718758406
128.0	36708.94935965161	-1552.363676618668
129.0	37158.88600238392	-1555.3520256292222
130.0	37436.42465684926	-1027.0704202264685
131.0	37609.169673009696	-1558.0205605996807
132.0	37896.7033295881	-1029.0551190894319
133.0	38061.050076278574	-1560.504525335383
134.0	38365.12715542621	-1030.5903084233912
135.0	38519.48056206418	-1562.4461205427176
136.0	38848.33547083201	-1022.6204826847558
137.0	40389.3323910512	-1391.3136999275837
138.0	41327.100219686436	-1382.932027316485
139.0	38986.14655225639	-1555.2222259586097
140.0	43164.13304234042	-1389.9735772443698
141.0	27211.742430631402	-843.7264935577696
142.0	27047.33087262828	-1398.2111090372357
143.0	26596.814709505983	-976.5759541568368
144.0	32646.039545546537	-1495.8987807500182
145.0	26828.663065673503	-1641.1255559799256
146.0	27088.375073946267	-1532.990041357185
147.0	27060.881136735985	-1125.5272203559664
148.0	26898.49978077639	-1574.663701604909
149.0	26858.750693348713	-1475.7367479028726
150.0	33289.097735562886	-978.2601447218773
151.0	33548.583847615686	-1508.9521042637634
152.0	27644.06421044504	-858.6339475752574
153.0	27276.07081710723	-1328.7804647091943
154.0	28063.668137641525	-924.0520690556955
155.0	27800.195020546296	-1537.0670557628193
156.0	33754.1311952247	-981.3233247713916
157.0	34002.27022084688	-1514.6263401885683
158.0	27678.62150958991	-1094.9950299569427
159.0	27942.050829693006	-1159.7426805582702
160.0	34219.74429947965	-984.4691110890191
161.0	34456.03331642735	-1519.9669670857486
162.0	34685.39295287614	-987.5356442584233
163.0	34909.76407968783	-1524.861405717411
164.0	35613.616374909536	-992.3005864642664
165.0	35150.64293267993	-990.5166194166574
166.0	35363.13794813826	-1529.3464054728454
167.0	36068.526028774555	-1008.1626190308212
168.0	36046.68520905672	-1364.4814807322707
169.0	32379.144045688987	-981.6199537416924
170.0	32853.65723030729	-1321.2884860913891
171.0	39334.81495118042	-1015.4752611289168
172.0	39447.848604067585	-1557.8598861950106
173.0	39824.61622237173	-1029.7797580574745
174.0	39749.00292221454	-1388.4672014308653
175.0	40322.12932821151	-1031.7286702599479
176.0	40865.776715301305	-1381.2996698791128
177.0	40805.293989841455	-1021.6052005605742
178.0	41273.33799529207	-1023.1304075712205
179.0	41786.60842706073	-1384.526973217864
180.0	41739.5653928977	-1024.6202303650555
181.0	42245.584233445064	-1386.2992713230885
182.0	42205.26185518169	-1026.2891928262607
183.0	42704.562653382156	-1388.1393595747152
184.0	42670.961151879215	-1028.0274721629876
185.0	43137.250875147765	-1029.761144290932
186.0	43605.70780508202	-1031.6983940915266
187.0	43625.8694941325	-1392.0103496169713
188.0	44630.555562869886	-1043.0459192225037
189.0	44089.99790489775	-1034.5536762396405
190.0	44338.2034323859	-1581.3174176552948
191.0	27356.15665328466	-1175.763493600659
192.0	26916.314426663288	-1377.4834783465642
193.0	26925.771490166637	-1121.7415243753578
194.0	26760.898717953238	-1496.5280344953426
195.0	26853.887403272583	-1270.1030377569416
196.0	27120.01349580692	-1294.6163644282217
197.0	26848.768373446208	-1016.7431651887333
198.0	26724.830171697133	-1280.2651277197074
199.0	26676.793214636928	-809.3028179967854
200.0	26694.93785169796	-1075.136899193648
201.0	12378.275630107733	-1444.3012790279106
202.0	20436.082619830046	-1524.9206667102826
203.0	25599.09047907407	-698.4492864806972
204.0	25854.701779858613	-1547.963233020843
205.0	26425.15893275369	-1556.6000074292797
206.0	26381.13002013805	-1388.6546760458714
207.0	12386.34500534462	-1436.8389082622791
208.0	12407.300167890147	-1431.228469558221
209.0	12435.235692795775	-1424.0049347135703
210.0	12472.100583101523	-1415.3663432736423
211.0	12613.34044777829	-1407.655043706558
212.0	12646.304004703607	-1377.2087563634632
213.0	12574.267435191965	-661.6735734162381
214.0	12842.41034723985	-1341.7577335632732
215.0	12824.258696883539	-1261.1359251183683
216.0	13226.310950938132	-1341.190163990723
217.0	13111.270476809148	-1164.4001768244452
218.0	13825.455957323247	-1340.9712009976774
219.0	13681.56743046947	-1156.9738550660757
220.0	14429.389014829752	-1361.2910175680054
221.0	14373.75539735309	-1109.7880130738092
222.0	15030.78516768091	-1385.9982564768052
223.0	14975.29289190729	-1126.4291456451476
224.0	15499.47059882903	-741.3535515640691
225.0	16028.67803754861	-1456.8974898970566
226.0	15831.051643621146	-1436.981460232959
227.0	16229.93803629028	-1457.8513038127828
228.0	16429.484133880193	-1472.588983865511
229.0	16728.2472877703	-1399.087928525961
230.0	16860.164885789647	-653.9865204248953
231.0	17129.84041265906	-1397.6936983344524
232.0	17430.668538490965	-1470.0432474242577
233.0	17333.13509088427	-1245.7815616552464
234.0	17615.146990709753	-739.741700084231
235.0	18031.724341077348	-1482.3491722523395
236.0	17935.765836592123	-1256.0945915689026
237.0	18217.775620673954	-743.659970596318
238.0	18632.616053965558	-1492.0015974327052
239.0	18535.88665842217	-1264.5384458261378
240.0	18820.37339622668	-747.9966295992126
241.0	19233.857988615662	-1501.5196886577696
242.0	19137.346992122006	-1273.816289116001
243.0	19422.914680428148	-753.1658394478858
244.0	19835.091242062354	-1513.1662126647109
245.0	19739.09381434099	-1286.1870445433372
246.0	26031.724768763495	-777.3861228623902
247.0	20336.149191382967	-1303.4802232827253
248.0	20627.528468235756	-761.4880558130234
249.0	21036.93232341067	-1535.1392621743107
250.0	20940.383201434364	-1307.9267674861833
251.0	21230.909775420118	-770.0670080286191
252.0	21637.718240994564	-1542.213264225551
253.0	21532.35343490062	-772.6838192805398
254.0	21833.401301339894	-774.4526940322643
255.0	22238.568468104135	-1546.3741558076642
256.0	22134.830333999224	-775.7184309267077
257.0	22436.458803745114	-777.0997186411261
258.0	22839.611097732526	-1548.1583058276149
259.0	22740.486150482826	-779.0550837197837
260.0	23044.29277750971	-779.4399807923761
261.0	23440.688862053965	-1548.6735999916698
262.0	23345.96038396491	-780.388638331121
263.0	23647.38494304553	-781.5126310554375
264.0	24041.878518130925	-1549.144453306191
265.0	23948.80325202958	-782.4351653410314
266.0	24250.47333028447	-782.5178886466714
267.0	24643.12571451942	-1549.362778947954
268.0	24551.840390974645	-783.4020709079954
269.0	24853.204919729284	-784.4685017524984
270.0	25447.2898620307	-788.6136892011145
271.0	26149.41936688276	-1022.0514944713501
272.0	26265.697101401467	-1240.9887794988708
273.0	25982.63992090293	-1460.094459363725
274.0	26536.215924010696	-1594.6869956307758
275.0	26256.418600583234	-1569.804541319985
276.0	26493.923304478478	-1528.0539570504125
277.0	11748.022530573906	-551.27045264537
278.0	12286.752448632671	-1354.4429790220272
279.0	12305.742630346174	-1367.4376935613616
280.0	12337.961070295272	-1408.9994814175998
281.0	12358.732831949497	-1430.5297259317224
282.0	12348.323583377627	-1419.796656787914
283.0	12369.081931271581	-1441.1891316518015
284.0	11754.266640905755	-554.7011181965709
285.0	11761.37807884841	-551.3350696448689
286.0	11768.829341747134	-588.1382152138194
287.0	11783.641441289585	-605.7085410460644
288.0	11829.387809033056	-557.9031562926135
289.0	11796.623902751431	-641.1961600835106
290.0	11845.645458943758	-570.0596969540496
291.0	11833.965051831188	-660.0925580785339
292.0	11824.996483601084	-693.9669223363509
293.0	12296.89106319265	-1365.442630322008
294.0	11840.246484281308	-711.2095971495146
295.0	11847.465682632404	-724.326921556158
296.0	11854.735242813678	-737.4208893495376
297.0	11890.790904670612	-717.4191639474963
298.0	11869.248821857705	-763.5809189276911
299.0	11883.114289723728	-798.7533969321279
300.0	11890.483827397484	-811.7711603533189
301.0	11920.447969310306	-863.633002548187
302.0	11912.9034371905	-850.7139998003317
303.0	11936.2729771197	-880.3133655803655
304.0	11951.727402691155	-905.8781638150558
305.0	11958.002756819942	-880.4576292331409
306.0	11983.219749092175	-965.5200858665361
307.0	11998.520543383702	-943.3706149779943
308.0	11943.469140256244	-902.1580166962158
309.0	12016.56451972034	-1006.084545119444
310.0	11905.359675231697	-837.7684762873414
311.0	12033.807737609923	-1039.6069474302926
312.0	12384.823906000054	-640.39347819167
313.0	12069.140691393286	-1087.8888415615813
314.0	11875.765700765847	-785.6880333710028
315.0	12087.150986883518	-1111.834079549858
316.0	12078.135127253954	-1099.884115556374
317.0	12104.832136764237	-1126.5134427851729
318.0	12113.989511153579	-1138.3828976107634
319.0	12123.151453141994	-1150.2343433060657
320.0	12141.55161505479	-1173.754917647311
321.0	12150.847045767952	-1185.516398030619
322.0	12160.171773690514	-1197.1931014151644
323.0	12178.884960548297	-1220.5004991154372
324.0	12236.154330020283	-1289.496504543785
325.0	12255.706424437793	-1312.0727973715377
326.0	11775.66813531881	-601.4334031710761
327.0	11803.661518200699	-654.3926642911879
328.0	11832.195517296546	-707.0755397071874
329.0	11897.90610032359	-824.753686141858
330.0	11928.053928672854	-876.5068233804959
331.0	11959.257710853975	-927.5718353011571
332.0	11762.561638595258	-573.9979944534249
333.0	12327.61496661696	-1398.161075896978
334.0	12042.522163145766	-1051.7450595961784
335.0	11975.27824067197	-952.9439343622029
336.0	11991.446230227315	-977.9890521938136
337.0	11782.771664634429	-574.5037362749869
338.0	12025.1525844012	-1027.390004866393
339.0	12008.115801333797	-1002.8119011436335
340.0	12132.896202761303	-1171.0478338001437
341.0	12096.20735785173	-1123.703069191387
342.0	12060.154686394462	-1075.908446221544
343.0	11789.608769840539	-627.9495292567534
344.0	12317.320877990554	-1387.3062812403234
345.0	12227.405805531627	-1287.1230971319467
346.0	11810.751966692222	-667.5753349898105
347.0	12266.709113462928	-1332.2417181060966
348.0	12246.932006661344	-1309.7954602145007
349.0	12208.11259793934	-1264.2460598641853
350.0	12170.191088662335	-1217.924042994805
351.0	11888.496219174931	-576.9673889091691
352.0	12276.74770085809	-1343.3694429161242
353.0	11861.140930918249	-759.5398296750064
354.0	12019.257073444673	-595.0764192103828
355.0	11967.427381879215	-940.1477120974405
356.0	12051.345953169026	-1063.7956894652204
357.0	12548.88150486447	-1417.0958449474047
358.0	16627.798927227337	-1466.4300730753685
359.0	12790.392467143252	-1385.8730697123735
360.0	13054.585376887486	-1361.257924625048
361.0	13420.746917221099	-1340.7589976270447
362.0	13625.14704830084	-1356.3325915582714
363.0	14027.163808980991	-1349.1079423375857
364.0	14229.514639147537	-1350.814259396145
365.0	14629.458337733535	-1373.0285821249406
366.0	14830.802984391374	-1377.148650437641
367.0	15232.927880596822	-1383.7058632471947
368.0	15429.954862605271	-1417.47295939448
369.0	15630.904382362833	-1425.6778207296456
370.0	15808.625406086254	-732.1473590392944
371.0	16104.965178148044	-927.7559422716859
372.0	16245.628765389616	-1180.5897202302742
373.0	17028.892196247074	-1465.122586012151
374.0	17229.801893162858	-1466.8846728359756
375.0	17630.998871860185	-1473.9787982764155
376.0	17831.516409722826	-1478.284868550516
377.0	18231.919201601184	-1485.9143260941603
378.0	18432.281971042798	-1488.9000556569629
379.0	18832.975166981665	-1495.0587045786604
380.0	19033.40804975856	-1497.9597992576553
381.0	19434.25801389287	-1505.236292706453
382.0	19634.74895501896	-1509.0948762317223
383.0	20035.405080952358	-1517.0102501225626
384.0	20235.80968672303	-1521.0825792993294
385.0	20636.343825427706	-1528.778753857534
386.0	20836.694571597178	-1532.0323980843561
387.0	21237.18331035429	-1537.8656915072415
388.0	21437.443661241992	-1540.2150301778754
389.0	21838.004997906344	-1543.8904841898138
390.0	22038.30014210695	-1545.2742171570835
391.0	22438.957693436678	-1547.2540471290715
392.0	22639.261401534026	-1547.652441695459
393.0	23039.961428505896	-1548.5216582089615
394.0	23240.301838220912	-1548.5283284799764
395.0	23641.08892432122	-1549.001922976294
396.0	23841.48126238083	-1549.0673872461496
397.0	24242.28366687575	-1549.2269197692212
398.0	24442.7140644038	-1549.1368532028835
399.0	24843.573196553585	-1549.6675967211793
400.0	25044.048466933036	-1549.6813072780985
401.0	25736.472315657797	-787.023043842535
402.0	25445.87014715843	-1550.7491614907715
403.0	25647.30423962073	-1556.4639816566187
404.0	25244.880612398105	-1550.1312840332505
405.0	25847.340659144986	-1055.204046796883
406.0	26189.403207311425	-1481.2203725033899
407.0	26363.351504739618	-1503.746583467906
408.0	25997.83058581209	-1293.3430863155052
409.0	12476.75396547484	-600.3410451667073
410.0	12397.61819145346	-1441.250292725761
411.0	12375.511257503238	-1421.380929298668
412.0	12422.057700579973	-1436.7999074074762
413.0	12217.745277109925	-1275.7262125231762
414.0	12455.222413680065	-1431.5844011447773
415.0	12198.579567520637	-1252.7609774510822
416.0	12352.196171566931	-1389.0803166536346
417.0	12189.074113773526	-1241.1815936177752
418.0	12496.977946701702	-1425.068964914885
419.0	12393.426859166786	-1388.9777564066608
420.0	12294.387851383486	-1327.5989439904963
421.0	12517.859429994542	-1404.6760832568132
422.0	12755.67863755167	-1240.4461149452534
423.0	12648.327741376095	-830.6494391380711
424.0	12692.847870767555	-1397.4541407042707
425.0	12690.95302398358	-612.6521675122025
426.0	12630.242879932239	-1324.5776337175175
427.0	12952.686000191221	-631.9517327078917
428.0	12909.636801537583	-1373.3257551137474
429.0	12959.671020094653	-940.4998285619919
430.0	12812.84907941186	-692.3173016352142
431.0	13250.037597106299	-660.8229222696651
432.0	13132.934767396328	-1290.7042918280551
433.0	13544.649707964394	-636.7466552372748
434.0	13098.926778065465	-739.3758334814665
435.0	13397.191027267609	-742.974232049803
436.0	13851.486080067027	-662.2049082750324
437.0	13294.884502751787	-1091.3948504892214
438.0	13420.648673267466	-1035.0774634542129
439.0	14149.223531353702	-664.4830543812749
440.0	13698.080106531277	-743.1317468559686
441.0	14001.222463615713	-769.6401220403671
442.0	14450.68308534385	-673.4666048541895
443.0	13904.292341193199	-1094.0778093548804
444.0	14130.884429544536	-1279.5786267312835
445.0	14751.477603191153	-669.8970794031015
446.0	14298.988002587663	-779.6737946599228
447.0	14599.810608120237	-783.8597957221479
448.0	15052.179639893278	-677.5489457147925
449.0	14506.763543036812	-1120.2022504343076
450.0	14733.823254750656	-1304.6231328823253
451.0	15350.181196473635	-660.8718385283461
452.0	14899.875696364792	-786.7141126231492
453.0	15197.147823342404	-776.4608477887923
454.0	15110.552861811993	-1119.8315221107532
455.0	15655.933881684781	-643.6696734496708
456.0	15398.220207345157	-1183.9537088254074
457.0	15801.761546115098	-893.7137064183304
458.0	15533.920707536372	-1356.2886383242796
459.0	15932.695255657904	-1383.3872592265168
460.0	16259.648859158444	-660.3232408698626
461.0	16131.459352348174	-1393.8903829120372
462.0	16717.076532835647	-1255.6395402047049
463.0	16561.141121871635	-661.4718246849679
464.0	16332.041663695714	-1401.7573157912648
465.0	16828.521606215338	-1466.5693210374932
466.0	17162.88087657299	-654.9853306899505
467.0	16409.851102786062	-754.9230332620782
468.0	17009.243951508874	-739.6437709028905
469.0	17465.38150087345	-653.3026867593964
470.0	16825.532580761384	-996.459354928169
471.0	17130.454274221378	-1244.5834900381662
472.0	17313.029100287804	-737.7319132777901
473.0	17732.563702673342	-1408.1163007708656
474.0	17766.43023329981	-658.2231414559927
475.0	18068.34365559611	-656.7431445807207
476.0	17735.156354503317	-1256.2156204535179
477.0	17916.677679127533	-741.9541339459538
478.0	18333.169265753924	-1419.3290332121976
479.0	18368.959641151105	-661.1570020659584
480.0	18671.11814912646	-659.9496365927822
481.0	18335.644660338196	-1261.6228807725809
482.0	18519.11864789943	-745.638438648778
483.0	18934.237941816198	-1428.1818314486907
484.0	18971.645855783234	-664.7432169759945
485.0	19273.829010402787	-663.494068705657
486.0	18936.604937342294	-1270.529848547354
487.0	19121.652791198136	-750.3130377524859
488.0	19535.76518088459	-1439.0734836029612
489.0	19574.33921131812	-668.8240426309958
490.0	19876.43589042935	-667.1595953385719
491.0	20136.900481791028	-1451.0545256182256
492.0	19538.517895630495	-1283.2828454255825
493.0	19724.09009414984	-755.603342121199
494.0	20177.00527035054	-673.3292223595013
495.0	20137.362050114225	-1298.6481981661916
496.0	20477.924359369357	-670.2730558317518
497.0	20025.324686877382	-758.880497890103
498.0	25892.696170278854	-693.5145324022361
499.0	20325.381689512513	-760.7659344236814
500.0	20737.641189895905	-1462.5524104012804
501.0	20780.583515378657	-675.2793677084447
502.0	21082.52964829557	-676.9833200499752
503.0	20437.902478581567	-1212.935495005003
504.0	20741.625770511175	-1310.5129809511036
505.0	20930.702290857098	-766.9702960716453
506.0	21338.106972786536	-1471.1034188004676
507.0	21382.22246624655	-679.60410362502
508.0	21655.716192845986	-1046.6658118470812
509.0	21339.956489583834	-1313.3355683447437
510.0	21685.404774080947	-680.8281552614973
511.0	21938.623685405255	-1476.6481263254384
512.0	21984.701798990704	-682.601002336346
513.0	22256.08597252543	-1050.1797672932898
514.0	21939.72395226525	-1318.903954977802
515.0	22288.265273045152	-683.3219161155424
516.0	22587.76173504147	-685.2103140103659
517.0	22859.62861898432	-1053.0697170831888
518.0	22539.93563409445	-1321.5865567015517
519.0	22893.72408608774	-686.5053051538013
520.0	23192.999828373224	-686.82323504256
521.0	22993.007020794223	-1053.3918714344793
522.0	23440.938596321677	-1233.2865274737396
523.0	23140.423611829752	-1322.4201146245966
524.0	23496.82315884782	-688.6819866521477
525.0	23795.85585375872	-689.1752517264781
526.0	23594.715820562047	-1054.2618663112135
527.0	24042.145159061347	-1233.8414798086953
528.0	23741.46367067925	-1323.0541125670043
529.0	24099.67293413673	-690.8325448973429
530.0	24398.957398318482	-690.4859989917195
531.0	24196.521396081942	-1055.0859660219364
532.0	24643.652484735998	-1233.9807121091592
533.0	24342.76814380032	-1323.168473149805
534.0	24702.47146113178	-692.9447511182684
535.0	25151.384242639502	-784.1728804758426
536.0	25001.753393378003	-692.7804537958237
537.0	25555.33850692031	-1069.8012320747723
538.0	24798.617215722657	-1055.8838502221522
539.0	24944.445276411137	-1323.3298749182213
540.0	25595.06071958307	-1339.0579982146198
541.0	25302.082250346877	-693.8771538012143
542.0	26134.953974181786	-1188.8487895521416
543.0	26009.86160056276	-948.9979385312998
544.0	25736.699125383337	-1335.3980485903933
545.0	26073.47548355021	-1533.4012175432565
546.0	26268.585700018968	-1366.36249251398
547.0	12398.600201030944	-1417.9128344337907
548.0	12307.092403230607	-1376.4117199808336
549.0	12326.187733735334	-1389.2013867886556
550.0	12322.029378358216	-1367.309751947984
551.0	12357.232898300075	-1421.5832118776846
552.0	12368.645115470063	-1414.3513955831847
553.0	12367.571829869843	-1432.2021602981706
554.0	12346.852778526498	-1410.8469594764065
555.0	12354.975458558967	-1402.37553292724
556.0	11754.258886214118	-562.2360136001861
557.0	11777.065847937842	-554.5509881536485
558.0	11810.543655529638	-582.5764470015134
559.0	11762.700496160762	-565.4326182878794
560.0	11782.58654558824	-614.7165422067848
561.0	11807.766811757421	-627.2012327802737
562.0	11800.382879103609	-556.2115330161636
563.0	11790.614791735461	-618.9530596951545
564.0	11817.84041142311	-680.7667712498766
565.0	11866.832850084067	-560.4497698523816
566.0	11945.26147050741	-585.1716529839733
567.0	11830.613524195855	-625.0440748785726
568.0	11825.88089221331	-684.9494038708036
569.0	12295.57384295179	-1356.4707577965985
570.0	12462.6149402179	-1389.73578259493
571.0	11839.370288326778	-720.2321461099737
572.0	11980.767796999397	-568.886941781165
573.0	11846.633813657281	-733.3292581116293
574.0	11879.682396239827	-757.7121639821229
575.0	11865.204677632215	-731.9157249262904
576.0	11853.88125373218	-746.4502940798233
577.0	11850.430668756971	-706.0198668336421
578.0	12114.185344516956	-607.5912927568833
579.0	11893.946431550148	-783.4099999607806
580.0	11868.435083874494	-772.6125561483387
581.0	12014.59254220053	-635.5416020875437
582.0	11876.563788093108	-776.6428126778446
583.0	11891.24993336134	-802.7457881423403
584.0	11906.056518063997	-828.7075141966498
585.0	11921.098163755509	-854.6018395944362
586.0	11908.552570438535	-808.3686893090799
587.0	11935.73188053634	-889.3558050329884
588.0	12171.780126851145	-581.7932592859335
589.0	11951.2786066161	-914.9251898808958
590.0	12307.172355476947	-590.5803478328372
591.0	11999.742210134695	-990.44380904566
592.0	11931.482396725414	-848.3213623479478
593.0	11999.843688030227	-981.385929039319
594.0	11943.967432011481	-893.1167335142782
595.0	11961.540458283574	-899.0264901105032
596.0	12016.598975365712	-1015.1439097114107
597.0	11913.556777753867	-841.6881038917663
598.0	11921.663877747369	-832.6134404752016
599.0	12032.42353728885	-1008.032806671236
600.0	12085.626173003455	-1070.1420745497496
601.0	12033.645836285616	-1030.54791458619
602.0	12234.630236673498	-622.4762626979169
603.0	12026.773408011826	-999.879278240549
604.0	11883.904063177912	-789.7137603294627
605.0	12077.752096239294	-1090.8087546187646
606.0	12086.741147664654	-1102.7834086048153
607.0	12130.997865527528	-1129.7012703497512
608.0	12105.349681149355	-1135.5822508751535
609.0	12114.513218932547	-1147.4462902043135
610.0	12150.84334105112	-1165.7906020308735
611.0	12123.693769907788	-1159.2814113537572
612.0	12142.174158104419	-1182.8187678409129
613.0	12151.476495869678	-1194.5766629423176
614.0	12168.701060812467	-1187.9747190858586
615.0	12160.822563342967	-1206.232075261499
616.0	12179.59483486686	-1229.5642805901077
617.0	12188.313095070693	-1232.1269347236566
618.0	12197.794422664068	-1243.7322953456564
619.0	12223.803305330364	-1246.18513363854
620.0	12216.836403432315	-1266.7075619388645
621.0	12288.749177118521	-1299.0594502736221
622.0	12237.154990521709	-1298.5056740104958
623.0	12275.53955936599	-1334.3834170569814
624.0	12258.01521047236	-1286.3268140999917
625.0	12256.806856455732	-1321.0706148371846
626.0	11776.810689517542	-592.4231694108264
627.0	11786.700176512952	-584.1861142463307
628.0	11804.656297489988	-645.3929516086123
629.0	11818.776431302054	-671.7371618840976
630.0	11819.963747790702	-634.029189456512
631.0	11833.067519415004	-698.0941272516781
632.0	11861.411899300287	-683.7934273854304
633.0	11898.632014669944	-815.7162514082261
634.0	11916.66218834134	-823.9597146386604
635.0	11928.647839972009	-867.4754622335362
636.0	11973.206653230343	-904.0189807879148
637.0	11959.659283249493	-918.5268354057444
638.0	11767.70261564433	-557.9180697966243
639.0	11770.587438973982	-578.30248109519
640.0	12336.50478623446	-1400.0351206033772
641.0	12427.206244463005	-1404.3373248697037
642.0	12042.311047235738	-1042.700284018841
643.0	12055.074532127022	-1027.8659790207973
644.0	11983.592381457673	-956.4853963271707
645.0	11977.349430984463	-922.7353386362114
646.0	11967.877516416056	-931.0299898615458
647.0	11991.585306600859	-968.9671507571708
648.0	11995.374796754588	-952.8407554062293
649.0	12025.061774407593	-1018.3439534863546
650.0	12043.424947751264	-1023.3808245578324
651.0	12008.156936912688	-993.7652253505831
652.0	11786.527409710392	-562.7123203471774
653.0	11812.829259807719	-565.9584832301929
654.0	11794.660351712288	-601.5591018324964
655.0	12132.319765811355	-1162.0134934077926
656.0	12144.694059482832	-1157.9813923674828
657.0	12095.744599020187	-1114.667682705641
658.0	12068.740198108748	-1078.8432135254013
659.0	12059.631640641333	-1046.1161612279375
660.0	12051.07075042837	-1054.7395282233865
661.0	11808.425627015698	-614.3959617029559
662.0	11797.646203520226	-632.1815976423139
663.0	12315.944291255844	-1378.3531337565928
664.0	12335.741927099096	-1381.3728131839216
665.0	12226.466047742497	-1278.1261708941645
666.0	12245.232572517758	-1281.72524139974
667.0	11822.567083009706	-651.9678442047874
668.0	11811.707216704342	-658.5589145865048
669.0	12276.473213288924	-1307.6774939402956
670.0	12265.574616650336	-1323.2722803621011
671.0	12245.89875506883	-1300.8112588644317
672.0	12506.052717747305	-1371.5972030082291
673.0	12207.278442758194	-1255.2473330329974
674.0	12226.129070566103	-1259.3960137500974
675.0	12169.52140003578	-1208.8368113145516
676.0	12189.212098050115	-1214.1951644164237
677.0	11835.853863926799	-679.6646955803317
678.0	11915.96541504761	-564.9889902810053
679.0	11973.019978681348	-641.1064656229688
680.0	12285.539586668623	-1345.45953224369
681.0	12283.38012378833	-1325.4365624729337
682.0	11861.979735175571	-750.5189378262148
683.0	11906.36037824159	-742.856213540145
684.0	12064.316764813922	-575.19667988751
685.0	11905.546664129302	-789.4456288194166
686.0	11946.135660406127	-873.9972357145107
687.0	11975.889802907906	-943.7315827988472
688.0	11987.349690322715	-937.80290433558
689.0	12059.856019747835	-1066.803235774117
690.0	12070.001718506615	-1060.544404201797
691.0	12574.912979718281	-1391.7610879349347
692.0	12242.555868146077	-1268.2206408516467
693.0	12264.207209926979	-1303.8970747333824
694.0	16529.584008868038	-1406.12737517551
695.0	16409.48989526609	-937.1849511341479
696.0	12734.354896471914	-1360.8348934185385
697.0	12785.56576309466	-810.9608598163583
698.0	13090.78713114347	-898.9470499009809
699.0	12974.490288751193	-1320.9615712758243
700.0	13317.842503518696	-1270.3449093031463
701.0	13462.745907183022	-902.1986964988033
702.0	13725.504323293586	-1283.9014018697237
703.0	13663.157831011733	-901.9468699851017
704.0	13521.106378979923	-1284.8048684817027
705.0	13927.149513919876	-1274.3953646651187
706.0	14138.03127537218	-1099.1858540246587
707.0	14011.453482081955	-988.3976143207225
708.0	14277.564728139894	-995.6191020229513
709.0	14332.852154188377	-1284.590397740378
710.0	14532.589813431417	-1298.0667786661827
711.0	14741.10951133296	-1119.2690781150675
712.0	14610.918323921234	-1009.8099991258077
713.0	14934.982244175366	-1308.0878333840758
714.0	14878.399888705602	-1010.1359079314552
715.0	15136.959039919668	-1304.756048611608
716.0	15210.454830152958	-992.8756782428367
717.0	15651.356045712446	-967.5047169522398
718.0	15501.75662282785	-903.6222476876022
719.0	15336.01492826174	-1325.6838906396429
720.0	15529.436945816065	-1210.7627765587986
721.0	15734.976092754807	-1363.878814542388
722.0	15960.767470035737	-652.893669963173
723.0	15906.109842667218	-1152.1609232261428
724.0	16110.90891725504	-747.5729024998849
725.0	16119.645646109284	-1255.386322951276
726.0	16702.99911020446	-925.9870275074214
727.0	16490.30834195606	-1265.8755533598153
728.0	16708.935663112396	-747.3582888575094
729.0	17072.67399332605	-986.775306317723
730.0	16928.948542566093	-1398.0100691202094
731.0	17319.594300929846	-905.093110187283
732.0	17331.23819825357	-1400.3105316614267
733.0	17680.293963886867	-995.2323333261951
734.0	17532.070654000403	-1403.9284015860565
735.0	17932.934946577123	-1412.3950559067853
736.0	17923.577388842885	-910.7788758254592
737.0	18132.977707917584	-1416.2187999729067
738.0	18281.231525102983	-998.4311976336897
739.0	18533.49591845485	-1422.2303584393794
740.0	18524.989968826296	-915.6936997785227
741.0	18882.31181438217	-1006.7281179494161
742.0	18733.817720100928	-1425.318377561076
743.0	19127.146538682824	-922.7580038857044
744.0	19134.751288804677	-1431.3945620233696
745.0	19484.59630625288	-1017.8877198820804
746.0	19335.235618147504	-1435.197454630915
747.0	19729.2490040423	-931.5540245817689
748.0	19736.24004141218	-1443.140077085527
749.0	19936.539233678646	-1447.1034232911613
750.0	20084.071759704868	-1031.8218722958766
751.0	20337.219492240634	-1455.0619171906872
752.0	20326.019411296864	-945.2345371862993
753.0	20537.393214880252	-1458.9927908327054
754.0	20689.804056826335	-1037.4284257983084
755.0	20937.861030101532	-1465.6491355508224
756.0	20934.342150713517	-948.0316538433502
757.0	21137.9752816632	-1468.5674358911763
758.0	21287.385502369692	-1043.2892311177038
759.0	21538.257892245234	-1473.2777181924248
760.0	21534.474273653348	-955.4670742539305
761.0	21738.43181003962	-1475.1169466958524
762.0	21887.174004584827	-1048.7126063807464
763.0	22138.795194323568	-1477.8785643793478
764.0	22135.6547776638	-959.1792681300958
765.0	22339.059763372872	-1478.8525148921156
766.0	22739.61773827126	-1479.6505872494654
767.0	22487.954895151775	-1051.8388853862386
768.0	22539.358759932187	-1479.3435698993674
769.0	22740.328744658585	-962.4268596482998
770.0	22939.922547120437	-1480.083890204233
771.0	23340.549469631802	-1480.103374687779
772.0	23077.03661806042	-962.7245697523158
773.0	23240.62930577787	-1233.1427477088503
774.0	23140.217864099115	-1480.1506685028537
775.0	23540.940626954263	-1480.4530829387033
776.0	23941.73050387645	-1480.853038155755
777.0	23679.491378195486	-964.1174163455235
778.0	23841.739225541653	-1233.6568927181136
779.0	23741.336946257306	-1480.769673720774
780.0	24282.086452594598	-964.4317266452714
781.0	24142.136882168008	-1480.9427761077857
782.0	24543.022590865712	-1480.7854218415348
783.0	24443.123519226167	-1233.800197972235
784.0	24342.57644755165	-1480.8260935263672
785.0	24884.50013177404	-965.8051613680369
786.0	24743.4859067145	-1481.0517082830982
787.0	25144.92492636634	-1481.0243148790198
788.0	25047.47115431263	-1234.3669088770632
789.0	24944.01299585892	-1481.0104481148428
790.0	25264.1058400694	-1235.2444376358283
791.0	25346.351306115408	-1481.5631366049686
792.0	25756.816533055826	-1483.8580090627195
793.0	25548.379828180197	-1487.2985408281656
794.0	11796.576532736923	-589.0469087930123
795.0	11842.516346211874	-590.4536778771804
796.0	25712.97997272466	-977.1007425682723
797.0	25849.77503709529	-1232.7518995002968
798.0	25508.785859405227	-1245.255597684217
799.0	13543.966135793193	-1158.0733931227958
800.0	13758.66189177245	-1033.7260988837909
801.0	12385.090734141859	-1422.9055298866672
802.0	12315.237957662363	-1360.0431974485443
803.0	24743.794918357384	-1323.3486762983896
804.0	25151.558919918305	-965.2981037090558
805.0	24142.27228435955	-1323.3347359845563
806.0	24549.801067600492	-964.9409786328706
807.0	23541.06864139564	-1322.7210373136422
808.0	23947.23573880129	-964.66777470735
809.0	22940.244946298775	-1322.3592804889788
810.0	23344.94158167017	-963.4026403461618
811.0	22339.756594732957	-1321.110841859061
812.0	22740.041967207875	-1321.8378959840782
813.0	21739.760616005868	-1317.4672122248382
814.0	22139.640898749658	-1320.123482629641
815.0	21140.10847653287	-1310.8870375319275
816.0	21539.835706636313	-1315.556144874933
817.0	20540.283374489445	-1298.5893130353877
818.0	21055.734776756057	-1039.7138248590206
819.0	19939.608676239866	-1289.4413959941878
820.0	19338.01119943544	-1277.6687542554246
821.0	19853.277752151847	-1019.2683529957327
822.0	18736.214371970025	-1267.6567346980949
823.0	19251.307791672243	-1009.1857931209919
824.0	18135.704858297842	-1258.5198318744108
825.0	18649.18041064365	-1000.6891426524568
826.0	17535.078027881584	-1246.418924705821
827.0	18048.348915619426	-993.8475426830124
828.0	16928.69855074099	-1240.6336222979571
829.0	17445.932560880923	-985.8600949096659
830.0	16359.546099033943	-1262.9997921695176
831.0	16554.84336144373	-1022.3624812069496
832.0	15987.583686707987	-1248.4717790799125
833.0	16253.343912531482	-1022.7681985137333
834.0	15365.774227283015	-1039.5553651059236
835.0	15755.145860750798	-1213.973757682176
836.0	12207.376943773852	-1236.8328943088902
837.0	12132.70271394143	-1142.2593466169255
838.0	12227.475534545316	-686.696164068524
839.0	12067.921706476569	-969.4350121396752
840.0	12342.617207473648	-1388.5873823885784
841.0	12429.783435541105	-1341.2139450758496
842.0	11914.49183249059	-631.0241075134467
843.0	11817.875534292063	-643.2063458436538
844.0	12195.488870538	-1221.9443081261113
845.0	12560.850539586036	-1349.446812611702
846.0	12276.74018799434	-1318.0548821033674
847.0	12178.72180616948	-1201.2472550698524
848.0	12501.767347770843	-1304.8022933515433
849.0	12257.680732522012	-1296.4036620979725
850.0	12163.10278869323	-1169.5485144190782
851.0	12232.53786785947	-1266.9949777579095
852.0	12213.676483015422	-1244.497954996119
853.0	12175.115646830609	-1145.082362336066
854.0	12205.832410350617	-1224.0995659834637
855.0	12432.104053162	-849.2689952413851
856.0	12189.71863229786	-1204.029152051092
857.0	12114.81556584555	-1120.7009554850767
858.0	12178.552256598623	-1189.424136687494
859.0	12104.446026090807	-1106.338290416966
860.0	12375.09909835449	-721.6741291522673
861.0	12145.6193243787	-1147.2743136243073
862.0	12098.466054021317	-1098.4318122798632
863.0	12138.669080686783	-1114.9791633503974
864.0	12120.922896949121	-1128.612874445341
865.0	12087.0626570408	-1083.3381593822166
866.0	12114.892214003665	-1109.561189602616
867.0	12113.023916598942	-1080.3194238610129
868.0	12075.915118917408	-1068.5670417501176
869.0	12099.170594412128	-1088.0619239948737
870.0	12052.934053920282	-982.730519743136
871.0	12016.060769695543	-983.8584306783893
872.0	12070.052542140771	-1048.9134908974513
873.0	12109.0381544299	-659.3548049219565
874.0	11891.356877677366	-764.7969489915891
875.0	12010.532713424895	-975.6272576322777
876.0	12042.293458748105	-1009.9117680229168
877.0	12000.64310010732	-961.1343398822955
878.0	12057.220310811244	-952.3550664418768
879.0	12026.22852240814	-986.6998395925444
880.0	12158.24385775406	-1138.9022476764312
881.0	11919.71727718548	-784.7864064820272
882.0	12002.398291070158	-918.3471402015317
883.0	12159.478234635904	-697.7766728216138
884.0	11941.855132510618	-823.3604027538331
885.0	11941.06300073117	-865.4546066091456
886.0	11988.359183862434	-925.9243824088389
887.0	12097.223502507062	-749.8352410524682
888.0	11956.375625008659	-890.5346875802855
889.0	11931.394770153905	-835.3588591372785
890.0	11943.247363039374	-855.3316696773078
891.0	11955.822009889793	-830.3844581694206
892.0	11870.028379097608	-740.6428942242704
893.0	11918.432326369524	-812.6583244847225
894.0	11864.88082464372	-718.2556528122471
895.0	11889.052007513863	-774.6959604666632
896.0	12063.613665774377	-685.0878746222534
897.0	11933.89437813226	-809.3135939378184
898.0	11942.178183433507	-616.9259939486165
899.0	11840.650743258877	-688.4214686457084
900.0	11875.43109597599	-693.1102507583959
901.0	11879.623149222405	-743.7950311274939
902.0	11855.243258800307	-714.7584806800229
903.0	11831.129650135657	-670.8454553545386
904.0	11849.962925616084	-692.2131507853452
905.0	11856.019892813261	-640.0065230023907
906.0	11882.515349324296	-602.0307232146328
907.0	11893.094960348806	-624.2577352301856
908.0	11857.722867501545	-605.9070850809761
909.0	11823.973092023092	-594.9151009870651
910.0	11799.311040673421	-610.3798570033972
911.0	11848.385885070564	-625.5824215690367
912.0	11821.407252438055	-609.8301615003966
913.0	12367.85848058008	-1404.0934139442477
914.0	12399.900556930477	-1368.1532859225038
915.0	12302.003307171057	-1345.960466405834
916.0	12332.96015845669	-1368.4343258269807
917.0	12306.377418373182	-1316.9252346747573
918.0	12295.33917277168	-1338.63588790211
919.0	12312.815854728104	-1347.537842818426
920.0	25147.915333193716	-1323.3904896746062
921.0	25033.223282701558	-1055.2423366445757
922.0	25281.99729840506	-1056.2766239027653
923.0	25427.030232810077	-969.8879360694524
924.0	25362.58612695933	-1324.3101154119602
925.0	24844.31448874869	-1234.283991539849
926.0	24428.53119725446	-1053.9387447151948
927.0	24664.805524868792	-1055.6767570116215
928.0	24543.240349439406	-1323.1063869874488
929.0	24242.610765315956	-1233.9612592694295
930.0	23826.394775680386	-1054.0126463828826
931.0	24062.863605108574	-1054.9953960697876
932.0	23941.861742615332	-1323.1581047814889
933.0	23641.343663184543	-1233.554316197463
934.0	23224.724866629196	-1053.1218260175403
935.0	23340.671189458128	-1322.44834779491
936.0	23461.11342768239	-1054.2617417163012
937.0	22840.357725847483	-1232.6210048469736
938.0	23040.489575414875	-1233.0664946154502
939.0	22640.26250463291	-1232.0827372322558
940.0	22621.278388946783	-1052.2229886602624
941.0	22240.111003890313	-1230.8774010249028
942.0	22440.23139895903	-1231.755360898201
943.0	22403.455059560816	-960.4967326154856
944.0	22040.246113393034	-1229.7749640597406
945.0	22020.285023672055	-1049.5283832918085
946.0	21840.434070732586	-1228.4965783711632
947.0	21801.591881352204	-957.5070956444573
948.0	21440.87099243037	-1224.7256064046596
949.0	21640.624861351895	-1226.8419564370452
950.0	21420.418227953316	-1044.8126803736213
951.0	21241.16602202126	-1222.417442692269
952.0	21200.475044024188	-951.7361550659595
953.0	20843.201323545276	-1222.2706005695406
954.0	21041.58768961317	-1219.7364957504233
955.0	20823.013185681542	-1042.3981578181101
956.0	20449.469967589874	-1031.2426256661402
957.0	20213.50368509415	-1040.5417411817707
958.0	20235.20095418856	-1217.0945579393338
959.0	20038.93609183678	-1206.9418953735556
960.0	19997.007638707415	-935.0385730866941
961.0	19640.355442693675	-1196.3512055121544
962.0	19841.014457552392	-1198.5511528255477
963.0	19618.247337795525	-1021.000985380401
964.0	19439.786309926716	-1191.9169541535841
965.0	19394.89971421292	-926.4125977300022
966.0	19038.370748601985	-1182.7295434489497
967.0	19016.091776711488	-1008.8981804725718
968.0	19239.22927322093	-1186.4127153749105
969.0	18837.73881437686	-1179.7450788143426
970.0	18792.564336817013	-918.6808745291424
971.0	18437.14810559439	-1173.5019906041045
972.0	18637.403445801974	-1176.6480419564825
973.0	18414.47445115684	-1000.6161438605153
974.0	18237.12174656572	-1170.5092055560478
975.0	18190.88117098192	-911.9396268191043
976.0	17836.939951567805	-1170.0837238952856
977.0	17813.68496967175	-999.2702052847908
978.0	18037.28238147261	-1168.349739815961
979.0	17636.598897571344	-1164.5686410788323
980.0	17589.13285007518	-904.9379113250076
981.0	17232.312647355877	-1159.2454945335091
982.0	17208.412101523383	-990.7017486937215
983.0	17435.572805002852	-1158.004800537842
984.0	16577.352505380713	-1182.7298629384175
985.0	17029.25606598429	-1154.6359308936123
986.0	16980.548199388544	-903.4878667562522
987.0	16817.100859455593	-1165.7444858939846
988.0	15947.959870957586	-994.6430571140099
989.0	15646.590388638515	-1130.2469021039524
990.0	12956.878218008393	-1228.265378598613
991.0	13181.688659584039	-1035.9359901731884
992.0	13015.309015557503	-1142.2576169442266
993.0	12252.8638883303	-1256.5705775518654
994.0	12777.878427191603	-1087.1950005124836
995.0	12873.87308043847	-1200.007753991631
996.0	12846.91014039052	-899.1907762419099
997.0	12234.119522626706	-1234.7967053747961
998.0	12721.22046687213	-1163.4886830603955
999.0	12717.79271723664	-1296.0297470963233
1000.0	12660.224566760911	-1280.0178717361098
1001.0	12216.559956632036	-1212.8005639536798
1002.0	12583.216882874678	-1312.7096457373798
1003.0	12558.925468901682	-761.0272868609627
1004.0	12630.977289789509	-1220.5141947101304
1005.0	12290.292845703198	-736.0809001640415
1006.0	12128.670760266488	-1102.7510015635264
1007.0	12451.687191538993	-780.9754095720291
1008.0	12096.61198657081	-1059.5786282061665
1009.0	12201.028390457592	-1192.3856104422478
1010.0	12523.012352484991	-1341.7026893755883
1011.0	12271.554149292982	-1278.343289364193
1012.0	12475.685591570842	-1366.3595239875885
1013.0	12405.328285388001	-1403.8166624391797
1014.0	12322.87500527036	-1336.618553266176
1015.0	12437.707322463664	-1386.2862306221984
1016.0	12364.114015006277	-1379.8708468461948
1017.0	20598.43635467192	-937.9890228847938
1018.0	20643.218565652165	-1216.3358466100392
1019.0	11847.5572872614	-656.7700465728152
1020.0	12376.33266328113	-1391.2913461743356
1021.0	12344.894871489834	-1355.3922879229813
1022.0	12422.303061152352	-1364.9410977075174
1023.0	12363.044556012783	-1362.7332972087745
1024.0	12458.258348205365	-1339.182819383189
1025.0	12557.488027025383	-1263.524801602852
1026.0	12533.100924145489	-940.0086263222674
1027.0	12276.312095162897	-789.4451238182901
1028.0	12467.38046966768	-1307.5201023797847
1029.0	12334.215109678864	-1290.2328101366595
1030.0	12513.876679022593	-1263.3615724531294
1031.0	12621.539958577727	-913.4618270426939
1032.0	12861.950981426076	-1103.0242612706043
1033.0	12575.266747111542	-1215.8891125570105
1034.0	12546.523461783769	-1157.5370498791326
1035.0	12598.054541493671	-1055.0975165073207
1036.0	12596.74629500547	-1115.248783536604
1037.0	12654.087269585698	-1159.568638185486
1038.0	12669.645493250746	-992.7903673548493
1039.0	12384.398736667747	-1328.298659317638
1040.0	11934.06547499448	-671.5514898944621
1041.0	11875.936486268756	-642.5581985298832
1042.0	11860.967738582149	-667.8599935142817
1043.0	11875.989367175656	-709.4219491330326
1044.0	11964.709609301497	-666.8862032201414
1045.0	11891.68977542201	-733.7805708819209
1046.0	11935.472869678284	-698.2477453978518
1047.0	11959.351768416009	-712.1506368264085
1048.0	11894.37705352241	-670.8592069551675
1049.0	11877.020918501534	-660.313911906192
1050.0	11892.343070278728	-687.7221119362226
1051.0	12032.517186553441	-673.6608927466023
1052.0	11905.968233479529	-759.9554587951843
1053.0	11972.677426485452	-874.260547037226
1054.0	12146.799065232093	-742.0453877459701
1055.0	11957.126613847036	-849.3932218822259
1056.0	11988.056558521215	-847.9989042067446
1057.0	11972.169253780978	-857.589860659394
1058.0	12360.323710943174	-868.7168395500794
1059.0	12219.985053950104	-802.7512523512045
1060.0	11970.473034866174	-819.4188782260626
1061.0	12037.581280240507	-976.3139863276125
1062.0	12023.646782030215	-952.8852429637694
1063.0	12068.285800561542	-1020.1820538535509
1064.0	12008.82553803161	-851.5500410463046
1065.0	12126.680885825024	-1051.08824075816
1066.0	12054.270401767528	-999.094685295789
1067.0	12083.082558587752	-1039.3420019818677
1068.0	12409.728051987875	-964.9816757437299
1069.0	12145.118263628865	-1054.4035300977732
1070.0	12129.093180203154	-1087.8032383680045
1071.0	12152.99846247604	-1119.1651736696956
1072.0	12192.973191100862	-1181.681337182764
1073.0	12306.297369716805	-1258.6833388581042
1074.0	12214.409757190087	-1195.1285745666003
1075.0	12231.566835871965	-1217.945185209727
1076.0	12330.65829930447	-1228.8184574693325
1077.0	12265.539329194582	-1226.808102256682
1078.0	12249.952694232068	-1240.131362701508
1079.0	12269.0795315226	-1262.09165336416
1080.0	12442.838484231952	-1280.6479004704645
1081.0	12381.736902051323	-1353.3293260527582
1082.0	12340.622947215423	-1339.694492977768
1083.0	12111.901792794975	-1065.0322129047727
1084.0	12088.374652310922	-979.0646259185372
1085.0	12304.813334681245	-1275.176695417794
1086.0	12320.765577873875	-1320.6896208358496
1087.0	12286.786577299239	-1283.5599297424658
1088.0	12304.371120225476	-1302.4523552509454
1089.0	12316.430376049278	-1287.36160384283
1090.0	12954.61108728358	-1055.3462089539807
1091.0	12757.777653344972	-998.207895875778
1092.0	11903.63993939468	-799.7417803983111
1093.0	11935.742102983384	-796.0411640155331
1094.0	11987.982841233004	-881.0082623044394
1095.0	11971.774274271316	-914.4723000173162
1096.0	12019.110833784942	-927.0069196562114
1097.0	12011.193049128444	-964.397569911897
1098.0	12053.798730287192	-1038.1264056377033
1099.0	12162.483950360433	-1180.210460225222
1100.0	12194.718295823499	-1167.866164773109
1101.0	12529.353193694542	-1021.9306604811894
1102.0	12229.766194704802	-1180.3209624777817
1103.0	12482.40322127547	-1222.6100039054024
1104.0	12246.73442311721	-1205.2074290906694
1105.0	12410.042765935656	-1319.3954665557158
1106.0	12285.79599456442	-1250.8149371827428
1107.0	12285.166986334634	-1231.9706009256224
1108.0	12211.857765322697	-1154.621460579443
1109.0	12359.320721309565	-1185.0883121707964
1110.0	12264.873744834464	-1208.7356888109127
1111.0	12177.79913224722	-1161.1055205297253
1112.0	12163.99343903694	-1106.3440305243814
1113.0	12460.531522613084	-1120.8387425151566
1114.0	12185.249285070111	-1073.700544092914
1115.0	12247.083981391994	-1185.2551957458036
1116.0	12097.042676797051	-1044.369540194951
1117.0	12189.523114689271	-1130.3929577099013
1118.0	12168.776068293659	-1036.8367348373267
1119.0	12146.40843420302	-1075.8313167513777
1120.0	12146.870118822413	-821.9600849058934
1121.0	12003.0076803739	-903.4354851650709
1122.0	12037.110738345002	-957.8222685565252
1123.0	12269.846880984582	-884.2888562067146
1124.0	12038.012976864005	-920.744608820561
1125.0	11987.664943563657	-828.8366854862185
1126.0	11940.931401415184	-747.4717088705651
1127.0	12055.692859500065	-890.1475789128144
1128.0	11922.70918319194	-733.8770874489813
1129.0	11967.147489275938	-794.3044122224825
1130.0	11980.640448962115	-694.2641284038115
1131.0	12349.94471449443	-1321.3107521207705
1132.0	12336.544013355751	-1309.0879477058672
1133.0	12385.377974026436	-1238.2882155313262
1134.0	12497.271283950484	-1164.421170377247
1135.0	12413.975693164184	-1290.492138953735
1136.0	12269.220158941675	-1169.6928335784899
1137.0	12445.751904587996	-1237.1785228944962
1138.0	12346.850969936344	-1271.661301375246
1139.0	12367.367102197153	-1281.6767156582403
1140.0	12368.13194307835	-1312.471028834557
1141.0	12117.493380397196	-1018.8116678790217
1142.0	12068.613159205206	-1004.8798166634582
1143.0	12116.947508592553	-1037.234128471827
1144.0	12016.242579638203	-940.1518725059328
1145.0	12082.987329212841	-1024.8392825522442
1146.0	12087.729757192317	-998.1452648896671
1147.0	12008.243648038924	-867.8887127661674
1148.0	11987.543347015298	-896.4474957006502
1149.0	11961.945806965567	-738.4729519283264
1150.0	11920.27975914662	-769.5530666796725
1151.0	11919.844690004598	-710.975439078186
1152.0	11984.233698068138	-781.9776915423021
1153.0	12008.67167243782	-817.3422903403098
1154.0	12064.478183255349	-731.2995958284088
1155.0	12033.346022747663	-753.95053637208
1156.0	12176.725966903425	-785.2387004909633
1157.0	12110.15283176226	-966.0614608865466
1158.0	12269.179161520564	-1141.2163589529512
1159.0	12310.89705676365	-844.4934643858682
1160.0	12135.535101943897	-1006.5834325124882
1161.0	11914.689493431419	-659.8698658621197
1162.0	11902.597014302852	-703.5931582349252
1163.0	12006.83978140813	-740.6816038850199
1164.0	12006.875462694881	-706.6036814656976
1165.0	12469.839690245679	-913.7642669820021
1166.0	12305.776389449167	-1216.36072154859
1167.0	12387.566823015079	-1268.6010185393407
1168.0	12130.443687286664	-888.0267564474252
1169.0	12059.639792282602	-934.6651507013576
1170.0	12023.964188372971	-831.7716511958637
1171.0	12019.003718097883	-893.6362540149366
1172.0	11949.551873172642	-784.8861509006038
1173.0	11938.894122131924	-766.0484428462169
1174.0	11983.198806224922	-754.6643659250518
1175.0	12034.037322028855	-781.5533692697833
1176.0	12090.772523189584	-789.684245007688
1177.0	12037.29647187321	-902.2855982157471
1178.0	12182.166635989202	-990.5302898314834
1179.0	12097.493319226784	-1011.4443601725221
1180.0	12330.550271342321	-1252.2967385217264
1181.0	12414.700264531586	-1216.709958369752
1182.0	12468.377089453927	-1055.4343615348196
1183.0	12110.4922378336	-818.61577611612
1184.0	12008.56597253254	-795.5977623999734
1185.0	12229.731795863832	-1158.8029982218534
1186.0	12226.96873178082	-859.8135529763416
1187.0	12281.12171212765	-1185.5976921903305
1188.0	12398.766029834997	-1180.1929666021977
1189.0	12198.234146249752	-1091.0951465317576
1190.0	12302.396699602301	-1188.0602262590673
1191.0	12356.25990077021	-1218.564300722508
1192.0	12220.529197971759	-987.8742437193874
1193.0	12358.543522895161	-938.2678357664003
1194.0	12330.339429996959	-1167.0419736280983
1195.0	12370.00819640745	-1106.0062057414198
1196.0	12412.013181647068	-1024.7297361376252
1197.0	12311.807401083199	-964.9712586189471
1198.0	12091.800382678848	-850.6980154749926
1199.0	12194.899730532517	-883.1995335175192
1200.0	12058.718503219066	-798.751432681332
1201.0	12023.800191545202	-873.528715012244
1202.0	12162.659675286885	-1083.7021141831628
1203.0	12247.008585129914	-1135.2607568643368
1204.0	12244.413724406448	-1016.3628882794115
1205.0	12183.646302173622	-1111.3916999049525
1206.0	12409.576403131281	-1138.5850422324577
1207.0	12330.216531798564	-1129.5677915684616
1208.0	12315.062223804336	-1045.4164448094568
1209.0	12192.655848651046	-1048.2629514006821
1210.0	12061.901834473669	-850.2402383523046
1211.0	12048.539669657903	-827.2251866670758
1212.0	12082.112336112186	-925.310849170571
1213.0	12047.474149307976	-869.6479772081639
1214.0	12364.599408082395	-1057.5552806269243
1215.0	12227.329449431767	-1095.0186162244493
1216.0	12209.346069605077	-1133.1714117098945
1217.0	12247.92636363947	-1073.2995645709227
1218.0	12133.201316556959	-979.0160563330397
1219.0	12107.745348556244	-937.7198988475908
1220.0	12158.060204620786	-862.8586173073121
1221.0	12197.279451356262	-925.6338908542997
1222.0	12134.396861717629	-920.4776307064076
1223.0	12272.537413352145	-935.2156542234728
1224.0	12285.971188673991	-1079.7214381884132
1225.0	12164.511214505352	-1014.2625300108588
1226.0	12160.79007150881	-967.9407124907515
1227.0	12232.03898497213	-953.1747083298802
1228.0	12164.393099875497	-937.743848903075
1229.0	12232.564560271443	-1118.0936235976376
1230.0	12295.716708343161	-1115.4218598329226
1231.0	12226.23762403839	-1043.9385021859991
1232.0	12295.193499137875	-1011.4189572853787
1233.0	12100.561746333538	-879.2104634048792
1234.0	12078.881908320445	-899.2522879868417
1235.0	98.20095678501825	-1262.3941413954437
1236.0	11995.662583199015	-1020.1621606232142
1237.0	7388.260831665691	-638.3900825062866
1238.0	11712.919610511863	-552.1767709612665
1239.0	11696.400337204532	-553.423446406855
1240.0	11674.832083284527	-555.0994608579721
1241.0	11203.57958338675	-591.7933032461157
1242.0	11612.38070351504	-560.2186996430383
1243.0	11781.147055213793	-659.8877588622264
1244.0	11681.200338158995	-585.6077022663036
1245.0	11802.187523682276	-699.603045877018
1246.0	11801.26741899621	-708.6231093075976
1247.0	11275.687225019754	-626.2622903904171
1248.0	11507.24685993936	-568.3988044020224
1249.0	11387.364595477875	-608.7756233684578
1250.0	11838.219107227837	-765.2622422795774
1251.0	11418.449900321104	-1151.4874458752086
1252.0	11859.655713719238	-813.3763375354696
1253.0	11867.15163760189	-826.3933757338388
1254.0	11889.987147068829	-865.196085362586
1255.0	11583.889404529233	-1268.0241246540338
1256.0	11937.308875313247	-941.8401628184635
1257.0	11727.99116603446	-1285.5788962832007
1258.0	11987.20942568587	-1016.9033156716263
1259.0	11995.793543751803	-1029.2314308904079
1260.0	12004.450203795393	-1041.5059420653633
1261.0	12013.169365421889	-1053.7294280894766
1262.0	12021.952395362854	-1065.9087553292695
1263.0	11844.028709057004	-1300.065399076849
1264.0	12005.726142044083	-1063.6465399195215
1265.0	11938.446521065556	-1309.4331692753178
1266.0	12063.616236965163	-1152.6876719565607
1267.0	12102.789750518403	-1173.9273625627968
1268.0	12014.783106627461	-1318.0013113992584
1269.0	12148.632728691728	-1233.204199220386
1270.0	12075.94166366884	-1325.2618063604382
1271.0	12125.419028828897	-1329.910805706033
1272.0	12195.213007901633	-1291.868884692779
1273.0	12165.410135555998	-1334.420747902425
1274.0	12197.27059846496	-1336.608986718141
1275.0	12214.176991405135	-1349.5004358939657
1276.0	12229.864263222136	-1349.5037652614992
1277.0	11860.342864446759	-804.3516401229016
1278.0	184.33370431528968	-1127.7282389012878
1279.0	96.58468599768649	-632.2536296753359
1280.0	1007.9457643467478	-633.3427423103191
1281.0	1146.3701386677083	-723.9611274687531
1282.0	1436.0022458569954	-724.0160376194084
1283.0	1726.1064666561804	-724.0372918718562
1284.0	2016.2984498284375	-724.0544668507928
1285.0	2306.5061915812607	-724.0723816868616
1286.0	2596.7200887560666	-724.0923408026605
1287.0	2886.9383918636845	-724.115625763851
1288.0	3177.1576314198246	-724.140581835209
1289.0	3467.3489822195806	-724.0816364974839
1290.0	3757.5188461575003	-724.0311732064383
1291.0	4047.7220211742606	-724.0788941655114
1292.0	4338.008628520904	-724.2125245547683
1293.0	4628.52464327655	-724.0787895685534
1294.0	4921.287035114029	-725.764565595693
1295.0	5213.618783527555	-727.7654066799649
1296.0	5503.444474118216	-727.9140705508904
1297.0	5793.27197307206	-728.0907102194359
1298.0	6068.206761467666	-905.5178295708683
1299.0	6360.055747803647	-906.580217789396
1300.0	6651.847163707013	-907.6682846400139
1301.0	6943.196303421049	-907.78776189772
1302.0	11730.703998071245	-554.0445608331794
1303.0	7525.894163704939	-908.1623493376889
1304.0	7817.243199020551	-908.3487072107049
1305.0	8108.593380363755	-908.5066784499795
1306.0	10713.280388835996	-713.4805537926694
1307.0	12251.204351098024	-1351.1470296161108
1308.0	11760.629433546545	-619.8783961626656
1309.0	11845.56617562603	-778.3340881770213
1310.0	11921.628815887774	-907.3930563230188
1311.0	11978.679229944022	-995.4497490627961
1312.0	12039.344406828348	-1081.086569478508
1313.0	12084.1664309345	-1141.0488609819247
1314.0	12129.645220979684	-1200.4933388092704
1315.0	12166.486313296045	-1247.7159787923672
1316.0	12185.093996053669	-1271.2243681698494
1317.0	12213.09483845432	-1306.3263182258904
1318.0	12232.241103948028	-1330.3168733945615
1319.0	12244.827217895552	-1343.4774613412567
1320.0	452.529847528776	-1263.5621229098613
1321.0	743.8143292215782	-1262.1759242281523
1322.0	182.71743352795792	-767.6131825145135
1323.0	331.3610766827412	-759.8279860677793
1324.0	821.3580901197784	-903.814905165882
1325.0	1037.5160233505196	-1262.2069380646165
1326.0	1331.7817980075818	-1262.3401707331163
1327.0	1626.1491677069137	-1262.4686028291026
1328.0	1920.529823559944	-1262.5951048326303
1329.0	2214.9088979219596	-1262.7199062388156
1330.0	2509.2861823494536	-1262.8432390044184
1331.0	2803.66086597177	-1262.9653660979209
1332.0	3098.0223693022394	-1263.0861242724013
1333.0	3392.2929583120203	-1263.1975524523416
1334.0	3686.305188075576	-1263.0768061484725
1335.0	3980.6099371474397	-1263.1924089468703
1336.0	4275.053547857982	-1263.311459180623
1337.0	4569.4975399693185	-1263.6383814392318
1338.0	4861.789856837536	-1262.0259576354747
1339.0	5156.35234833595	-1262.0989799994838
1340.0	5450.9141015124405	-1262.1660888687738
1341.0	5745.0036990897015	-1261.3498361524944
1342.0	6039.618270777343	-1261.385308352117
1343.0	6334.232840464397	-1261.4201349894408
1344.0	6628.8474033212615	-1261.4543559795886
1345.0	6923.462064563676	-1261.4554481447778
1346.0	7218.076608008635	-1261.4909131948043
1347.0	7512.69114879454	-1261.5250282276972
1348.0	7807.305673884596	-1261.5590976658004
1349.0	8101.920195666589	-1261.5930093082375
1350.0	8396.53469901903	-1261.6267571973322
1351.0	8691.149194550491	-1261.6603426166287
1352.0	8985.763767151015	-1261.6674394308452
1353.0	9280.378229039497	-1261.7028326859802
1354.0	9574.992665466636	-1261.7402018318087
1355.0	9869.60703572757	-1261.7852996873573
1356.0	10164.221452683787	-1261.8087258706662
1357.0	10458.835958522746	-1261.8161164802252
1358.0	10758.409599934796	-1261.307576633164
1359.0	11045.057323332474	-1284.2730090517362
1360.0	11767.432197412136	-633.2308010332214
1361.0	11795.121419470242	-686.3955971261298
1362.0	11296.275621142593	-1295.708560561022
1363.0	11816.527407464906	-725.932961640183
1364.0	11830.92864093707	-752.1560974896116
1365.0	11823.698845981691	-739.0582651159142
1366.0	11592.488547235838	-576.3057225611686
1367.0	11774.24392983103	-646.5820809663459
1368.0	11662.536713772557	-564.7354733545419
1369.0	11747.378743388508	-592.9800047321824
1370.0	11740.59368327337	-579.4604237558843
1371.0	11734.872278372	-565.9101035347998
1372.0	11953.79051507289	-957.9972942741077
1373.0	12005.130516305107	-1103.6632609191383
1374.0	7098.523334078952	-638.2008817756133
1375.0	7677.998323040046	-638.5899538163295
1376.0	11753.925545018357	-606.4811407678181
1377.0	11719.495376288682	-555.0765712669835
1378.0	11705.495520687962	-557.9053794329149
1379.0	11686.851525143962	-560.8370335550691
1380.0	11701.221704412475	-577.4517335389895
1381.0	11788.10491991135	-673.1535288171599
1382.0	11707.71948671848	-568.3583470884399
1383.0	11040.273156195266	-606.0116849781431
1384.0	11474.255414656718	-595.1745370898361
1385.0	11632.223191235498	-569.8695289435905
1386.0	11740.774231915442	-634.0204894208988
1387.0	11790.303199225747	-713.6582343237448
1388.0	11766.573943448393	-683.2797758090383
1389.0	11777.282854778767	-688.5140408028286
1390.0	11780.110359609696	-668.8888346996732
1391.0	11497.336921422926	-1307.0103322236591
1392.0	11787.10733150976	-682.1615553462639
1393.0	11852.941141929186	-791.3504289786744
1394.0	11809.313849640102	-712.7927965888699
1395.0	11330.754349565432	-581.9585808109377
1396.0	11798.72292442843	-728.6618816376109
1397.0	11566.326230789737	-563.7276398880559
1398.0	11430.253535761389	-574.3596541276387
1399.0	11486.150607294583	-641.5870970292696
1400.0	11882.894181480871	-843.2515762274012
1401.0	11826.919624030357	-779.3275599305167
1402.0	11182.245841263823	-1225.2379504156743
1403.0	11890.522779667697	-856.1503657482339
1404.0	11837.462296043215	-774.2963376099233
1405.0	11905.952339459474	-881.8444715559414
1406.0	11867.802020693382	-817.3545682319404
1407.0	11913.756203940793	-894.6342189038223
1408.0	11875.32274401606	-830.3241393570693
1409.0	11870.531669209477	-869.4156230658003
1410.0	11874.708519606711	-839.3647196157693
1411.0	11929.56169891505	-920.1035702505686
1412.0	11882.319745997132	-852.2966514479068
1413.0	11937.56931679919	-932.7821589066456
1414.0	11898.206116093903	-869.0123315505489
1415.0	11905.69455216868	-913.684870898666
1416.0	11897.714269986502	-878.0634785756141
1417.0	11973.563182849264	-1029.808577259255
1418.0	11905.501854607166	-890.8949309159676
1419.0	11658.649571180928	-1315.8450662592256
1420.0	11863.827954540053	-844.4512520801394
1421.0	11895.970774154142	-910.9937600972529
1422.0	11962.007044026994	-970.5271993851546
1423.0	11913.353615874776	-903.6910610890906
1424.0	11929.2550597768	-929.165534005229
1425.0	11945.148799064025	-1032.013301225238
1426.0	11945.63954088521	-945.4061419458291
1427.0	11734.826162590194	-1224.3429145265436
1428.0	11970.310599217628	-983.0228297883182
1429.0	11945.435459685737	-954.4725040981847
1430.0	11944.37684606957	-987.6037998234478
1431.0	11978.70117331107	-1004.5203676461593
1432.0	11953.635640541075	-967.0576684249341
1433.0	11959.838875279	-1036.3138304617453
1434.0	11961.913776830092	-979.5962674202539
1435.0	11788.097242081078	-1324.5962297395342
1436.0	11935.335147324766	-960.8828797645989
1437.0	12057.156615695581	-1105.128181774863
1438.0	11959.229370411294	-1008.5572674892804
1439.0	11987.141165594958	-1007.8435010819807
1440.0	11996.216952738423	-1062.2752773207496
1441.0	12004.276392785274	-1032.4485193755256
1442.0	12048.23880604315	-1093.1185594938788
1443.0	12012.941795106215	-1044.6635475568285
1444.0	12021.684405520571	-1056.8520909623828
1445.0	12066.083014658661	-1117.1601352133678
1446.0	11942.071140945112	-1169.7160445723682
1447.0	12030.47470229128	-1068.9792320153272
1448.0	11892.759549931921	-1330.3566280012164
1449.0	12021.088248460159	-1085.1502466064303
1450.0	11848.84292759916	-1251.8293134803073
1451.0	12093.21211629048	-1152.9652433067
1452.0	12075.134894122099	-1129.1208702829913
1453.0	12030.80662235171	-1078.0473392382937
1454.0	12047.323530846159	-1131.8765496647447
1455.0	12048.62395696638	-1102.1444897108238
1456.0	12057.524897083282	-1114.1912307304199
1457.0	12102.27788377366	-1164.8763832678821
1458.0	12019.871077523085	-1234.8071008364896
1459.0	12066.52412291718	-1126.2159921032874
1460.0	11978.174540121277	-1333.9843021033994
1461.0	11940.972763564068	-1269.831158468324
1462.0	12098.961164329703	-1198.9895243095634
1463.0	12120.510835159534	-1188.6449736622353
1464.0	12075.597437145903	-1138.1599382017357
1465.0	12099.358300918933	-1189.1595296350522
1466.0	12093.691191531578	-1161.999199071698
1467.0	12138.801786284266	-1212.334061413648
1468.0	12111.390409323792	-1176.7849272185138
1469.0	12148.018069095639	-1224.173842431738
1470.0	12111.92118554539	-1185.8207055417236
1471.0	12046.45168243502	-1338.941187578078
1472.0	12112.06493011987	-1204.677481267311
1473.0	12130.19385557277	-1209.5219992387772
1474.0	12123.335064080893	-1256.2398345130823
1475.0	12139.39237719945	-1221.383828266861
1476.0	12175.753243252357	-1259.4688213898273
1477.0	12136.224187912434	-1247.2815565673675
1478.0	12157.243737567687	-1235.9522891632657
1479.0	12101.530508955415	-1341.2579974505925
1480.0	12130.356484309421	-1229.0268053039115
1481.0	12155.117758139495	-1260.4367923321927
1482.0	12167.120820732967	-1256.7352870898428
1483.0	12194.483191325902	-1282.8603725395917
1484.0	12145.666495941563	-1343.6007428857065
1485.0	12166.901995318862	-1276.4116043015104
1486.0	12176.437760465778	-1268.5163178454497
1487.0	12184.370890427539	-1310.7030736018448
1488.0	12212.767209484306	-1316.4080485807388
1489.0	12203.819650650867	-1294.561740824591
1490.0	12181.530745059878	-1345.7764309320173
1491.0	12221.58291814949	-1318.8984466324127
1492.0	12168.32589519312	-1317.3643061778469
1493.0	12195.004889311553	-1313.754682500062
1494.0	11850.188525222484	-820.167368534782
1495.0	11852.229687453531	-800.3559134085809
1496.0	86.13274753027144	-947.592123389882
1497.0	578.5085976105065	-715.5749436966344
1498.0	1297.4406062932	-633.451655786084
1499.0	1190.8863399378824	-1171.9217251844798
1500.0	1587.3319295290955	-633.5312403678867
1501.0	1484.9166139392219	-1172.1208652956523
1502.0	1877.2988850854447	-633.6064979454444
1503.0	1779.0617691365296	-1172.313274741853
1504.0	2167.277970694413	-633.6820032537356
1505.0	2073.218628996521	-1172.502053498253
1506.0	2457.2606848313276	-633.7580006884258
1507.0	2367.3721174309762	-1172.6876630167278
1508.0	2747.245925862279	-633.8355502764467
1509.0	2661.5212151257315	-1172.8705982225194
1510.0	3037.2330459320056	-633.914873556529
1511.0	2955.654531723463	-1173.050958837189
1512.0	3327.2192234114796	-633.9940942547171
1513.0	3249.683753708659	-1173.220620538297
1514.0	3617.1784547248208	-633.9895161257165
1515.0	3543.363702126941	-1173.1487777610548
1516.0	3907.143145342459	-634.077218870584
1517.0	3837.077810607306	-1173.0811096022705
1518.0	4197.135687734642	-634.170824991702
1519.0	4131.223300034658	-1173.2532379811075
1520.0	4487.183810682162	-634.3444371667533
1521.0	4425.508032501482	-1173.6366858201554
1522.0	4777.40576048335	-634.1706779123996
1523.0	4717.641471125981	-1172.288659621694
1524.0	5069.700260512701	-636.1638011008055
1525.0	5009.893409137559	-1170.6867335286329
1526.0	5359.491566889935	-636.3051069035838
1527.0	5304.414783457408	-1170.7643401086186
1528.0	5649.28000909642	-636.4460528786435
1529.0	5598.463263856104	-1169.9526716083158
1530.0	6228.868218844912	-636.760900395207
1531.0	5939.073123836839	-636.6153344790417
1532.0	5892.564562765951	-1169.1093664383454
1533.0	6083.106124827489	-728.271969829087
1534.0	6519.048198046547	-637.8626963716711
1535.0	6373.32714104414	-729.3857438148038
1536.0	6808.785729452194	-638.0345465671024
1537.0	6663.490593658364	-730.5258020797868
1538.0	6953.211671697708	-730.7303995768166
1539.0	7242.932715918145	-730.9523476090884
1540.0	7234.5452915187225	-907.9589625755052
1541.0	11725.313326505717	-550.601513807501
1542.0	11733.237393074925	-574.4637577251493
1543.0	7532.6536468861805	-731.2078317428922
1544.0	7967.7359994520275	-638.7621712526247
1545.0	7822.374756679458	-731.4463325823177
1546.0	8257.474640162041	-638.9338137245927
1547.0	8112.097015808395	-731.6566045836685
1548.0	8547.223816971886	-639.0862547360874
1549.0	8401.830775335191	-731.8471001602187
1550.0	8836.972961378211	-639.2391196792686
1551.0	8691.575038558301	-732.018818207982
1552.0	9126.722084771669	-639.3924723300123
1553.0	8838.105263018648	-992.6499688203245
1554.0	8981.319248365025	-732.1914478949944
1555.0	9416.471354055486	-639.5474711754802
1556.0	9131.11022176566	-992.6733867313936
1557.0	9271.06358304924	-732.3662114842936
1558.0	9706.210028594987	-639.7511898825035
1559.0	9424.115190229655	-992.7287231687988
1560.0	9560.797468879498	-732.5913411298721
1561.0	9996.181513821104	-638.7241825547128
1562.0	9717.109472321785	-992.8424840681733
1563.0	9850.753570652056	-731.6344646021925
1564.0	10286.258871220438	-638.941777125396
1565.0	10010.336545629603	-991.7115759702143
1566.0	10141.048355284445	-730.6914639381724
1567.0	10574.068175110166	-637.1861624472849
1568.0	10303.669626688665	-991.7875625247392
1569.0	10434.456319721327	-729.0222880707983
1570.0	11155.442566545864	-748.9528650097163
1571.0	11132.827089675638	-650.3834536153436
1572.0	10830.985885446817	-623.5226344621193
1573.0	11752.71773869096	-615.4610763226236
1574.0	11836.4123567519	-796.1667104222112
1575.0	11844.840979429138	-787.3488164310014
1576.0	11911.176147145045	-935.1004691456146
1577.0	11921.270057135263	-916.447676052229
1578.0	11969.766076361053	-1012.1154059266095
1579.0	11970.267415746705	-992.0827979038007
1580.0	12030.764086378776	-1098.0769051786235
1581.0	12039.714132277635	-1090.127902597197
1582.0	12075.680226999342	-1157.4787968226744
1583.0	12084.638578024553	-1150.0795311758163
1584.0	12118.157747656265	-1212.5814852264782
1585.0	12121.051716323243	-1197.6717547133112
1586.0	12157.871137865031	-1244.9709692534182
1587.0	12127.424971860324	-1308.8546266217847
1588.0	12178.942068484348	-1290.1728089533287
1589.0	12185.844329874919	-1280.2060775734826
1590.0	12200.196905113211	-1322.601899237423
1591.0	12204.432429584542	-1303.6882839606526
1592.0	12236.186360451591	-1341.836892191139
1593.0	12222.447207583877	-1328.8122248911977
1594.0	12210.705192270441	-1340.328914320242
1595.0	342.2606814890108	-1128.8545373134968
1596.0	934.7718335148202	-992.4641415403725
1597.0	392.7033678587759	-940.9332253553566
1598.0	607.1384360402445	-1173.2377128313872
1599.0	719.6190124487831	-633.5835466772492
1600.0	438.39770114784295	-624.55749183321
1601.0	647.4321049305581	-994.2325555615735
1602.0	858.3026028163513	-724.2266062668309
1603.0	543.2662027888546	-896.6356536819076
1604.0	1110.1407205323533	-903.4942277997555
1605.0	897.5217415069336	-1171.8200033328292
1606.0	1401.0520028109797	-903.5961582143973
1607.0	1226.2609451118296	-992.5648767120753
1608.0	1692.5369937417734	-903.6596321583183
1609.0	1518.8122135686729	-992.7337012493377
1610.0	1984.1230331993381	-903.7170967362696
1611.0	1811.5539955419383	-992.8914681173834
1612.0	2275.723249746454	-903.7736005740111
1613.0	2104.3196122305067	-993.0458520263619
1614.0	2567.3278317810305	-903.8306800508993
1615.0	2397.0854860214845	-993.1975588238141
1616.0	2858.9342189432414	-903.8898797010794
1617.0	2689.8494959668	-993.348143461914
1618.0	3150.528362262128	-903.9493815424048
1619.0	2982.5996038538665	-993.4979272009532
1620.0	3442.003702503942	-903.9156519801072
1621.0	3275.2446745381444	-993.6369094445363
1622.0	3733.199196637694	-903.6582299806796
1623.0	3567.513525489377	-993.450588382581
1624.0	4024.7205211585956	-903.7353413336374
1625.0	3859.821995806988	-993.3607228129513
1626.0	4316.464139648058	-903.9018095521338
1627.0	4152.589698846132	-993.5165571571937
1628.0	4608.437546947317	-904.0087844200146
1629.0	4445.552225480084	-993.9637170155802
1630.0	4900.50565608529	-903.9959242388844
1631.0	4736.537285125378	-992.3320314070521
1632.0	5194.413296429509	-905.9835752826524
1633.0	5029.713394385915	-992.6133283466843
1634.0	5485.814140628936	-906.1131356183547
1635.0	5322.655746302608	-992.7223405737356
1636.0	5776.744637592317	-905.3873101661078
1637.0	5615.122340127399	-991.9417178927797
1638.0	5907.646424997273	-991.157794167495
1639.0	6200.697462244595	-991.2012341115806
1640.0	6187.190833785593	-1169.1171406219785
1641.0	6494.133374854704	-992.1996529064903
1642.0	6481.817095974457	-1169.123663596137
1643.0	6787.126931224185	-992.2343914482329
1644.0	6776.443449718681	-1169.0964520981609
1645.0	7080.12054140287	-992.2648590629336
1646.0	7071.069784050999	-1169.0704846600636
1647.0	7373.113924085025	-992.3512150675002
1648.0	7365.6959979268095	-1169.0775400896694
1649.0	7666.107282199898	-992.4468460395134
1650.0	7660.322193447716	-1169.0831999073525
1651.0	7959.1008063484815	-992.5146197473229
1652.0	7954.948369964711	-1169.0886563345796
1653.0	8399.95504367527	-908.6447095111113
1654.0	8249.574524744088	-1169.0937912127977
1655.0	8252.095273057485	-992.5814969417964
1656.0	8691.32720286212	-908.7638005736584
1657.0	8544.200653272937	-1169.098599867876
1658.0	8545.100249615785	-992.6288464526564
1659.0	8982.69938570164	-908.8573146703742
1660.0	8838.826851049867	-1169.0767574480756
1661.0	9274.071582706614	-908.9812591102951
1662.0	9133.453015183813	-1169.0567228641137
1663.0	9565.433305396293	-909.1575454971893
1664.0	9428.079043144382	-1169.0669606117638
1665.0	9857.017177862059	-908.1595544205453
1666.0	9722.704979477401	-1169.0869029598277
1667.0	10148.939779882941	-907.1537675353211
1668.0	10017.330896339497	-1169.092902345372
1669.0	10443.97565059106	-905.4057698729927
1670.0	10311.956948779618	-1169.0611944849265
1671.0	10735.150924269925	-889.271819230417
1672.0	10612.03102725456	-1168.4976243342724
1673.0	10876.897339198878	-930.7927304157365
1674.0	10605.458041413827	-989.3609096872273
1675.0	10910.501375891736	-1190.8934464467445
1676.0	11763.769812370958	-663.7779729438256
1677.0	11773.169320845149	-655.5826108241221
1678.0	11759.495254745038	-628.8477590854088
1679.0	10948.275016826808	-682.1994793449026
1680.0	10972.315935144941	-813.6783098607721
1681.0	11794.158147580922	-695.4047582237199
1682.0	11406.089800159534	-1247.9267918496978
1683.0	11294.204527190814	-702.0217617486924
1684.0	11812.458611317843	-753.8604226026013
1685.0	11808.475776329535	-721.8002724353001
1686.0	11812.412320276331	-767.3449894807842
1687.0	11815.683861587073	-734.9376837609594
1688.0	11830.125725771684	-761.1778498459836
1689.0	11801.146305779379	-747.3483575601398
1690.0	11822.865666676924	-748.0560790867485
1691.0	11540.963600689318	-584.5105431097971
1692.0	11549.563272840836	-620.6346875668236
1693.0	11766.313905900772	-642.2222491771942
1694.0	11647.24654803398	-557.3104344700621
1695.0	11715.593197627064	-614.8825451224529
1696.0	11741.567511281653	-620.6634946343826
1697.0	11746.126343500358	-601.9605847660733
1698.0	11730.674000916806	-612.9787120500556
1699.0	11721.697296585231	-562.2054915164954
1700.0	11739.380533141513	-588.3732640742496
1701.0	11729.47500246973	-594.1462726384422
1702.0	11723.146262326612	-577.2785631051969
1703.0	11729.132947369993	-561.1717415650392
1704.0	10947.962649773928	-1053.2569051740757
1705.0	11202.581582761317	-1109.4943560669005
1706.0	12185.191787951293	-1297.9438189306231
1707.0	12158.860693748711	-1303.5186285590528
1708.0	11717.345496838925	-569.7586588663034
1709.0	11666.307567469596	-581.6683952862641
1710.0	11720.597021853275	-588.0482377001244
1711.0	11755.343304286245	-646.7189909012692
1712.0	11596.457946399134	-658.5658062726203
1713.0	11884.183609719066	-921.9513008869011
1714.0	11637.383552602623	-591.8764369704968
1715.0	11779.054561933432	-706.588700332392
1716.0	11086.929551383626	-836.0599268883852
1717.0	11102.854338712159	-1030.8928734302935
1718.0	11402.616170840107	-668.6576403809582
1719.0	12168.655969516183	-1289.0863860057561
1720.0	12148.954398191738	-1252.5898388379137
1721.0	12144.84717963069	-1299.5161101533492
1722.0	12141.95487559127	-1279.73787638678
1723.0	12076.786960537314	-1299.6902952582902
1724.0	12154.21441551197	-1271.065613088238
1725.0	12094.18287722302	-1262.8314720992992
1726.0	12097.588804996718	-1287.06936841709
1727.0	12136.52991870977	-1236.9145970399925
1728.0	12126.889436594072	-1274.146431057501
1729.0	12018.546632721469	-1286.8031218204815
1730.0	12080.770584643587	-1175.6038261576366
1731.0	12117.729785477728	-1223.0365244383993
1732.0	12076.481163173923	-1234.215932907744
1733.0	12093.260422578993	-1181.2245606599888
1734.0	12057.936079124644	-1134.4365886531734
1735.0	12035.06711471917	-1115.5650434710399
1736.0	12081.713220340918	-1165.4294438642603
1737.0	12051.060505397501	-1282.1714868971528
1738.0	12085.68658601521	-1205.7644138489002
1739.0	12050.92297319531	-1160.0760692077347
1740.0	12064.005594201777	-1142.3994835295136
1741.0	12011.591976434489	-1071.7807778851213
1742.0	12003.636572236994	-1143.893365704577
1743.0	12047.353457063313	-1120.6870486319106
1744.0	12036.705896009938	-1106.08553350551
1745.0	11974.665099717704	-1250.5534514131002
1746.0	11985.454657140726	-1035.3925101313187
1747.0	11985.89454224894	-1090.187932398822
1748.0	12020.675987037937	-1096.1384794280712
1749.0	12010.39590947136	-1081.9541619393156
1750.0	11907.434331095174	-1210.4366788175575
1751.0	11954.171618485525	-989.254265052749
1752.0	11995.16858480541	-1049.2005599992397
1753.0	11926.537391163502	-946.8715082294044
1754.0	11975.448911947196	-1020.3886530667563
1755.0	11900.100010972588	-1242.5185315976807
1756.0	11986.012418852906	-1073.1848987752558
1757.0	11921.158022217927	-938.4063989194461
1758.0	11959.75265316399	-997.595278049835
1759.0	11811.042396283692	-1172.8559422218332
1760.0	11943.747600928216	-974.4762712307323
1761.0	11885.398564604931	-881.0044799356862
1762.0	11933.802163099057	-971.8262727463201
1763.0	11880.238680257831	-872.41284297037
1764.0	11911.985976035206	-967.4260384820227
1765.0	11924.767744374492	-956.8478630231845
1766.0	11910.981542924133	-922.2037100330581
1767.0	11799.746457178966	-1215.1241623863352
1768.0	11932.62551926662	-997.3496678477173
1769.0	11591.844126398277	-1191.568497001538
1770.0	11848.827368092612	-863.5165847176717
1771.0	11852.480585248559	-837.8830444282315
1772.0	11895.37548852661	-897.2606622998228
1773.0	11883.51026799735	-891.1512042998687
1774.0	11792.361500834479	-843.5415992781176
1775.0	11841.338653674009	-804.8368239109417
1776.0	11872.07710234991	-858.3451511576895
1777.0	11861.770972766995	-854.3866084015541
1778.0	11855.19004390104	-828.8657483406308
1779.0	11822.016460470026	-770.5623983213032
1780.0	11839.98464217048	-815.6235816245747
1781.0	11328.971462801657	-1083.5256202377593
1782.0	11673.439289605705	-1178.1534568500726
1783.0	11838.836409716258	-843.0940529725273
1784.0	11517.651743453544	-1134.1153585966742
1785.0	11869.266438776773	-896.5585441753714
1786.0	11814.585462500727	-800.8917606265555
1787.0	11540.075819662796	-1066.3843050539065
1788.0	11826.594880935938	-792.1832044888246
1789.0	11800.22485191047	-777.621709602301
1790.0	11598.97956808841	-604.4218269065004
1791.0	11527.74172472874	-650.9355087984823
1792.0	11343.559264926298	-993.9671842879828
1793.0	11260.717690549593	-919.8533623863981
1794.0	11425.899083361111	-900.220535351055
1795.0	11457.400303761484	-680.6542310795727
1796.0	11740.43761508502	-735.4264409055983
1797.0	11803.538376743842	-737.4234326893323
1798.0	11773.891507697137	-733.6445529791454
1799.0	11788.596777968536	-724.6895308073277
1800.0	11753.873819742315	-659.2741848101244
1801.0	11781.989405602537	-697.3552876629468
1802.0	11581.416923793826	-627.9678886904143
1803.0	11740.120567834623	-667.2389016638044
1804.0	11624.03208573474	-610.3417120152766
1805.0	11696.866858999567	-632.7315995927196
1806.0	11399.72002532913	-780.0116362747291
1807.0	11364.52322709872	-717.6000691817135
1808.0	11244.712362428036	-766.1221859987636
1809.0	11146.4026443758	-930.8103156995676
1810.0	11727.738185923312	-641.8852378975007
1811.0	11734.025026808116	-603.255737736552
1812.0	11750.790280523242	-637.7874340318831
1813.0	11708.298474059578	-589.6217199117806
1814.0	11656.177763098143	-596.2502644286906
1815.0	11683.684036817349	-616.2074313936246
1816.0	11704.22655157795	-602.181023198406
1817.0	11689.44892632139	-574.4123530316787
1818.0	11971.212985113054	-1056.016375127867
1819.0	11984.655887184213	-1046.3042165503127
1820.0	12105.25139949967	-1230.574659600119
1821.0	12115.031431151821	-1291.5881560196315
1822.0	11290.514393439591	-842.272294564263
1823.0	11483.215924706727	-730.2805173806415
1824.0	11688.90119376845	-601.2063860602399
1825.0	11958.88903590332	-1084.4267997118288
1826.0	11746.431206140884	-1115.4717296706337
1827.0	11713.45066199978	-630.4320761833818
1828.0	11635.030915021054	-634.3369952376166
1829.0	11764.552319044806	-711.6155428086689
1830.0	11692.609314753705	-650.6516358203522
1831.0	11665.853376836438	-615.1906167421148
1832.0	11721.06708689242	-693.7229306034982
1833.0	11787.64394926178	-753.1566262340699
1834.0	11658.057995627232	-634.8120725062612
1835.0	11761.095686065722	-727.6400989718392
1836.0	11556.48385348854	-819.7850333878426
1837.0	11612.583237030092	-720.5550896047249
1838.0	11375.203356432781	-840.5834374072074
1839.0	11547.743851087973	-689.4341962667264
1840.0	11463.62859001576	-780.6954937750428
1841.0	11826.0813241581	-823.4897821455537
1842.0	11667.990920816306	-678.2494392445193
1843.0	11625.019419980033	-659.0150277110466
1844.0	11531.968354599056	-729.7120707985827
1845.0	11759.897165359356	-763.955578403887
1846.0	11584.606421805378	-689.7312926172739
1847.0	11492.368530838508	-891.44915407802
1848.0	11563.283504799823	-767.4161669463405
1849.0	11687.868877447605	-1129.4275036284598
1850.0	11786.768786434382	-769.9454113980482
1851.0	11855.036761319026	-874.232375021842
1852.0	11818.65864350333	-864.8063049437563
1853.0	11812.960895527489	-817.0776214912912
1854.0	11825.155835505937	-837.586760934395
1855.0	11810.166847600542	-850.5237181934468
1856.0	11837.24017433337	-858.7922369405527
1857.0	11899.720567632206	-944.9632439892163
1858.0	11853.091665320913	-886.9296510506441
1859.0	11792.080742418866	-919.2891739977003
1860.0	11869.344494870958	-913.6255429649736
1861.0	11616.41029654204	-1053.5556392559404
1862.0	11871.724923054111	-956.1797568627402
1863.0	11835.508494937014	-894.8068297968402
1864.0	11881.574117658109	-996.828890502106
1865.0	11918.289587882433	-978.1865704613447
1866.0	11885.103639569032	-938.7539753321149
1867.0	11930.764492431104	-1047.5262391513945
1868.0	11931.479456147876	-1012.4292145958456
1869.0	11899.618473192086	-963.0673386776476
1870.0	11916.483698908642	-990.5824369700264
1871.0	11939.630617433415	-1060.355238521631
1872.0	11901.359173483113	-1005.0812600477742
1873.0	11911.461894477945	-1020.5260243187853
1874.0	11945.491296174505	-1017.8328303996132
1875.0	11958.2874474993	-1051.6099219113632
1876.0	11854.438082930114	-1163.6523860347327
1877.0	11971.521148848731	-1069.8223400313
1878.0	12021.104436506947	-1121.4686716491753
1879.0	11997.831564507236	-1093.5354755606556
1880.0	11968.527174163464	-1098.5102246139668
1881.0	12034.494758736071	-1141.3879828422098
1882.0	11908.845462503106	-1130.623393833029
1883.0	12004.224119510376	-1115.5091229036934
1884.0	12001.466044271794	-1258.96269811133
1885.0	12020.562006741	-1136.1021099875113
1886.0	11943.027594950638	-1201.97351363657
1887.0	12066.592965087832	-1182.5233007269642
1888.0	12035.429118932821	-1155.3086505854135
1889.0	12022.16826771265	-1168.8127225074447
1890.0	12032.364670521012	-1198.8997871167248
1891.0	12051.828933797471	-1175.7646621875065
1892.0	12053.532401924544	-1208.874692119538
1893.0	12068.853691379583	-1198.8678493595041
1894.0	12108.071130864942	-1249.443663157422
1895.0	12089.361121734551	-1222.945133195805
1896.0	12056.162659931004	-1261.9523562105885
1897.0	12042.053820506257	-1242.4283938590768
1898.0	12078.483187297117	-1255.2332682539352
1899.0	11772.887331978192	-747.8065139697501
1900.0	11769.6334190955	-778.4077795293033
1901.0	11800.285701854009	-793.9207960888252
1902.0	11768.403859877733	-672.6625962349868
1903.0	11750.563295784	-705.7384423532827
1904.0	12032.92192868569	-1182.1343058172333
1905.0	12057.48533799954	-1227.042056320873
1906.0	11853.419881465828	-924.6963495248256
1907.0	11671.631111362281	-653.7489233854036
1908.0	11643.821651684053	-714.3651963878316
1909.0	11755.003822673882	-968.0025626123328
1910.0	11786.116449273344	-809.1677258673972
1911.0	11718.207570117358	-716.0911429202309
1912.0	11986.27171627728	-1173.6684559540572
1913.0	11969.385610981686	-1214.7776593614697
1914.0	12014.134863612833	-1209.4458582954728
1915.0	11992.026918461039	-1129.8530081659403
1916.0	12004.308473011895	-1162.6833104813068
1917.0	11970.677634586573	-1133.3374797212552
1918.0	11888.969232167663	-1057.3857975952385
1919.0	11939.924042101755	-1079.3661514186635
1920.0	11824.143747482556	-1099.2124671969893
1921.0	11881.396678850933	-972.7843399762805
1922.0	11815.704779397534	-882.8633782030896
1923.0	11831.808687484541	-996.0548629656956
1924.0	11854.880279799014	-950.4478889773782
1925.0	11813.528078332725	-929.3533081710715
1926.0	11835.758654987747	-915.5065294814194
1927.0	11629.186674001832	-993.7887743173754
1928.0	11794.230060109263	-824.1924813648033
1929.0	11768.920231990924	-801.331007512128
1930.0	11740.243270097599	-757.5799593470414
1931.0	11749.080503368372	-815.0685806975252
1932.0	11607.035816513455	-757.9620894019354
1933.0	11673.171442953508	-781.0365525390747
1934.0	11496.351534096337	-1009.1233778384327
1935.0	11638.638526242103	-787.1980845897275
1936.0	11505.581368596808	-832.495913634486
1937.0	11722.489644126683	-769.8879593304773
1938.0	11676.92524465719	-732.5418426479415
1939.0	11686.132985909768	-694.060638606598
1940.0	11644.406310040236	-683.9906208388069
1941.0	11424.051694744623	-976.0232144096954
1942.0	11590.328463864718	-945.6561680829722
1943.0	11922.944502857586	-1093.2092830937988
1944.0	11911.089427871653	-1041.4425780487097
1945.0	11751.996174978764	-691.0646392991445
1946.0	11704.87905697545	-683.468545138246
1947.0	11695.651968106837	-717.9784664609955
1948.0	11737.763529582198	-683.9601616425704
1949.0	11726.260263442806	-658.0931836976021
1950.0	11964.250531627913	-1158.3629827326422
1951.0	11990.45034162553	-1197.8256635186826
1952.0	11855.83399077779	-1119.1945131165128
1953.0	11885.042946725765	-1179.5842749854103
1954.0	11710.254633052517	-1043.5920105335517
1955.0	11786.112907715993	-1130.6622399112596
1956.0	11857.100641516901	-1012.1734277159698
1957.0	11661.725608712228	-1081.3725517697883
1958.0	11611.329689610031	-900.0409054238917
1959.0	11748.103345139083	-1062.4613602855995
1960.0	11913.238631817185	-1155.9675533623056
1961.0	11958.208515752563	-1117.18810131567
1962.0	11835.384340251527	-965.7979479412752
1963.0	11680.027189645281	-973.3821175038496
1964.0	11733.471133612373	-721.0021770134414
1965.0	11707.715195273413	-664.5600582111159
1966.0	11688.693702169441	-757.3867829827699
1967.0	11665.297208248594	-854.9091302989333
1968.0	11595.682325385931	-851.2977531452652
1969.0	11771.11434181463	-858.0696678440903
1970.0	11726.021698432824	-798.8385551443025
1971.0	11721.682759151656	-861.9368803955537
1972.0	11784.21501316002	-978.6329521357075
1973.0	11787.533958301583	-1041.4672418451075
1974.0	11811.693365263318	-953.8931871783747
1975.0	11894.834280232584	-1084.6386523109904
1976.0	11823.892659069947	-1063.0278385158715
1977.0	11931.59083824825	-1116.9478080886674
1978.0	11882.045685259363	-1109.7822425379138
1979.0	11794.507603534405	-893.4989437142976
1980.0	11748.06195897588	-845.2611254907455
1981.0	11747.11549757873	-910.4151417228628
1982.0	11770.953647461714	-883.9267511917715
1983.0	11533.827800838471	-948.1621058060633
1984.0	11720.896992107419	-901.2338132799899
1985.0	11796.70913408181	-1006.5605632702778
1986.0	11858.359788882533	-1044.2397246913158
1987.0	11715.779836525782	-995.3684412061781
1988.0	11761.034838863321	-933.1986634816288
1989.0	11657.815818198855	-899.2328665583555
1990.0	11687.65510809699	-924.4414724039101
1991.0	11699.242660079639	-807.9150228020208
1992.0	11634.084686425862	-828.1648818915552
1993.0	11695.922265190966	-840.8208032600518
