1.0	27128.557858311644	-2208.2693525838617
2.0	26710.74239663525	-1730.995032229235
3.0	26762.28370089048	-1798.0562225057367
4.0	27226.820135468777	-1722.6056064102402
5.0	26900.87117827716	-1927.9834231946736
6.0	26989.26215545776	-2047.2987003037044
7.0	27192.31177553961	-2273.03190651781
8.0	26827.421594573214	-1759.1277066278262
9.0	27057.063998838206	-2142.1022000055414
10.0	27298.183361638105	-2240.0301497283886
11.0	27688.782090231467	-2195.2462124414656
12.0	27778.68941167253	-2097.4198333623585
13.0	28445.79552729412	-2177.2659533764086
14.0	28595.55457684932	-2078.8452315678956
15.0	29341.095198696054	-2186.8493986496774
16.0	29491.245500785095	-2085.755858026664
17.0	30236.593443231843	-2193.8851411652554
18.0	30387.26849620609	-2093.7204366800784
19.0	31131.45315924592	-2205.4881237718782
20.0	31282.164031854805	-2105.487669601765
21.0	36499.60263365283	-2256.751031553969
22.0	36649.65616560229	-2156.4452433033553
23.0	37396.521463415316	-2262.1965314708764
24.0	37546.601594145686	-2162.4833741754906
25.0	38291.638661479476	-2267.0704523955715
26.0	38441.79027561963	-2167.291617583198
27.0	39186.75794215318	-2271.2292770135996
28.0	39337.02620397124	-2171.9554987546057
29.0	40082.310531604344	-2275.142228302932
30.0	44900.555783445925	-2304.4941680093566
31.0	44725.890542403264	-1877.7381477030933
32.0	42077.8994739765	-1872.8999532222072
33.0	40743.63555036843	-1860.8150508595215
34.0	44308.13622861984	-1880.352788085438
35.0	32211.519800458187	-1789.6286174386144
36.0	27494.62681039594	-1724.1650510975057
37.0	27426.651653406578	-2200.3696626458773
38.0	27838.77138167089	-1758.541083283638
39.0	32659.665620586526	-1790.971782551909
40.0	28186.50535883506	-1755.2458936946177
41.0	28020.391866509308	-2072.4417963115416
42.0	33106.89667190915	-1802.8368261210956
43.0	28667.731924158288	-1757.0667969816577
44.0	33556.464866573	-1804.044998365931
45.0	29069.322605589954	-1766.1441639057684
46.0	34003.970336597165	-1815.4878404544231
47.0	28898.18082056871	-2080.215460335748
48.0	29428.723677834114	-1875.7130856092438
49.0	34453.89303418015	-1816.371445961633
50.0	29966.357701009805	-1763.0659390861695
51.0	34901.18385031851	-1826.3917382781053
52.0	29792.94307581482	-2084.8372565815193
53.0	30458.8455999799	-1760.258493433206
54.0	35350.80775535462	-1825.958774580132
55.0	30862.34825309124	-1767.52830922458
56.0	35797.03499415867	-1835.3156925283245
57.0	30687.974224390182	-2093.3237294175437
58.0	36232.09482725847	-1834.1037105084424
59.0	31355.32733165535	-1769.6665942030331
60.0	31773.539235462453	-1778.7832306900673
61.0	31597.72296242579	-2105.782052562164
62.0	31955.25450418728	-2119.053965995319
63.0	32282.022481826298	-2221.4190251933337
64.0	32630.007444747345	-2220.561492969333
65.0	32838.90431288294	-2130.185308341813
66.0	33175.966837112726	-2231.915412952673
67.0	33525.38040146761	-2230.364940869021
68.0	33734.936537896894	-2140.539380720685
69.0	34071.61905291569	-2240.7140213731313
70.0	34421.38258766285	-2239.016214111057
71.0	34631.71676128434	-2149.753959853506
72.0	34967.40099353006	-2248.204031028676
73.0	35316.85788579198	-2245.821025830349
74.0	35526.58741397885	-2156.9663731542364
75.0	35861.805711467015	-2254.8929526831034
76.0	36733.27448804372	-1831.6694050440863
77.0	37139.370717769685	-1841.2651121035817
78.0	36954.22241393291	-2156.4398741809614
79.0	41182.23323281366	-1868.26164756101
80.0	37629.778967033206	-1838.2956618350956
81.0	38036.211930770995	-1846.8946640169313
82.0	37849.62450393303	-2162.3838177305365
83.0	41631.1212879623	-1865.370461607977
84.0	38526.3334998403	-1843.4385371405008
85.0	38933.05060583996	-1851.8159516423514
86.0	38745.06871936359	-2167.0235760686933
87.0	39282.52114962201	-1963.4902290964894
88.0	39829.96878338241	-1856.4658076716648
89.0	39640.63832786754	-2171.7493341536187
90.0	42528.135350491306	-1870.114365717822
91.0	40181.50247363584	-1969.023367043136
92.0	40235.27591427887	-2177.1906497356617
93.0	40700.913338319624	-2276.1176729823183
94.0	42974.81468459892	-1877.784480585208
95.0	41039.33160647669	-2282.9190038488955
96.0	41238.224945125454	-2283.8758853431004
97.0	41586.93212202074	-2280.4429369633285
98.0	43424.79404777477	-1875.049796803556
99.0	41802.148630309784	-2192.5544072771536
100.0	42132.421838366536	-2288.6579454939238
101.0	42482.47741014936	-2285.5716537195713
102.0	43869.03527120952	-1882.82752934122
103.0	42698.123978201176	-2197.7987158613214
104.0	43027.86519689719	-2294.4720820774096
105.0	43377.660069871905	-2291.7073704584805
106.0	43721.71757132656	-2299.5238077784056
107.0	44775.98267563083	-2203.4580111191094
108.0	43920.60687510606	-2301.1572217733788
109.0	44075.12955357404	-2207.6743193533603
110.0	44433.283712658864	-2200.355519606565
111.0	27250.810651222928	-2288.905442944836
112.0	27002.537400258516	-1730.5255569475255
113.0	27054.504614875437	-2072.479524537231
114.0	27586.30879785525	-2148.687494637003
115.0	26902.687994525666	-1812.0020448317846
116.0	27092.661188629427	-1899.7610004352339
117.0	27106.339135913604	-1789.8058936291202
118.0	27259.25492498068	-1970.2536918611559
119.0	26987.042636725833	-1956.462042116528
120.0	27243.53849039036	-2127.7427864273836
121.0	27184.30950471396	-2218.0513063293456
122.0	27117.424793408543	-2154.09512193312
123.0	27165.411823558185	-1964.1698605707506
124.0	27253.674102658504	-2189.5701476739046
125.0	27366.808745848928	-2261.898649652779
126.0	27351.645359092476	-1914.7858934319104
127.0	27353.708040393318	-1794.670182754382
128.0	27728.0361336408	-1889.9553379153328
129.0	27900.456025810356	-2170.944628556179
130.0	28301.332627689222	-2076.8350430978167
131.0	28009.36050040158	-1867.502746486027
132.0	28533.853492992097	-1871.3307317389126
133.0	28742.598449395842	-2172.630536830486
134.0	29198.350682633678	-2091.6600420059426
135.0	28885.01537918839	-1872.1662203159028
136.0	29561.84116653449	-1757.762670787283
137.0	29636.795023931016	-2179.8004798849706
138.0	30094.41321820043	-2095.9193387455766
139.0	29780.511041369275	-1872.8422199012523
140.0	30325.49060890981	-1879.3231498930263
141.0	30532.30494191583	-2189.596370280827
142.0	30988.806025087746	-2105.1423444040242
143.0	30676.292769750522	-1878.3831393569747
144.0	31221.137451867846	-1889.1972254868122
145.0	31427.291547174707	-2201.8276524937696
146.0	36196.69198702873	-2252.30298188998
147.0	36592.95535039326	-1947.0245625351852
148.0	36796.587819884815	-2249.975982068672
149.0	37255.81763595135	-2166.8778125489775
150.0	36947.60989730084	-1947.5539779245464
151.0	37490.63162242706	-1953.4727305948288
152.0	37691.629456599876	-2255.9116099108974
153.0	38151.29426271363	-2171.9701619778116
154.0	37843.74398608499	-1953.7785132353965
155.0	38386.55258858054	-1958.5491078965415
156.0	38586.719540680875	-2260.5609295515083
157.0	39046.76692539154	-2176.3313756751363
158.0	38739.9203655621	-1958.6436933443422
159.0	39636.222586935524	-1963.645905030714
160.0	39422.93552993361	-1848.595468246598
161.0	39481.85632521486	-2265.164167027619
162.0	39942.75166040429	-2180.45061848223
163.0	40551.85390835512	-1969.0419251515575
164.0	41933.52925907962	-2287.5011264515974
165.0	42297.692777409364	-1987.5666466937146
166.0	40963.35807079453	-1980.6140351616668
167.0	40555.53759208945	-2176.8599026988472
168.0	44259.523966840876	-2298.819837009612
169.0	44482.63583855547	-1991.0829643686138
170.0	32083.141373173854	-2218.9925032818887
171.0	32431.9604082778	-1909.5843467364473
172.0	27546.398618108014	-2014.8124333009848
173.0	27598.218632452485	-1853.9066556584214
174.0	27393.558340253174	-2105.1803647980983
175.0	27513.74760765127	-2234.250898601394
176.0	32878.77306424954	-1915.9848757928794
177.0	32442.170983805216	-2124.9736246049374
178.0	28337.892755504494	-1872.1462573186107
179.0	28160.976597127523	-2164.8737292993387
180.0	33327.009176016196	-1922.1691300344385
181.0	32977.080881218135	-2229.9407781102204
182.0	33775.5174581607	-1928.073355748409
183.0	33336.50563117461	-2136.023047565253
184.0	29045.56329781062	-2183.711290110305
185.0	29235.275431793325	-1882.1421558212514
186.0	34224.375554653656	-1934.0117836431102
187.0	33872.72974614021	-2239.0986511965634
188.0	34673.012363822396	-1939.0387057209557
189.0	34233.16071067441	-2145.941297659984
190.0	29941.12692308222	-2188.260491560679
191.0	30132.07603057355	-1882.7198229513351
192.0	35121.34353216281	-1943.3194604536286
193.0	34768.510031273596	-2246.780363351085
194.0	35568.60460713844	-1947.4803300425112
195.0	35129.41085575976	-2153.695668592121
196.0	30835.61768493686	-2197.3798127352643
197.0	31027.218047881786	-1890.231430953909
198.0	36001.296423321844	-1951.3499477679024
199.0	35662.9143171506	-2253.548134988839
200.0	36008.63867050793	-2160.761916856165
201.0	36348.09807065888	-2160.6707670944165
202.0	36390.843158074706	-1951.8834648011416
203.0	31994.40255336987	-1903.898734357872
204.0	31586.785326893387	-1889.9114383863807
205.0	31745.328821812265	-2209.809076503297
206.0	37102.50688976393	-2258.588647005252
207.0	37299.29398058918	-1958.4401739037223
208.0	41402.23302591991	-1982.8352597391083
209.0	40916.95217501139	-2188.098679737174
210.0	37997.88342233523	-2263.744332910624
211.0	38195.50328899743	-1963.725797579259
212.0	41849.28880313408	-1985.1454832361744
213.0	41405.18403280265	-2190.498811053481
214.0	38893.256988935456	-2268.2244738970385
215.0	39091.70889609754	-1968.3027361448005
216.0	39788.71088083657	-2272.3107611942883
217.0	39988.42530388213	-1972.709094082511
218.0	42745.998043857	-1990.1330109702442
219.0	42299.90890272325	-2195.358229804386
220.0	40322.119253181365	-1854.3484912551485
221.0	40379.57637755873	-2270.333751494964
222.0	43194.04661920821	-1992.7540920415197
223.0	42828.974471088215	-2293.0395069547944
224.0	43639.656739830556	-1995.48584020628
225.0	43195.525676623256	-2201.081002184888
226.0	43591.04370451264	-2203.8165037178364
227.0	44074.38968945639	-1998.4798256671372
228.0	44577.09419995259	-2296.3737458470914
229.0	44875.42689218491	-1994.0949682130622
230.0	27440.74411475063	-2005.1865394175973
231.0	27163.040827542714	-2102.0497144320834
232.0	27125.035731072265	-2046.0517264855707
233.0	27299.37649534241	-2077.8286297712766
234.0	26046.840054049866	-1681.6587617508903
235.0	26521.832648643354	-2157.8073827244452
236.0	26572.525522796645	-2124.090152519556
237.0	26822.043118097008	-2162.791663976193
238.0	15316.050137656284	-1921.7136358250793
239.0	15425.447632191184	-1534.1037602297886
240.0	15516.420481831068	-1931.7328921532435
241.0	15526.816780769228	-1602.668708207232
242.0	15717.139649574412	-1936.7543580541412
243.0	15726.263293092767	-1628.874878298681
244.0	15917.1165268454	-1949.1284948007396
245.0	15920.547503055392	-1641.1175456947415
246.0	16216.60940602362	-1968.0024998673955
247.0	16315.841590123893	-1978.7768082352975
248.0	16115.927962535623	-1967.0117035086787
249.0	16416.051471623807	-1978.6065994366666
250.0	16566.939847337635	-1941.0596700954777
251.0	16766.73761784383	-1947.3990265950297
252.0	16787.29166031341	-1852.0168996340174
253.0	16853.854400300253	-1853.139323175199
254.0	16986.681164795886	-1855.8595713817238
255.0	17053.554574068723	-1854.9199307193994
256.0	17186.652160825844	-1859.3497747481936
257.0	17366.79268046933	-1956.6879960719261
258.0	17386.477481897848	-1860.716435883658
259.0	17453.289436115523	-1862.1417572121452
260.0	17586.685878283064	-1864.8946553504181
261.0	17653.383714484444	-1866.3288229322304
262.0	17786.47623784865	-1869.1196143916288
263.0	17853.176541059016	-1871.335031195397
264.0	17984.998531801317	-1869.4665902131583
265.0	18166.35807674319	-1989.800011605156
266.0	18230.546634370243	-1810.360504721908
267.0	18286.72934026771	-1925.721315641106
268.0	18425.56284249385	-1816.6210148048885
269.0	18566.880647748912	-1998.4288149156343
270.0	18620.486939966515	-1819.7660549403001
271.0	18767.579454357503	-2001.4884596476284
272.0	18787.647573220263	-1862.4268615295157
273.0	18857.48099888067	-1886.4676967799005
274.0	18988.548152131018	-1893.9152468383174
275.0	19168.42053857393	-1997.9516903693668
276.0	19186.518815418465	-1896.8421778024592
277.0	19292.897861163452	-1941.528153043392
278.0	19432.753821787464	-1833.4194731013147
279.0	19429.202666843896	-1910.5947935897905
280.0	19627.83153919665	-1839.0727296676966
281.0	19767.357259902565	-2022.6340938189078
282.0	19827.497107773946	-1842.9838364006325
283.0	19823.515517571326	-1918.4159007438193
284.0	20027.759420222395	-1846.7627132385157
285.0	20167.539589566306	-2029.7738859543279
286.0	20228.10521886784	-1850.4707549149523
287.0	20223.94559126916	-1925.681674532745
288.0	20428.48775586369	-1854.0825284720147
289.0	20567.71222321334	-2036.497896804253
290.0	20628.179410050143	-1857.483603164712
291.0	20623.746845355505	-1932.4626294469501
292.0	20823.701164529764	-1859.5013275505862
293.0	20968.62869063523	-2041.691575500194
294.0	20990.293056386898	-1902.8189072531284
295.0	21059.616967955215	-1928.6995706555965
296.0	21190.48234234044	-1934.4812283315866
297.0	21257.159656828833	-1937.2034775297896
298.0	21390.202417684584	-1939.117216402651
299.0	21570.30730444288	-2038.5550487183698
300.0	21589.39627301562	-1937.5169123515327
301.0	21655.365045730196	-1945.3460386670915
302.0	21767.67533731318	-1977.2736847171982
303.0	21969.029399843057	-2052.9653977464573
304.0	21964.613780167467	-1979.2361674344647
305.0	22042.613787634124	-1940.7775319333923
306.0	22164.23005435735	-1982.4161758864084
307.0	22242.29541701336	-1943.7834798603847
308.0	22364.43952636188	-1985.2475747392484
309.0	22498.951399180223	-1986.830681359741
310.0	22565.66527860107	-1987.8316229553686
311.0	22769.610150914134	-2064.9343034015533
312.0	22766.285473733096	-1990.7946471335301
313.0	22846.25835929494	-1952.7991048497436
314.0	22966.83880201964	-1994.7284178252964
315.0	23169.810746295523	-2071.1737520412335
316.0	23166.663954824457	-1996.6477932516318
317.0	23246.038595075806	-1957.458509634227
318.0	23366.44563676618	-1999.7824898280717
319.0	23570.19185367241	-2076.921966074608
320.0	23567.33142567961	-2003.2711726318641
321.0	23770.265386687242	-2080.1709422527188
322.0	23767.1327497758	-2005.1744790261218
323.0	23846.15612963324	-1965.498102945352
324.0	23966.557434398812	-2008.3279386236325
325.0	24045.699826684562	-1968.788197000542
326.0	24166.90878522769	-2011.287121593102
327.0	24301.259249192826	-2013.750400195847
328.0	24367.974373565154	-2014.7688409197672
329.0	24447.75653155231	-1974.2233317973958
330.0	24567.789479067065	-2016.60180257435
331.0	24771.09584686373	-2095.3178347310854
332.0	24767.106983752805	-2019.8764956677417
333.0	24845.864773916746	-1979.5745768019253
334.0	24967.16530424434	-2022.8945039076218
335.0	25046.30284508855	-1982.509251543633
336.0	25167.70508580896	-2026.0042351447519
337.0	25247.760412184445	-1986.0362534987623
338.0	25368.764601758285	-2029.6393937907476
339.0	25571.66256352751	-2108.299998946408
340.0	25568.71355160691	-2031.4963880287785
341.0	25947.659720872336	-1741.2280718504662
342.0	27013.384307717468	-2174.758761707415
343.0	26651.490429877565	-1769.5272094250213
344.0	26221.623721236276	-2152.835071965385
345.0	26365.042601575788	-2041.3075502859356
346.0	26722.68862416527	-1882.7364790632446
347.0	26845.1761541615	-2009.075978134602
348.0	26672.59597818019	-2125.747747079871
349.0	26908.99191451028	-2081.55966307539
350.0	26946.670986099052	-2173.647093798772
351.0	12917.330658392368	-1962.13878077165
352.0	12938.647917407847	-1953.6607991920234
353.0	12963.454335123462	-1942.0088329863963
354.0	12998.384161633941	-1928.9585945734361
355.0	12914.159389890221	-1448.7929574481004
356.0	13228.82319391945	-1459.3706839454583
357.0	13321.561569579622	-1527.5926709269522
358.0	13538.24093108301	-1848.4884658768242
359.0	13522.339564738822	-1546.4717137511495
360.0	13737.372534115215	-1849.7062184269944
361.0	13725.663560966785	-1546.5242016893035
362.0	13935.684609284755	-1856.6186787822253
363.0	13923.206214785556	-1546.542595436358
364.0	14084.57213003728	-1831.115448622647
365.0	14122.931144268145	-1537.9726102562634
366.0	14282.226787887184	-1841.9233748053493
367.0	14325.821497163888	-1535.335560180016
368.0	14500.114054197082	-1786.181230654424
369.0	14526.34656475637	-1544.588669378445
370.0	14693.88954902136	-1796.1622216466221
371.0	14727.943454809503	-1562.6382432805167
372.0	14873.838248779333	-1862.4333042036749
373.0	14926.32600044737	-1586.198023424958
374.0	12828.971105675111	-1874.2814040740404
375.0	12843.129365928638	-1887.4180078343004
376.0	12871.455828221098	-1913.0913549574052
377.0	12885.71059499278	-1925.8143868799914
378.0	12899.99077096319	-1938.3251482879205
379.0	13239.885165769612	-1881.5917944258163
380.0	15218.074210206143	-1908.5668159842796
381.0	12380.445518867751	-1453.9701601013458
382.0	12393.602879804259	-1452.8777807214512
383.0	12396.619444308077	-1462.3057647501919
384.0	12423.93654026195	-1453.5827215212687
385.0	12439.854862503316	-1462.2464062660185
386.0	12451.276489865995	-1523.204091960731
387.0	12479.088600535148	-1463.630051154066
388.0	12490.41808867673	-1528.412876147242
389.0	12493.533615677668	-1552.6870795078528
390.0	12525.831442011273	-1466.0310548928148
391.0	12523.16805912976	-1594.6812933569952
392.0	12531.871301673273	-1571.1874180908817
393.0	12584.409287738474	-1468.353022856222
394.0	12564.04373208803	-1625.3713057544367
395.0	12578.556286893052	-1639.500635947902
396.0	13151.277169799248	-1902.3837319300892
397.0	12593.10881969012	-1653.5957997826856
398.0	12657.725683154285	-1470.2879530432954
399.0	12622.315033005625	-1681.6727148086356
400.0	12636.973007972156	-1695.6664891588243
401.0	12666.369745004713	-1723.5629765285
402.0	12851.46441638021	-1480.8986518917109
403.0	12698.67096185466	-1763.1877701717565
404.0	12710.676345341291	-1765.1888534369045
405.0	12725.493645447677	-1779.0104593758188
406.0	12740.342012620671	-1792.820183208077
407.0	13080.992390026846	-1920.9312456690996
408.0	12787.8087560896	-1846.0659678047598
409.0	12410.141085125038	-1479.3046153117523
410.0	12422.92270678466	-1494.4566408352532
411.0	12437.339498731866	-1508.6051255106256
412.0	12465.806353186497	-1537.3301618859102
413.0	12508.763696501474	-1580.4163868628445
414.0	12552.080294513893	-1623.109832047033
415.0	12610.329170254137	-1679.5281971174215
416.0	12802.70326101398	-1859.8533578660306
417.0	12683.880458136502	-1749.315353311873
418.0	12772.924100940823	-1832.2776434871942
419.0	13340.087235582972	-1865.8278839975746
420.0	13439.331297869896	-1859.04575456156
421.0	13637.969596160377	-1850.195146219314
422.0	13836.605983984866	-1852.5606236247513
423.0	14034.64255126045	-1857.9010753061457
424.0	14231.923017061024	-1868.485443793679
425.0	14429.13269364145	-1877.944882301985
426.0	14626.119129586752	-1887.444831829309
427.0	14823.16027093987	-1894.5254305615279
428.0	16515.958646128096	-1973.3332844503927
429.0	15020.287671318662	-1903.2158112661348
430.0	15294.477006593219	-1817.3185695373159
431.0	15416.876473382421	-1921.0658213827082
432.0	15617.079601815765	-1930.4914771105432
433.0	15817.152607614358	-1942.1300594828406
434.0	16017.483805474027	-1952.3953727728992
435.0	16122.126748942452	-1637.6137589572638
436.0	16228.443315362922	-1835.9937788656316
437.0	16715.789013937534	-1982.4740285803202
438.0	16915.77100159406	-1986.2198385781942
439.0	17116.06721204103	-1987.7521014144415
440.0	17315.921278735634	-1992.6190586073833
441.0	17516.150956873644	-1996.777526921479
442.0	17716.266434526933	-2001.0396037473927
443.0	17916.380056171925	-2006.1523141935613
444.0	18115.59131984372	-2022.660112372434
445.0	18315.952812378797	-2026.9623816330543
446.0	18516.108299003492	-2031.3409867523796
447.0	18716.528715826804	-2035.762786422836
448.0	18917.083258674083	-2024.6694871002048
449.0	19116.980303639317	-2035.7325044229808
450.0	19316.260841808467	-2048.1918740892684
451.0	19516.58795328944	-2051.9357300762495
452.0	19716.71173587765	-2055.711170864621
453.0	19916.822153551704	-2059.357469410181
454.0	20116.925005114215	-2062.9028482916474
455.0	20317.035902032603	-2066.338931390655
456.0	20517.13345995851	-2069.688726958417
457.0	20717.27989747561	-2072.9299346612866
458.0	20917.715604313922	-2076.2272761727186
459.0	21118.51243808401	-2066.126401732211
460.0	21318.619171745784	-2070.8996424003394
461.0	21518.940060634628	-2073.406083558935
462.0	21718.341568074353	-2083.2390169586724
463.0	21918.48386747215	-2086.2271476285973
464.0	22118.576269872592	-2089.3784525914975
465.0	22318.777497641346	-2092.194594628676
466.0	22518.919194429942	-2095.174179944465
467.0	22719.06588586804	-2098.154312588507
468.0	22919.21389329596	-2101.137080818842
469.0	23119.267795082458	-2104.3749737761873
470.0	23319.504684453434	-2107.1151336806333
471.0	23519.648817119032	-2110.1168223319187
472.0	23719.712478693284	-2113.3611846225817
473.0	23919.943803241273	-2116.169292059269
474.0	24120.088452718337	-2119.2237796856175
475.0	24320.2328504063	-2122.2937113540315
476.0	24520.318146120277	-2125.5788389291306
477.0	24720.529508359996	-2128.5080690221425
478.0	24920.69011533872	-2131.6642053884893
479.0	25120.83202576508	-2134.8647166908945
480.0	25320.97375232103	-2138.082977435222
481.0	26021.482010043856	-2149.529406484077
482.0	25521.06883796895	-2141.463834036378
483.0	25721.272405368214	-2144.586571261465
484.0	25921.41291312229	-2147.8801058567237
485.0	26121.55235376778	-2151.1798189491215
486.0	26321.676465431403	-2154.576834514071
487.0	26421.762290151415	-2156.1498863502497
488.0	26593.179657721088	-1742.9780584902273
489.0	26242.71745733552	-1680.054574490886
490.0	25821.34271132326	-2146.2319840745436
491.0	26154.092386455057	-1851.1362618173687
492.0	26479.992617823646	-2035.2138124805242
493.0	26621.99898117965	-2158.884065315468
494.0	26664.026553374177	-2043.3218233919827
495.0	26721.973084287572	-2161.1291220901444
496.0	26897.198021408676	-2138.8412719453536
497.0	15427.810385155133	-1790.916319281988
498.0	15118.89083572872	-1907.9930359294892
499.0	15222.337442268545	-1533.3210975192726
500.0	15657.62723825984	-1803.7047257998609
501.0	15524.363084664872	-1695.5566358849003
502.0	15467.997977990106	-1895.3507380664803
503.0	15628.307686009777	-1555.4270897772888
504.0	15854.545564149432	-1820.3707687260928
505.0	15724.307939850658	-1752.226079658268
506.0	15669.028820060616	-1899.333404384868
507.0	15824.935540312164	-1572.2282549416088
508.0	16060.475968072313	-1794.2080728100907
509.0	15918.700616930726	-1764.5594704884923
510.0	15769.188611709942	-1905.1431881037704
511.0	16022.64638825508	-1579.3809816566318
512.0	16226.63708217809	-1579.0911880984343
513.0	16230.048727429466	-1764.4992608619953
514.0	16429.377268591805	-1594.5066198929765
515.0	16267.889988535744	-1942.0663419587272
516.0	16068.652840334837	-1926.7452771370072
517.0	16167.887745959879	-1936.1454831254298
518.0	16326.151166453958	-1737.9127205325094
519.0	16627.507175360664	-1601.9846716408067
520.0	16367.390249758495	-1947.376863804848
521.0	16615.47225036653	-1986.0201255407148
522.0	16529.185391712974	-1663.599609768414
523.0	16587.701453598434	-1847.2707088868926
524.0	16827.59378248084	-1601.6220859551834
525.0	16815.532980029926	-1988.4993675370015
526.0	16654.146160190077	-1852.5182145753326
527.0	17027.424152844786	-1602.6409804823545
528.0	16727.02771216912	-1669.6952920090898
529.0	17015.548081943398	-1992.4525868139765
530.0	16866.655509048574	-1949.1565838179788
531.0	17227.52318240555	-1604.9620122243286
532.0	16926.552675429295	-1670.581228508104
533.0	17215.558650388193	-1998.1840316748185
534.0	17066.83243831403	-1950.9341671611128
535.0	17427.623290567495	-1607.781023806765
536.0	17126.093658499467	-1673.2894321930096
537.0	17415.847973021315	-1999.2130973580481
538.0	17253.08682924555	-1861.603593612553
539.0	17627.84424882744	-1611.7739794928355
540.0	17325.914239572787	-1676.1256474322872
541.0	17616.012963332887	-2003.3989175267889
542.0	17466.95875832639	-1958.7969927600825
543.0	17827.79674525271	-1615.9473328541662
544.0	17525.870783044185	-1679.4613591849836
545.0	17816.13564086265	-2007.7109712450838
546.0	17667.112603218175	-1963.036978923188
547.0	18026.167071492157	-1616.1240154541501
548.0	17725.689415170476	-1683.5739462909357
549.0	18016.570926589327	-2011.2626994143986
550.0	17867.22724503899	-1968.1402396594058
551.0	18229.327395541026	-1610.3670772825915
552.0	17923.658012521813	-1683.8323634122462
553.0	18216.233535650612	-2019.4753071700768
554.0	18058.705036196476	-1845.074695633485
555.0	18430.262704750916	-1615.8802787833395
556.0	18124.82863227223	-1674.4463943631483
557.0	18416.350639257802	-2023.8877238751386
558.0	18266.661329435676	-1991.882438183586
559.0	18630.6991297073	-1618.3271971529211
560.0	18328.55819340188	-1670.762007527005
561.0	18616.470918235525	-2028.2834239715123
562.0	18353.436068478113	-1927.173469620393
563.0	18832.673143416556	-1629.632182938658
564.0	18529.559727904707	-1675.536181285972
565.0	18816.867770840254	-2031.2848303460116
566.0	18552.51588089373	-1931.505469434139
567.0	19030.850020573493	-1637.6208979244232
568.0	18731.59877227756	-1686.2174556412895
569.0	19016.753861046513	-2035.6576638803392
570.0	18868.07349233153	-1988.2466006305613
571.0	19228.585381651992	-1636.7075939623892
572.0	18931.37788906602	-1702.4164084754564
573.0	19217.503654950317	-2036.1855824267411
574.0	19055.029259697312	-1902.1949488231742
575.0	19431.650616455892	-1630.704894403348
576.0	19126.92065265594	-1706.2435659947575
577.0	19416.873412612946	-2044.949082820228
578.0	19267.637553945497	-2008.39618780244
579.0	19632.254168746535	-1636.1916750846642
580.0	19327.35561374685	-1695.8539616324294
581.0	19617.00576676732	-2048.7746320749416
582.0	19467.20530415868	-2016.9795934825543
583.0	19832.608788490616	-1640.1131021116398
584.0	19530.662997175194	-1691.6388841527976
585.0	19817.100026048105	-2052.4683045605075
586.0	19554.340628808768	-1951.4298527380088
587.0	20032.965207937134	-1644.0609608818377
588.0	19731.26280156802	-1697.1837653853975
589.0	20017.23443125792	-2056.058754585518
590.0	19867.400440730577	-2024.4608847099782
591.0	20233.322052022617	-1647.9852595994387
592.0	19931.616907091677	-1701.1010234973648
593.0	20217.34085447965	-2059.5302800894738
594.0	19953.995195658394	-1958.9619551829703
595.0	20433.756109101898	-1651.8056197687504
596.0	20131.972974075386	-1705.0079166776097
597.0	20417.46608069314	-2062.9163509652376
598.0	20267.58143660381	-2031.4957481834178
599.0	20634.132130158952	-1655.4545130885147
600.0	20332.405346812073	-1708.849550549264
601.0	20617.58345923691	-2066.191073674778
602.0	20354.300707803206	-1966.0138066780153
603.0	20532.855008883354	-1712.5535031221546
604.0	20834.653962564866	-1657.6241423025624
605.0	20817.724611797094	-2069.404543028401
606.0	20667.788363699387	-2038.1102085927814
607.0	20733.388885594843	-1714.8199138504672
608.0	21036.68389239252	-1669.8636749349541
609.0	21018.200478704683	-2071.257507114435
610.0	20753.985789603048	-1972.5589800183982
611.0	20935.57199005107	-1725.9652925296712
612.0	21234.56735041775	-1676.977578687639
613.0	21218.196680517718	-2073.811008351493
614.0	21069.35363671617	-2030.0271559030132
615.0	21135.110890708504	-1742.4037358322166
616.0	21434.471986848468	-1679.4417928315786
617.0	21418.352434850345	-2076.86184605137
618.0	21269.312455971605	-2034.265226629942
619.0	21332.519338456474	-1749.4420686345682
620.0	21633.06055507421	-1677.413610054736
621.0	21619.089346526776	-2080.1500921193074
622.0	21457.09321912406	-1939.5996007122
623.0	21530.62853193136	-1747.7048266753125
624.0	21837.74527602769	-1665.4489418405485
625.0	21818.411115546205	-2084.7342684953724
626.0	21669.63472486187	-2046.8850297726901
627.0	21733.514402240613	-1731.8757501757718
628.0	22039.38378199643	-1666.851792861309
629.0	22018.560520969695	-2087.721695151747
630.0	21897.896487769773	-1978.2345724823754
631.0	21939.447603416076	-1719.7841596803985
632.0	22239.702247386263	-1668.1379339430168
633.0	22218.70652138304	-2090.7045230894983
634.0	22069.046721161973	-2054.6293978506005
635.0	22141.012613495175	-1721.2199182189254
636.0	22440.256523212287	-1669.6319546519123
637.0	22418.84838886203	-2093.6843977622902
638.0	22269.24825378814	-2057.457595727276
639.0	22341.492372430603	-1722.9942005503092
640.0	22640.995620822778	-1670.5507154000816
641.0	22618.99076224262	-2096.664180892352
642.0	22469.389647664673	-2060.4486992111274
643.0	22542.391808996545	-1724.6197511268308
644.0	22841.730499620633	-1671.6318085902094
645.0	22819.142566335697	-2099.644121413603
646.0	22653.520443711426	-1865.9375199601498
647.0	22743.471359448115	-1726.0223637166825
648.0	23041.775972742693	-1671.9717896713864
649.0	23019.2824251585	-2102.631328399069
650.0	22869.68506050078	-2066.430516618296
651.0	22943.85649324534	-1727.0075244292523
652.0	23242.375909954135	-1672.1353044499222
653.0	23219.429877053295	-2105.6193314312764
654.0	23055.02477049379	-1871.2723557767124
655.0	23144.106480069135	-1727.2077759352244
656.0	23442.91330714966	-1673.1615655227517
657.0	23419.57811036313	-2108.6138435288085
658.0	23269.973070087795	-2072.4193461283344
659.0	23344.847986460725	-1728.1983161888068
660.0	23642.934669264563	-1673.4447350425369
661.0	23619.71965524822	-2111.6223695021235
662.0	23500.61714720006	-2002.2680988565007
663.0	23545.010816993297	-1729.3838605360281
664.0	23843.457848623428	-1673.4238647485174
665.0	23819.871379555578	-2114.647261686954
666.0	23655.749660119647	-1877.5002271300837
667.0	23745.159277443247	-1729.5689632893848
668.0	24043.758500047184	-1674.0858331129755
669.0	24020.01615947281	-2117.6947207416347
670.0	23870.4249216421	-2081.462193416551
671.0	23945.58707203531	-1730.1508954649078
672.0	24244.35588525151	-1674.8197339881333
673.0	24220.160682612895	-2120.756701985347
674.0	24070.569966498606	-2084.515282181232
675.0	24146.08908246002	-1731.4769701334824
676.0	24444.22123312755	-1675.2509242949745
677.0	24420.304959022553	-2123.8350432177667
678.0	24270.714883184013	-2087.5758655308696
679.0	24346.15583465116	-1732.5329788373701
680.0	24644.84378876518	-1675.0684801533744
681.0	24620.457958956267	-2126.943472527704
682.0	24470.800836328668	-2090.842773498993
683.0	24844.936331900273	-1676.255214799157
684.0	24546.247833835223	-1732.6051941390463
685.0	24820.60321806592	-2130.078981626944
686.0	24655.729069888297	-1886.4251047266491
687.0	25045.315574974036	-1676.9294304670614
688.0	24746.56711630695	-1733.3450275664966
689.0	25020.76109471452	-2133.262128580742
690.0	24871.185169464792	-2096.892748285351
691.0	25245.658325416924	-1678.23887860755
692.0	24946.643239246605	-1734.846189381784
693.0	25220.902910848254	-2136.4717421615323
694.0	25071.34281972807	-2100.091807516213
695.0	25445.779749354286	-1678.79132296797
696.0	25146.96974742616	-1736.3800326422827
697.0	25421.044552540756	-2139.6981949545348
698.0	25271.484570020268	-2103.3077769508477
699.0	25646.448439589494	-1678.9900986156151
700.0	25347.03862133008	-1737.7128926564667
701.0	25621.197994532395	-2142.94619110237
702.0	25457.3309581623	-1896.6344197641429
703.0	25968.149328143776	-2038.2872041961284
704.0	25547.433630344818	-1737.8668192643606
705.0	25846.357009328363	-1680.8393012999506
706.0	25648.440057026197	-1990.106812276139
707.0	25671.795604958792	-2109.7910146019503
708.0	25768.70417820236	-2034.8590027687053
709.0	25747.61596249434	-1739.2601943008237
710.0	26538.10224722454	-1653.9818637735898
711.0	26410.982354894048	-1671.944350151892
712.0	26047.60872009187	-1997.0416229022896
713.0	26149.066634563365	-1739.7279498819244
714.0	26481.633049832675	-1702.6931679158388
715.0	26501.64735971317	-1835.308122700102
716.0	26335.47378363226	-1729.3409593614197
717.0	26298.33083580105	-2040.203442872483
718.0	26783.909255006456	-2031.5557580170089
719.0	26649.766499071968	-1850.041344808683
720.0	26597.312769996784	-2042.218981897154
721.0	26772.57011204357	-2127.989834988636
722.0	26724.74280244445	-1982.2691214306296
723.0	12859.718863642565	-1911.8279726902776
724.0	12929.586645514371	-1964.703946952547
725.0	12953.533376518435	-1957.433504757324
726.0	12817.263152365484	-1872.8864253727597
727.0	12983.605330620048	-1946.9792818034364
728.0	13057.361725877445	-1452.689720955604
729.0	13138.223359367606	-1500.316608113346
730.0	12654.379566191019	-1721.4918344851667
731.0	13090.236746598335	-1847.585049286791
732.0	13421.953740300707	-1479.8262392961158
733.0	13271.004636465621	-1768.3747489809812
734.0	13666.583872221616	-1721.9745372273003
735.0	13525.65647181546	-1665.2972277880078
736.0	13387.049777505832	-1827.4441597473788
737.0	13625.173410980133	-1478.9321951586471
738.0	13867.296645094228	-1728.4658940061763
739.0	13729.785050244382	-1667.6684812356204
740.0	13586.857450659778	-1811.2394835920113
741.0	13825.588832317153	-1480.9943972168815
742.0	13927.3254908588	-1671.128242717811
743.0	13787.328667879201	-1815.006962715416
744.0	14023.087634852769	-1481.2319768896207
745.0	14132.431519101838	-1869.376385004796
746.0	14241.641742779751	-1665.4986374869586
747.0	13997.76747381734	-1727.8648757706935
748.0	14225.637527999368	-1477.0842083690895
749.0	14329.9445820401	-1878.307605838327
750.0	14436.313723108971	-1673.8678305239955
751.0	14174.939573329522	-1771.6206808864463
752.0	14426.235468953431	-1485.7662310346989
753.0	14527.060472530235	-1887.930915872492
754.0	14630.484332049818	-1683.6793663415738
755.0	14380.884032550171	-1846.6530573939579
756.0	14626.368634934808	-1495.0752593705092
757.0	14724.141635615655	-1897.2404517401271
758.0	14794.448395073501	-1730.4728597297228
759.0	14577.88321403682	-1856.2726364574871
760.0	14828.012887248944	-1513.117083590264
761.0	14921.686696115454	-1899.9713600562784
762.0	14925.608859924812	-1711.7951828930516
763.0	14759.501474217897	-1797.5075704881685
764.0	15024.919021095344	-1528.1400133650648
765.0	15120.502455005822	-1596.5130397719456
766.0	15055.400966120755	-1779.3639733967593
767.0	15268.310326079009	-1881.96113965559
768.0	14972.381692666839	-1867.1030373791793
769.0	12758.045521123984	-1818.481231142188
770.0	12949.764713652841	-1926.6567247555122
771.0	12831.400944053292	-1886.045996585727
772.0	12845.552461785557	-1898.983322420591
773.0	12922.543644495847	-1935.9277495070085
774.0	12867.324912574848	-1888.3051671066169
775.0	12857.271913232546	-1900.293446072712
776.0	12873.979481634073	-1924.614087653242
777.0	12885.834882682604	-1904.5159320497733
778.0	12914.44819455045	-1950.7026965367547
779.0	12888.305813106897	-1937.288092093988
780.0	12895.315114073035	-1912.9912079285593
781.0	12912.936370426198	-1927.7075760573855
782.0	12902.698432727417	-1949.740866101706
783.0	13128.95003268939	-1577.9729578057838
784.0	15118.824107468756	-1721.5494840386189
785.0	15170.201984088644	-1872.4362181502363
786.0	12409.837862119117	-1464.4270023376728
787.0	12457.962743705633	-1453.043058583433
788.0	12437.60848163751	-1475.919724658938
789.0	12479.890194848776	-1482.1833793176993
790.0	12445.842703465758	-1485.9253240322578
791.0	12480.050902235373	-1551.7785270052111
792.0	12501.225634109762	-1451.874015356653
793.0	12463.262678957157	-1525.573018143193
794.0	12530.956833741506	-1508.3297884655185
795.0	12495.94507797919	-1564.6189514165828
796.0	12552.605829473147	-1451.6457661416387
797.0	12501.442488656998	-1536.5555707099313
798.0	12537.611569731229	-1608.9169292180652
799.0	12507.880099402852	-1566.9971577423541
800.0	12535.118648294629	-1597.0010445140445
801.0	12619.112431189807	-1449.6970574336112
802.0	12549.23172268885	-1589.383152636269
803.0	12566.593058744373	-1637.2760904475936
804.0	12656.364063434281	-1507.9595318310905
805.0	12581.131115215716	-1651.3918000448127
806.0	13195.604914869182	-1630.278455090817
807.0	13046.677780937805	-1912.659251000896
808.0	13187.360284980712	-1864.1192137058808
809.0	12595.722261054112	-1665.4877351367215
810.0	12698.497565806714	-1448.4913236570494
811.0	12605.151123339288	-1643.1330857531284
812.0	12794.923947930974	-1449.546785706458
813.0	12631.608041682885	-1669.2582319707944
814.0	12624.989202153827	-1693.5517428302865
815.0	12850.470931481526	-1536.3725961572964
816.0	12639.664623552935	-1707.531868887978
817.0	12698.830299268498	-1690.515204404077
818.0	12651.656843759585	-1709.628942761583
819.0	12767.886734995605	-1559.2006144575837
820.0	12669.112003614524	-1735.4140992375458
821.0	12744.536072298797	-1475.545792365402
822.0	12663.881486214144	-1699.0264943461043
823.0	12821.691017122628	-1846.1194573749174
824.0	12681.109189038121	-1737.4648189720501
825.0	12713.482382537914	-1777.0354416707141
826.0	12737.683355065446	-1756.9170065582512
827.0	12728.31453671268	-1790.8594772025117
828.0	12821.018616446627	-1805.0749751350947
829.0	12743.175062893482	-1804.6757497518056
830.0	12765.774670195555	-1794.8029766284064
831.0	12755.211271795977	-1806.6276194495422
832.0	12947.75738984108	-1905.9450514948724
833.0	12840.020783108817	-1862.3150453073151
834.0	13107.881235115177	-1890.297205619022
835.0	12799.836586240488	-1848.0282826668438
836.0	12780.943390589768	-1808.7393833476162
837.0	12770.084302597565	-1820.4305516350412
838.0	12421.993382402057	-1482.1336528882678
839.0	12449.073094073889	-1511.2658568011345
840.0	12461.444133319521	-1489.779273854302
841.0	12434.968826069206	-1496.9633614319275
842.0	12477.73062830835	-1539.7576531957511
843.0	12486.965671450469	-1513.3915307855325
844.0	12520.703964760754	-1582.7635160207574
845.0	12523.846985766526	-1560.1865066643343
846.0	12549.564008283734	-1611.2023506332978
847.0	12558.854835074037	-1598.8418255337335
848.0	12607.69445952643	-1667.6527867254626
849.0	12658.0409629536	-1639.2029059956112
850.0	12814.652577590903	-1861.3340555315451
851.0	12811.848143952158	-1837.405336464203
852.0	12695.881693546873	-1751.341327749834
853.0	12810.833052333799	-1824.1150394756314
854.0	12784.959599852218	-1834.2300408230412
855.0	12981.789226093793	-1487.8605699407335
856.0	13462.085836687149	-1725.2075854525149
857.0	13297.61661720757	-1620.8440923798735
858.0	13284.802236224617	-1840.0628838977964
859.0	13395.15986163356	-1733.9275214086247
860.0	13486.795485678187	-1816.6190402224208
861.0	13598.982640383265	-1719.4597002731007
862.0	13687.345747957797	-1813.4792022980146
863.0	13800.503059744551	-1724.4738905947568
864.0	13887.001950128231	-1819.767899375913
865.0	14070.511146072735	-1699.224324693704
866.0	13986.421287209288	-1822.0533064653712
867.0	14244.982953206149	-1737.3334887643941
868.0	14183.275698819205	-1837.5184535266465
869.0	14479.450212886566	-1851.4849654844638
870.0	14369.42987451527	-1779.8065161492214
871.0	14676.402505332042	-1861.055071954025
872.0	14565.696556604375	-1789.3827676267458
873.0	14774.871859264802	-1863.8281516996733
874.0	14860.496757959869	-1764.7013145833746
875.0	16467.530283177923	-1937.3734333257055
876.0	16457.076999281042	-1838.808754232963
877.0	15071.000025734174	-1871.1307835607406
878.0	14989.645347295658	-1776.6588498362526
879.0	15320.917259519372	-1591.9299257470295
880.0	15185.734315442101	-1777.7594764233472
881.0	15428.646555242507	-1720.030817713432
882.0	15360.437493107087	-1823.9256225197598
883.0	15367.599906239304	-1890.0409235206762
884.0	15553.022541966455	-1834.0296639610613
885.0	15568.24540833253	-1899.7371980387559
886.0	15787.758483786956	-1816.2435882929046
887.0	15869.272341477428	-1911.3472406134586
888.0	15969.721754152793	-1915.2437818791323
889.0	15986.032621566117	-1821.6512294542506
890.0	16161.27382741595	-1869.4609220853235
891.0	16328.633844295133	-1644.914836104382
892.0	16352.52470444219	-1880.2672495474155
893.0	16526.266968492015	-1780.9796441490653
894.0	16666.73211912705	-1947.2600127197309
895.0	16723.75709747014	-1792.3501034749104
896.0	16966.603450037484	-1951.256442826345
897.0	16923.047607604138	-1794.8057064907928
898.0	17122.664076905883	-1796.3293827984241
899.0	17166.777431715687	-1954.7582569224978
900.0	17266.566883711057	-1957.6657539745836
901.0	17322.126025698642	-1800.585338057085
902.0	17522.107190479855	-1804.1215086130621
903.0	17567.06032246599	-1960.8954381108977
904.0	17767.17401417669	-1965.2001129928656
905.0	17721.839769465158	-1808.2509491551984
906.0	17919.725069718163	-1809.3132378096623
907.0	17967.602814275106	-1969.5004581330486
908.0	18066.754350544896	-1983.8025484368463
909.0	18127.81545820143	-1774.2726147571295
910.0	18366.72063470206	-1994.075052729106
911.0	18326.7906063019	-1770.9292145723405
912.0	18526.627452747623	-1776.1097102621854
913.0	18466.81838979673	-1996.238631020113
914.0	18667.2422460758	-2000.659341154449
915.0	18724.31885769386	-1787.082784452455
916.0	18927.140510946494	-1826.306480065222
917.0	18967.898406407752	-1990.4993500226394
918.0	19122.374360417845	-1837.342739473621
919.0	19067.73347976331	-1999.475201205626
920.0	19366.943094821465	-2015.1804967115468
921.0	19330.364181338675	-1797.157431472732
922.0	19528.757634914942	-1793.0499930104615
923.0	19567.272104244435	-2018.8935678870619
924.0	19667.329751393223	-2020.7893709764387
925.0	19728.745534278383	-1798.6537111107657
926.0	19929.02249366464	-1802.5018120609893
927.0	19967.467046225727	-2026.2600192963837
928.0	20067.501763782082	-2028.041030653597
929.0	20129.36159978769	-1806.3088804706633
930.0	20367.63710183048	-2033.1907982794755
931.0	20329.799887944995	-1810.034082071724
932.0	20467.664852838207	-2034.8715294636147
933.0	20530.19211451223	-1813.6458803029589
934.0	20767.859121579637	-2039.7129963897285
935.0	20730.099059857155	-1815.7566267458599
936.0	20868.224013735886	-2041.4166176219624
937.0	20927.909017753653	-1826.9057648823025
938.0	21169.277822329863	-2031.0303341091776
939.0	21129.980289333635	-1868.2497107072038
940.0	21369.396071139938	-2035.7884438294243
941.0	21327.272719147662	-1877.1666658734132
942.0	21525.47794042215	-1875.190810843891
943.0	21469.644307909275	-2036.7767370604067
944.0	21768.88382711223	-2049.972011767218
945.0	21742.499065104665	-1828.1487284399525
946.0	21945.143022413147	-1815.5134277860627
947.0	21868.95389318196	-2051.467443460307
948.0	22169.11876219336	-2056.126354067202
949.0	22146.154430633298	-1817.5446388072348
950.0	22346.559752782796	-1819.9810510933585
951.0	22369.31897232968	-2058.9531686937876
952.0	22548.459632659902	-1821.929599464859
953.0	22569.4604921655	-2061.944320095377
954.0	22669.53324423829	-2063.4398098441957
955.0	22749.928358673405	-1824.0993199387224
956.0	22950.63823318554	-1826.8721401386822
957.0	22969.754089163675	-2067.929722524414
958.0	23069.736858190547	-2069.6777851794564
959.0	23150.57353788003	-1826.6437263311207
960.0	23350.776993056945	-1828.9602852486853
961.0	23370.048278805192	-2073.916455801209
962.0	23551.596860315138	-1831.5923753643299
963.0	23470.120703014833	-2075.4175571626433
964.0	23751.38822497649	-1831.4159405486298
965.0	23670.184875898514	-2078.6583132441915
966.0	23970.49746078832	-2082.9878599723784
967.0	23950.924797077838	-1833.3306860109733
968.0	24170.642440970707	-2086.044580095915
969.0	24151.549219126493	-1835.558982600597
970.0	24370.787295406884	-2089.109252632507
971.0	24352.452667296424	-1838.026651771744
972.0	24552.180693324462	-1837.6293175626524
973.0	24570.88219358082	-2092.392598605087
974.0	24751.519537940825	-1839.6775287161654
975.0	24671.0220233424	-2093.7558827222315
976.0	24951.393498924324	-1841.962968611772
977.0	24971.27190981185	-2098.487179263939
978.0	25171.41370607144	-2101.6987113380883
979.0	25152.033473995936	-1844.3101275454064
980.0	25371.55541275324	-2104.918890575777
981.0	25352.9356086515	-1846.9553266433334
982.0	26172.150100130006	-2118.049694612777
983.0	25856.283882695057	-1901.2091062902691
984.0	25871.94006167194	-2113.0929065967725
985.0	25553.087851831413	-1846.4674820736666
986.0	25471.57975955323	-2106.6786053084948
987.0	25752.96880300362	-1848.9532272174558
988.0	25771.869904295007	-2111.4403082859794
989.0	25972.009154172683	-2114.7452983932094
990.0	25952.233753729746	-1851.9048439241524
991.0	26168.77996038756	-2041.4692350013647
992.0	26072.078497963503	-2116.396227368197
993.0	26472.35875091223	-2123.0184103873557
994.0	26272.204049063206	-2119.791438531061
995.0	26341.949261551912	-1838.059503889793
996.0	26372.272524892218	-2121.4482512917534
997.0	26575.500906299432	-1894.3515239415149
998.0	26517.602180329228	-1764.4487926324764
999.0	26595.452198559156	-1681.3714324682871
1000.0	12462.303851264995	-1503.4780425444806
1001.0	12495.981047391973	-1496.2945147020862
1002.0	15326.56987867505	-1684.9690555530044
1003.0	15259.773222073809	-1749.2475041391165
1004.0	14727.901286083163	-1657.1447645385852
1005.0	14631.419515843625	-1755.662112691165
1006.0	14530.504430597726	-1638.6862550914411
1007.0	14438.342376917064	-1745.7946062272088
1008.0	14331.74188547807	-1629.3395739563166
1009.0	14303.62284952199	-1776.6691924162649
1010.0	14133.014970734346	-1632.3830255978319
1011.0	14109.094538241518	-1766.6271287048828
1012.0	12937.348663112289	-1657.5754629093826
1013.0	12934.487380231241	-1936.3206859813806
1014.0	26554.253762754906	-1988.131614195212
1015.0	16286.337816418976	-1876.7421819970696
1016.0	16390.732642410618	-1812.9323060864917
1017.0	16128.02107203501	-1730.0239472926976
1018.0	16095.334135519797	-1862.1505295990803
1019.0	15590.45515364891	-1769.1552644478415
1020.0	15486.094302895035	-1831.316536966676
1021.0	26244.380368231676	-1996.6666166953953
1022.0	26422.166233746408	-1988.2045874376006
1023.0	26422.573832091406	-1882.0789879108754
1024.0	25847.673923887243	-1993.7409663135895
1025.0	26056.439838798968	-1903.7438457600208
1026.0	12749.548572875094	-1779.9458624548909
1027.0	12795.972338384745	-1822.9020586965537
1028.0	12720.72203689623	-1753.3343944363387
1029.0	12847.418958527502	-1756.7237047996969
1030.0	12794.795927465551	-1809.2584930732817
1031.0	12710.86346898268	-1744.110931755674
1032.0	12899.36925905422	-1618.24071411121
1033.0	12779.468007515765	-1794.9654200336274
1034.0	12775.073751380869	-1748.3441325695283
1035.0	12692.087065832528	-1725.6497057743654
1036.0	12762.945021547479	-1779.9767861774835
1037.0	12673.683309397717	-1708.3119508798857
1038.0	12907.76169965356	-1570.9928728298946
1039.0	12739.648926420268	-1770.7464832639216
1040.0	12647.931072683257	-1684.138813992334
1041.0	12709.840110366713	-1730.269844120029
1042.0	12740.904326506656	-1521.441442517845
1043.0	12621.869496347754	-1659.9191404890032
1044.0	12687.403444801936	-1708.3479603912467
1045.0	12645.240275542188	-1669.609584825955
1046.0	12589.767368889594	-1628.413670352026
1047.0	12662.847330718598	-1685.401745306009
1048.0	12744.55962575165	-1596.093432657708
1049.0	12637.681384894613	-1635.8488742787802
1050.0	12752.91942687231	-1744.5000053153835
1051.0	12976.385020755813	-1554.5865410569422
1052.0	13167.619782111942	-1809.5329251039122
1053.0	13032.279126397303	-1879.8769177812962
1054.0	12575.343511572975	-1613.752358318554
1055.0	12693.50420029457	-1532.058552597288
1056.0	12621.9396015246	-1647.2913748707044
1057.0	12604.384500861423	-1629.842120419379
1058.0	12583.028044270513	-1498.2287405492352
1059.0	12589.103920225856	-1614.5701774158345
1060.0	12654.136049772163	-1574.0293153479336
1061.0	12587.941746151775	-1583.6141502760256
1062.0	12609.27458862497	-1586.7103581223273
1063.0	12572.67090078914	-1599.130359511586
1064.0	12612.233455433583	-1543.600973021239
1065.0	12567.037293648304	-1544.803196528302
1066.0	12548.448470436502	-1575.4873035493438
1067.0	12553.162759074148	-1535.3726911322617
1068.0	12616.369568001845	-1517.24435391442
1069.0	12471.734536852744	-1512.9791640913245
1070.0	12529.778639118995	-1545.1219728365602
1071.0	12555.136206770572	-1510.8338363123705
1072.0	13081.616816423339	-1759.0733881956803
1073.0	13113.892178413635	-1805.0852869958896
1074.0	13206.34706314184	-1755.3173709070325
1075.0	13334.399719951705	-1700.623110742005
1076.0	12857.907377662326	-1879.7363839325626
1077.0	12910.855931650161	-1913.8473409120209
1078.0	12835.351269330919	-1845.705468449407
1079.0	12884.150917446372	-1891.2642708165506
1080.0	13020.303953489209	-1810.1121937299401
1081.0	12857.228633220688	-1866.3980139172636
1082.0	13167.730444289538	-1697.0000953789997
1083.0	13038.33643302084	-1657.581194445954
1084.0	13042.684193861249	-1597.0720417642503
1085.0	12806.465218033576	-1566.9556715287679
1086.0	12726.869313593153	-1717.86933815655
1087.0	12789.741623805998	-1775.7771805040345
1088.0	26102.06503404042	-2040.3665379834904
1089.0	26254.21868714687	-1900.1814309547037
1090.0	25701.986679373193	-2033.7552466933485
1091.0	25901.437000328577	-2037.183194353093
1092.0	25448.661623323085	-1988.1573262556685
1093.0	25657.45550158537	-1897.2837943415532
1094.0	25256.61903930812	-1895.4114074975405
1095.0	25501.987641330514	-2030.4172333946578
1096.0	25055.129561221533	-1891.9763046001735
1097.0	25302.050691618933	-2028.566764481414
1098.0	24900.435588426542	-2021.8296825236769
1099.0	25100.99117566961	-2024.9316058354216
1100.0	24646.73352918457	-1976.235843213437
1101.0	24854.639013211865	-1889.7044951788139
1102.0	24456.45092526206	-1885.7687206529542
1103.0	24700.39030808445	-2018.8390494387015
1104.0	24256.112854563242	-1884.3954193896213
1105.0	24501.06533070016	-2015.5714737913622
1106.0	24054.55636175619	-1881.3476361261557
1107.0	24246.971392878695	-1972.1737781475113
1108.0	23899.84230863121	-2007.309497901546
1109.0	24100.193660099874	-2010.2686797888855
1110.0	23647.083520209973	-1963.479160080072
1111.0	23855.024521199204	-1878.4506325538284
1112.0	23446.471912509354	-1961.3304192495289
1113.0	23700.409168853064	-2004.1658972648838
1114.0	23254.77197436125	-1872.333223905697
1115.0	23455.428357067725	-1876.132049410932
1116.0	23046.57857227502	-1955.4013774905968
1117.0	23299.728579581362	-1998.784483120887
1118.0	22900.125530641057	-1993.72515632246
1119.0	23099.948292451107	-1995.6491389701016
1120.0	22645.23028892222	-1948.9069547373394
1121.0	22854.969238786125	-1869.5733805216794
1122.0	22451.391727227845	-1863.9286535329895
1123.0	22699.567984482313	-1989.7952808291914
1124.0	22249.911444876576	-1861.4495050743753
1125.0	22443.530694409787	-1946.3607859563647
1126.0	22097.515607501988	-1981.4144649442387
1127.0	22297.725857254463	-1984.246730678956
1128.0	21846.145220334965	-1938.8030704674202
1129.0	22050.22101813162	-1858.9057815552824
1130.0	21702.863399143633	-1909.001698803054
1131.0	21852.425357888806	-1857.4511882103936
1132.0	20883.41045082221	-1974.8314684564132
1133.0	20950.457937078394	-1974.5805608863036
1134.0	20554.392015774316	-1969.3867117364298
1135.0	20819.037716906823	-1935.665377491522
1136.0	20424.16608008266	-1929.1774862731515
1137.0	20687.271957257002	-1971.4929494327764
1138.0	20154.124150992528	-1962.53873625852
1139.0	20487.70124625501	-1968.3096563729887
1140.0	20023.703267682657	-1922.1049575323948
1141.0	20287.6016119671	-1964.8822923224968
1142.0	19753.888710499992	-1955.2827884213245
1143.0	20087.44245077415	-1961.3852977138874
1144.0	19623.961296007637	-1914.575788818036
1145.0	19887.28448165637	-1957.7597862908733
1146.0	19358.84864854575	-1947.6528699038147
1147.0	19687.216756069214	-1954.0542428685865
1148.0	19260.86223901281	-1868.208035100785
1149.0	19487.629004665345	-1950.152931059849
1150.0	18616.831741743696	-1895.005638274498
1151.0	18748.951750188375	-1934.4093946817927
1152.0	18422.05396359113	-1890.7984940274885
1153.0	18681.967836439148	-1934.30490093893
1154.0	18157.74353026075	-1922.9069677019572
1155.0	18485.806280353998	-1930.050984281176
1156.0	18091.492742625833	-1917.6484125758227
1157.0	18227.68700000021	-1886.4211407243977
1158.0	13026.321396609996	-1936.6268751406722
1159.0	12925.520723452624	-1897.6131171367367
1160.0	13096.72780126934	-1705.2037507756704
1161.0	12873.985963208208	-1853.2505221935473
1162.0	12846.423004041231	-1828.1785450630487
1163.0	12817.081148736224	-1616.2089537987424
1164.0	12948.89545479981	-1799.7954560832907
1165.0	12899.171787427988	-1877.9612074762942
1166.0	12809.937091222217	-1794.8209324692634
1167.0	12881.046020780079	-1789.249775056831
1168.0	12867.849847806652	-1831.6406301972409
1169.0	12987.725870301438	-1904.0041303279784
1170.0	12894.383410009754	-1857.545378834119
1171.0	12935.5514260471	-1856.8152000232167
1172.0	12920.258250334184	-1879.1940071336546
1173.0	12563.4612378268	-1565.1087492636045
1174.0	12587.904633291733	-1547.903440426139
1175.0	12584.328577470229	-1568.2089931614416
1176.0	12618.21170682594	-1613.6235921051011
1177.0	12687.189666248434	-1563.0626132184577
1178.0	12607.764151915215	-1603.0443864551683
1179.0	12629.990242085274	-1567.0027336028434
1180.0	12634.720112673816	-1615.4720568469263
1181.0	12673.51173969819	-1666.8039714526265
1182.0	12671.002865467417	-1617.1435665199933
1183.0	12654.686387125961	-1600.835293775143
1184.0	12754.346619025686	-1629.7597771608646
1185.0	12711.262683216562	-1589.338321339139
1186.0	12660.78465573268	-1655.6628762112778
1187.0	12739.110413411152	-1678.5219681444626
1188.0	12690.873457745265	-1667.2293590959925
1189.0	12720.543123525533	-1695.4164438237167
1190.0	12767.96202273282	-1688.125930708268
1191.0	12748.062610665775	-1723.9013395977333
1192.0	12788.54811106467	-1727.2890244676855
1193.0	12778.17609155039	-1765.3900549813509
1194.0	12823.124214645337	-1751.5344346888003
1195.0	12837.99298197835	-1804.9475636288182
1196.0	12806.358170636666	-1775.113583214005
1197.0	13048.949246969501	-1845.4367561172687
1198.0	12963.119097909765	-1893.797714767771
1199.0	13001.264450736986	-1878.8900776756145
1200.0	12918.7461979292	-1842.8578730219444
1201.0	12956.175607234225	-1863.086973299197
1202.0	12516.932452033943	-1531.025512094795
1203.0	12519.785260979857	-1491.898226074615
1204.0	12694.525545081748	-1616.6132962134652
1205.0	12705.48311735914	-1644.6545654020738
1206.0	13029.316091127746	-1766.2485880992529
1207.0	12979.934003358561	-1852.7633566458724
1208.0	12918.27867311345	-1695.8737553229912
1209.0	12770.588029919825	-1711.0524078287053
1210.0	12813.671067041512	-1725.4886997815386
1211.0	12851.65189498475	-1679.9111595748498
1212.0	12788.289658972293	-1642.120241230715
1213.0	12732.007248767992	-1651.045935030904
1214.0	12852.743933318807	-1785.13361647253
1215.0	12918.220816526045	-1819.4481935314434
1216.0	12887.721913205043	-1812.5258073473112
1217.0	12982.303385538586	-1818.4256343642253
1218.0	12988.422932770067	-1676.729283575193
1219.0	12896.97737629195	-1761.9829384413927
1220.0	12852.694421584836	-1632.8737197085866
1221.0	12794.801898036267	-1673.01036166456
1222.0	12822.550861200112	-1694.1365140988503
1223.0	12994.513575722975	-1731.527039808482
1224.0	12874.07935780733	-1739.6841300491517
1225.0	12950.451819164218	-1735.6047338233886
1226.0	12879.256742455296	-1703.5764463910818
1227.0	12934.327906990678	-1765.6062332837203
1228.0	11896.06886546626	-1387.2243203810556
1229.0	12356.517756118576	-1474.8849248619001
1230.0	12358.186032885802	-1486.6168750545303
1231.0	12372.351943292195	-1501.8615576617206
1232.0	12386.536138934898	-1516.655539633648
1233.0	12443.460716764748	-1574.6163559636925
1234.0	12251.850766992347	-1710.6340210941814
1235.0	12309.24610885937	-1814.630916192648
1236.0	12516.068726671476	-1645.450480682877
1237.0	12405.81228050618	-1823.9597614234938
1238.0	12486.57330662987	-1830.9509865978916
1239.0	12514.355131973512	-1779.0092781923447
1240.0	12604.402255051871	-1728.952405709023
1241.0	12554.453320639603	-1836.6344151201165
1242.0	12615.279560338311	-1820.2330722304234
1243.0	12705.295155783968	-1813.637850774032
1244.0	12675.556866991423	-1786.1928366269165
1245.0	12660.76464929049	-1772.3863178641652
1246.0	12719.520385149277	-1827.9695856560777
1247.0	12735.300064013674	-1864.7223803308734
1248.0	12763.705308886101	-1866.797024076752
1249.0	97.76017668511525	-1772.8871944254595
1250.0	231.65723655570073	-1692.2057496537197
1251.0	572.1363827630347	-1696.1944865705666
1252.0	879.3267476714838	-1698.8897641258902
1253.0	1176.145083818752	-1701.2294456759148
1254.0	1325.5857400495358	-1442.6631690923075
1255.0	1620.1999389801324	-1442.8070291078423
1256.0	1914.792825281945	-1442.832879669494
1257.0	2209.4064373952338	-1444.2850517938748
1258.0	2504.033646528464	-1444.3651259647004
1259.0	2798.6050842700824	-1444.4434284199199
1260.0	3093.215695376121	-1444.5238110162527
1261.0	3387.7812221542604	-1444.602362300751
1262.0	3682.396223739726	-1444.6833167258874
1263.0	3976.951585372599	-1444.7904560608513
1264.0	4271.585886495619	-1444.816096336606
1265.0	4566.126831798007	-1444.9516046845945
1266.0	4860.767774182886	-1444.9774775364288
1267.0	5155.301526433842	-1445.1127327506592
1268.0	5449.7850122901145	-1443.8607103262236
1269.0	5744.414816840842	-1443.8991260521886
1270.0	6038.939199828113	-1444.0350271768855
1271.0	6333.479886952168	-1444.1199790772387
1272.0	6628.04951809515	-1444.207535938502
1273.0	6922.6288898288085	-1444.2954461894444
1274.0	7217.208883712697	-1444.383654105233
1275.0	7511.7890683135	-1444.4721555771919
1276.0	7806.367762029727	-1444.5604266826274
1277.0	8101.177335050898	-1445.9368596023253
1278.0	8395.878779975139	-1445.959355741021
1279.0	8690.456462671786	-1446.0695174142413
1280.0	8985.043342770305	-1446.1533083268832
1281.0	9279.63058523859	-1446.2378610868743
1282.0	9573.957020182885	-1445.0711608140175
1283.0	9868.518562197636	-1445.183652409309
1284.0	10163.101783485301	-1445.2742448527395
1285.0	10457.901063096826	-1445.3648156026627
1286.0	10753.507491000533	-1443.750843928614
1287.0	11042.754294839071	-1441.0668903068174
1288.0	12690.344164243475	-1800.0048954516471
1289.0	12734.559748862232	-1841.5332227545694
1290.0	12345.316630212843	-1460.7557502062884
1291.0	11934.744316055438	-1526.7522458506562
1292.0	12412.510870044242	-1533.8726061941043
1293.0	12484.25906255628	-1605.4535130843053
1294.0	12542.666874403372	-1661.6014084938986
1295.0	12586.83418436119	-1703.2912273792115
1296.0	12631.175518888871	-1744.778808597585
1297.0	12609.655715762536	-1843.8430861339884
1298.0	12675.172821807428	-1861.0256800053232
1299.0	12709.673588837964	-1853.6946022681168
1300.0	12753.927982056246	-1857.5036099379233
1301.0	427.1775899259312	-1776.6377656548902
1302.0	98.20095678501825	-1436.3894865010204
1303.0	731.5198529477948	-1777.2081337689358
1304.0	1027.6484848897258	-1779.6652456368436
1305.0	1321.6187191504084	-1779.8800177455896
1306.0	1615.3513578811992	-1780.2036629433353
1307.0	1909.0626839832057	-1780.4092986871983
1308.0	2202.7947358966885	-1782.0412559937897
1309.0	2496.540384830112	-1782.301115346826
1310.0	2790.2302623719256	-1782.5592029842567
1311.0	3083.959313278158	-1782.8193707628004
1312.0	3377.6432798564906	-1783.0777072295098
1313.0	3671.3767212421503	-1783.3384468368567
1314.0	3965.0505226752175	-1783.6253713540318
1315.0	4258.803263598432	-1783.8307968119973
1316.0	4552.462648701013	-1784.1460903421964
1317.0	4846.222030886086	-1784.3517483762419
1318.0	5139.8742229372365	-1784.6667887726828
1319.0	5433.476148593702	-1783.5945515304581
1320.0	5727.224392944623	-1783.8127524386346
1321.0	6020.86721573209	-1784.1284387455416
1322.0	6314.526342656337	-1784.3931758281058
1323.0	6608.214413599512	-1784.6605178715806
1324.0	6901.912225133366	-1784.9282133047334
1325.0	7195.610658817449	-1785.196206402733
1326.0	7489.309283218446	-1785.4644930569023
1327.0	7783.0064167348655	-1785.732549344549
1328.0	8076.934429556232	-1787.288767446458
1329.0	8370.754314280668	-1787.4910487673642
1330.0	8664.450436777508	-1787.7809956227957
1331.0	8958.155756676219	-1788.0445717176483
1332.0	9251.861438944696	-1788.3089096598499
1333.0	9545.306313689189	-1787.3219945692047
1334.0	9838.986295504137	-1787.6142713467068
1335.0	10132.687956591992	-1787.884648972348
1336.0	10426.605676003708	-1788.1550049044824
1337.0	10721.819345286598	-1786.7209221528055
1338.0	11017.036443107834	-1784.2182079074944
1339.0	11299.242589494963	-1777.85001076697
1340.0	11789.007446216929	-1807.9430729739033
1341.0	11566.428897229685	-1804.8367630971945
1342.0	11411.807384317204	-1485.3432643575609
1343.0	12080.061444232728	-1390.1632860500492
1344.0	11687.185957930467	-1621.5236798435392
1345.0	11763.579399925226	-1560.235671630048
1346.0	11972.671682406313	-1826.410979934203
1347.0	11944.060914776395	-1410.999940326942
1348.0	12336.107064866172	-1458.2926008195118
1349.0	12125.820475218905	-1833.8149852360518
1350.0	12317.16090927014	-1437.0271601558468
1351.0	12288.260131029396	-1396.1807378047852
1352.0	12260.630288052263	-1363.7318243610732
1353.0	12233.2703408971	-1361.3272496282088
1354.0	12210.269909486313	-1363.5295915502097
1355.0	12279.732319849878	-1394.1287116080828
1356.0	12180.951850349149	-1365.6097578746615
1357.0	12307.719073513734	-1426.3445282873183
1358.0	12146.4874679318	-1367.2863845001032
1359.0	12326.636824955627	-1447.635622147911
1360.0	11794.546882897697	-1400.0802566037298
1361.0	12103.372138662031	-1370.7669241032054
1362.0	12426.736149888378	-1548.3554691778672
1363.0	12252.914997450598	-1840.257154222958
1364.0	12370.27211315144	-1489.8953708995305
1365.0	12441.01440982459	-1562.7235253875751
1366.0	12384.356159561721	-1504.679893522725
1367.0	12398.40876320761	-1519.3429098102633
1368.0	12446.549078791219	-1600.1729546460354
1369.0	12469.775959676002	-1591.2748182897258
1370.0	12414.839628937507	-1545.8163102775043
1371.0	12433.018436014017	-1599.2276810118676
1372.0	12429.128653283638	-1560.2673167032808
1373.0	12498.796108243938	-1619.566207020687
1374.0	12455.358674171051	-1577.0291155518744
1375.0	12513.381739432274	-1633.6231730602442
1376.0	12457.861423080169	-1588.913556981044
1377.0	12358.909195168582	-1845.2960499299859
1378.0	12314.716691169786	-1763.9563194800603
1379.0	12505.104342620229	-1656.8961368325329
1380.0	12491.378905113439	-1656.513770112799
1381.0	12472.336082518295	-1603.1495166483955
1382.0	12557.353596001989	-1675.5259104936802
1383.0	12501.454373154453	-1631.4108031748385
1384.0	12572.091289612306	-1689.4332897030424
1385.0	12527.998662774793	-1647.6273026352528
1386.0	12447.371456895744	-1849.6968809744556
1387.0	12519.788242931994	-1670.9263283561343
1388.0	12530.7220162078	-1659.452801049965
1389.0	12601.59486915807	-1717.1355291619966
1390.0	12560.127384343768	-1687.3473306217484
1391.0	12521.224647847659	-1852.3796527961422
1392.0	12549.233323921673	-1698.8842705341901
1393.0	12589.624537886799	-1715.0987581837333
1394.0	12594.660937905099	-1754.1982160702248
1395.0	12645.969778160388	-1758.582831887713
1396.0	12616.38518938308	-1730.971105033881
1397.0	12583.13729060774	-1855.4572045910616
1398.0	12638.214162266566	-1783.6902522007522
1399.0	12633.986173688203	-1756.5921241644812
1400.0	12654.874454951141	-1849.3585315980172
1401.0	12693.169802720571	-1850.0473147623263
1402.0	12663.567466099621	-1784.208322706576
1403.0	12678.356890113515	-1798.0183452828471
1404.0	12632.745740000513	-1859.6521166837326
1405.0	12648.777095825579	-1770.3999034051628
1406.0	12657.172063018348	-1797.8689180890103
1407.0	12707.730764536447	-1825.768754539992
1408.0	428.4999302256403	-1439.9602725482403
1409.0	232.09801665560371	-1523.9119493959477
1410.0	733.7237534473101	-1440.3508554800749
1411.0	573.0179429628407	-1527.810793721689
1412.0	1030.733945589047	-1442.6281821657722
1413.0	880.6490879711928	-1530.4161786859074
1414.0	1177.9082042183643	-1532.6659676448262
1415.0	1472.7713272543951	-1532.7822899335831
1416.0	1470.56742675488	-1701.4356605557768
1417.0	1767.3755421317499	-1532.8894758574568
1418.0	1764.7308615323318	-1701.6327390707559
1419.0	2061.9791701917966	-1534.3049738901757
1420.0	2058.8937094924754	-1703.1381296945804
1421.0	2356.617121083261	-1535.7746955320683
1422.0	2353.0908802840363	-1704.6977439275786
1423.0	2651.2128976030544	-1535.8705475048007
1424.0	2647.2458767039275	-1704.883488491416
1425.0	2945.792076095657	-1535.9667079030396
1426.0	2941.3842750966273	-1705.0695414807606
1427.0	3240.3653436247805	-1536.0631171305577
1428.0	3235.5167625258473	-1705.255843299384
1429.0	3534.9430016333304	-1536.160098186879
1430.0	3529.653640434494	-1705.442716946811
1431.0	3829.510494496615	-1536.285667293666
1432.0	3823.7803531978766	-1705.6581786447032
1433.0	4124.097286897454	-1536.3559222510714
1434.0	4117.926365498813	-1705.8183261932143
1435.0	4418.669662967807	-1536.454546221501
1436.0	4412.0579614692615	-1706.0068427547494
1437.0	4713.248680300018	-1536.5534027680105
1438.0	4706.19619870157	-1706.195591892364
1439.0	5007.820504580799	-1536.6520061807623
1440.0	5000.327242882448	-1706.3840878962212
1441.0	5302.234872332973	-1535.4727143172433
1442.0	5294.300830534718	-1705.294688623808
1443.0	5596.745292384919	-1534.1965829654598
1444.0	5588.3704704867605	-1704.1084498631296
1445.0	5891.296609567861	-1534.3083751628083
1446.0	5882.481007569801	-1704.310134651584
1447.0	6185.758809324132	-1534.4667035345446
1448.0	6176.502427226169	-1704.5583556144256
1449.0	6480.266257236115	-1534.5766876428481
1450.0	6470.569095038249	-1704.7582323138342
1451.0	6774.812389757702	-1534.6896301017407
1452.0	6764.674447459932	-1704.9610673638326
1453.0	7069.368885020193	-1534.8032236151587
1454.0	7058.790162622521	-1705.164553468356
1455.0	7363.92619314983	-1534.9174083495927
1456.0	7352.906690652254	-1705.3686307938954
1457.0	7658.482201111804	-1535.0316562736737
1458.0	7953.267597494149	-1536.4338356454944
1459.0	7647.021918514326	-1705.5727713090819
1460.0	8248.175745084507	-1537.7702400505743
1461.0	7941.366534796766	-1707.064843272008
1462.0	8542.852002350342	-1537.8403732091772
1463.0	8235.833902287222	-1708.4911402681935
1464.0	8837.41369479045	-1537.9718011417262
1465.0	8530.069379453154	-1708.6511660179015
1466.0	9131.984947002196	-1538.0776201610454
1467.0	8824.19029179336	-1708.872486541556
1468.0	9426.295754059725	-1536.9329479948667
1469.0	9118.3207639052	-1709.0681981519808
1470.0	9720.580860663718	-1535.8162146639881
1471.0	9412.190790862825	-1708.0134185769075
1472.0	10015.122753611078	-1535.9567740493967
1473.0	9706.03511736692	-1706.9865778371347
1474.0	10309.90238415521	-1536.0754125894373
1475.0	10000.136230214377	-1707.2170298136482
1476.0	10606.194022894377	-1534.4895907521595
1477.0	10294.475080658602	-1707.4255609447944
1478.0	10903.29623846407	-1530.1305949972755
1479.0	10590.325939297865	-1705.9296316986222
1480.0	10887.476176346647	-1701.6606322750047
1481.0	11299.733646283681	-1434.5151012383324
1482.0	11173.503048297694	-1692.4596526710138
1483.0	11183.400837911506	-1520.8383723480658
1484.0	12693.31659067776	-1811.6424774969948
1485.0	12667.030865393499	-1807.0766378805283
1486.0	12741.948275647437	-1855.4475715827039
1487.0	12722.25477895642	-1839.8028733814192
1488.0	12715.330347110015	-1864.6997603894363
1489.0	12139.213012541448	-1705.421987555318
1490.0	12346.043806763215	-1471.2909247960488
1491.0	12019.36633566123	-1398.0929431080415
1492.0	12053.586493967758	-1789.5955458969709
1493.0	12333.302659739596	-1475.0806800516873
1494.0	12297.560422082453	-1406.9212307227133
1495.0	12404.215258327788	-1570.5969517891926
1496.0	12400.645184314972	-1531.283682719927
1497.0	12476.718754079511	-1642.4514445230268
1498.0	12486.871030642133	-1617.3131773140374
1499.0	12535.569830230299	-1698.514731733085
1500.0	12545.406629058765	-1673.4158428594812
1501.0	12579.84874693442	-1740.3134430234002
1502.0	12574.876071433182	-1701.2422253207671
1503.0	12619.196422602108	-1742.783648278155
1504.0	12624.153162056704	-1783.937988707448
1505.0	12607.346669164268	-1802.4333011759538
1506.0	12684.468436554513	-1824.440700099223
1507.0	12654.183073989241	-1830.701198421204
1508.0	12693.961372226195	-1833.9547547595428
1509.0	11898.495076360507	-1675.5691206505371
1510.0	11445.135907797407	-1712.7635861865929
1511.0	11687.219531265466	-1742.5760968454842
1512.0	11665.593646614658	-1405.5877736307712
1513.0	11499.59648043951	-1405.6202640542122
1514.0	11471.23141655766	-1591.8618690491378
1515.0	11592.49083265494	-1562.8826289577949
1516.0	12048.72983329229	-1374.333740615076
1517.0	11853.787665407965	-1432.4171183208837
1518.0	11593.093038979545	-1456.3767638561324
1519.0	11741.38488228481	-1450.805630518942
1520.0	11880.60974728027	-1515.925118887338
1521.0	11886.226382527195	-1763.915575017371
1522.0	12089.405360614342	-1426.3717090585576
1523.0	11980.479618297775	-1378.6833807751843
1524.0	12029.611328938	-1443.6463468726631
1525.0	12335.215392686956	-1449.479300142971
1526.0	12061.393148514178	-1720.9267444487205
1527.0	12138.315891831217	-1410.3322630633609
1528.0	12193.40543981894	-1803.2826597932917
1529.0	12316.281463051966	-1428.296025665003
1530.0	12269.803790754975	-1374.5810974904743
1531.0	12258.56972230885	-1389.7560238870462
1532.0	12251.98682166729	-1360.1108159252992
1533.0	12271.502354333856	-1402.2950535070047
1534.0	12243.556552278138	-1366.4646793004529
1535.0	12288.74893739442	-1423.3725769787345
1536.0	12223.12707119598	-1369.8879728353477
1537.0	12165.652212835505	-1377.939716459466
1538.0	12252.427423128212	-1382.5346609603903
1539.0	12279.000556407032	-1385.3861864966232
1540.0	12261.290647829517	-1372.4875895114246
1541.0	12230.006384029764	-1383.5575593821302
1542.0	12270.489763781565	-1383.3173749915575
1543.0	12197.119304337917	-1374.1760651036911
1544.0	12307.906324518966	-1444.6714579630063
1545.0	12276.641247190722	-1419.2401074432173
1546.0	12200.353586234205	-1394.0012775962057
1547.0	12306.883977797084	-1417.6128390676067
1548.0	12289.033675589963	-1404.9138243328623
1549.0	12291.160922308585	-1436.5340970699415
1550.0	12298.352207863587	-1415.6364952214608
1551.0	12229.679097841678	-1413.080042038904
1552.0	12128.081630525749	-1383.1053739730426
1553.0	12310.698212730538	-1458.0076386007904
1554.0	12325.730892169182	-1438.9173684522605
1555.0	12243.33679396181	-1380.1327591851923
1556.0	12670.169985400215	-1821.8614106515563
1557.0	12637.67820361439	-1817.3847696033547
1558.0	12181.31669603858	-1412.6590784114605
1559.0	12095.99275618481	-1620.392948813547
1560.0	12327.158201758013	-1466.2298251095747
1561.0	12277.717771167401	-1409.4966192960926
1562.0	12280.421331651038	-1447.44987147164
1563.0	12220.383504216385	-1397.0243905895068
1564.0	12258.850549418297	-1399.9911772910336
1565.0	12260.248714869786	-1424.2976303738085
1566.0	12345.661464786337	-1495.0689956086337
1567.0	12301.599288494406	-1437.5297045323796
1568.0	11955.914283493266	-1467.019865230088
1569.0	11992.747030786044	-1669.3957241191185
1570.0	11843.563482410418	-1593.0182982812894
1571.0	12023.46272981536	-1533.3051769696
1572.0	12214.725782259438	-1432.1753463815764
1573.0	12162.782776628648	-1405.1638245037504
1574.0	12068.318742950674	-1456.0955673882056
1575.0	12138.632357488748	-1465.0589993819385
1576.0	12122.950316349112	-1434.2022362020316
1577.0	12302.150637257602	-1486.1305264467007
1578.0	12360.260370140122	-1512.4895848848892
1579.0	12320.858730268155	-1459.081594489281
1580.0	12608.339252137519	-1754.4093038973815
1581.0	12643.80631265021	-1799.337262042189
1582.0	12558.015085826772	-1807.7747217376252
1583.0	12622.73249114353	-1768.656932188627
1584.0	12586.698795364564	-1797.1625693414446
1585.0	12609.064665879609	-1768.4692722409573
1586.0	12564.106288510118	-1712.665605564736
1587.0	12580.362582853602	-1768.8123805428522
1588.0	12593.53517403848	-1740.5538611261402
1589.0	12486.833943259393	-1795.700314883463
1590.0	12578.745496676538	-1726.6752166280194
1591.0	12570.486341273363	-1759.5515938743172
1592.0	12589.837462993077	-1778.479596925269
1593.0	12554.245534928414	-1760.512996878908
1594.0	12565.185360227866	-1726.2910660674663
1595.0	12488.208716698895	-1733.819061941538
1596.0	12524.44734289086	-1732.2483784268445
1597.0	12550.427446267147	-1712.393609859453
1598.0	12410.186807845168	-1781.194969753079
1599.0	12534.516923709167	-1684.8677241864445
1600.0	12511.176445902462	-1703.3178928705054
1601.0	12520.84339577797	-1684.526817127031
1602.0	12461.247831700372	-1614.72175827582
1603.0	12506.100505447741	-1670.5464860910781
1604.0	12416.699577248888	-1704.4253347467222
1605.0	12471.02651679464	-1668.0701593660144
1606.0	12490.415922886868	-1642.855744077737
1607.0	12417.920551898162	-1571.388112652383
1608.0	12475.832126745292	-1628.7534739134787
1609.0	12452.006620864258	-1771.6814175896122
1610.0	12490.741082289125	-1687.5918536659212
1611.0	12451.515830779592	-1649.429951489077
1612.0	12462.131907841516	-1628.4660513111712
1613.0	12389.259079645883	-1542.343710657415
1614.0	12447.375364569132	-1614.1064575821417
1615.0	12375.089162022361	-1527.632393481389
1616.0	12386.380378190059	-1635.7719801335306
1617.0	12432.43282289666	-1585.5555237586943
1618.0	12404.756796370144	-1598.6000315338106
1619.0	12418.778414571025	-1584.7834891316795
1620.0	12403.526838762393	-1556.9369969397274
1621.0	12198.991322595064	-1743.5584635608086
1622.0	12149.026330410377	-1655.8143974082357
1623.0	12368.754304817987	-1751.8566615469836
1624.0	12203.211797267875	-1639.8566191702366
1625.0	12414.204217176242	-1608.2637934850702
1626.0	12389.811975200037	-1556.0533207938151
1627.0	12356.197703817792	-1552.0721677656502
1628.0	12375.57568162598	-1541.3797915954926
1629.0	12346.158184623468	-1541.9017278562008
1630.0	12331.25204099549	-1487.126800671642
1631.0	12360.817609497108	-1526.2847745936344
1632.0	12316.780844689014	-1493.4212817616697
1633.0	12345.655971899903	-1508.9755186768025
1634.0	12017.533320587747	-1618.4695186310275
1635.0	12002.577980291413	-1480.2567094429521
1636.0	12550.047804140797	-1740.8906954674383
1637.0	12539.973666236774	-1785.4255357214045
1638.0	12521.008623120006	-1712.6588060545191
1639.0	12328.959783821274	-1520.621285557607
1640.0	12261.616814415936	-1439.3458743110243
1641.0	12314.494080401235	-1513.0092435794659
1642.0	12374.588724177696	-1571.6316480106682
1643.0	12379.057328432269	-1591.1261403906954
1644.0	12290.388733475209	-1719.7274036400931
1645.0	12328.904757187855	-1539.75230502826
1646.0	12367.819068336115	-1616.7052184111978
1647.0	12354.657850815354	-1568.614414044426
1648.0	12431.550049589621	-1629.5536106922957
1649.0	12394.968999020004	-1589.2077680233072
1650.0	12411.90954497394	-1624.656220229392
1651.0	12377.467900027352	-1718.084561526344
1652.0	12461.241651947605	-1658.7014471804416
1653.0	12414.71873656842	-1672.5619392388455
1654.0	12356.755674102897	-1686.0155537841447
1655.0	12434.80643965894	-1651.1328115638798
1656.0	12459.674513802935	-1738.8456873301145
1657.0	12444.879115855592	-1709.6954370576984
1658.0	12494.76186989787	-1706.7627716744516
1659.0	12469.392531142812	-1685.4978936605914
1660.0	12508.062012474338	-1749.963755509917
1661.0	12540.202672346624	-1731.6136434306734
1662.0	12295.073742822926	-1519.8012916353925
1663.0	12300.316858044875	-1469.91123452607
1664.0	12087.809959966695	-1498.5592690841297
1665.0	12186.393298438523	-1434.7774957474342
1666.0	12287.349447801878	-1502.3360234577524
1667.0	12069.987295477966	-1539.1585160952352
1668.0	11983.036042311714	-1571.2476756498702
1669.0	12124.57861877	-1499.6921739343886
1670.0	12149.951095703187	-1527.6868631223495
1671.0	12307.033692654195	-1554.9641915854743
1672.0	12108.020043571385	-1579.0244449580248
1673.0	12248.67343393091	-1412.2502660107127
1674.0	12247.07105821439	-1449.0116825555315
1675.0	12283.640526739598	-1463.9043532120186
1676.0	12151.2151849933	-1566.4198871348806
1677.0	12249.770065956705	-1580.1932158460756
1678.0	12186.98152140993	-1482.4716254001987
1679.0	12385.933179715224	-1662.0984982714
1680.0	12333.042439311583	-1586.067337110776
1681.0	12169.811768402928	-1461.6257812534086
1682.0	12268.600380712081	-1477.5040834151625
1683.0	12250.83542942197	-1470.7154099192912
1684.0	12287.668381709313	-1542.6252201707478
1685.0	12323.714121198953	-1675.558737964817
1686.0	12341.735052577767	-1614.6636490975206
1687.0	12205.470111073584	-1533.422859093658
1688.0	12307.41511140463	-1579.5040661113433
1689.0	12280.07993035473	-1628.4975375806787
1690.0	12260.630372665495	-1549.1835210128181
1691.0	12270.475522561632	-1499.716461740266
1692.0	12318.998161274592	-1638.4231261488922
1693.0	12230.91557681756	-1484.7394270544692
1694.0	12223.988538601154	-1447.7347157489376
1695.0	12189.710087297137	-1570.7616835679607
1696.0	12246.257923796225	-1656.5397668506919
1697.0	12277.189493750955	-1598.1747895298743
1698.0	12209.614376032128	-1593.8328162164246
1699.0	12251.161808538862	-1523.7400307599762
1700.0	12229.366814084899	-1515.5516695700508
1701.0	12212.82580778724	-1471.1827092615856
1702.0	12181.174587428939	-1513.8995327166895
